Low-band skewness and kurtosis
 -2.166760 6.035413,
 -2.218313 6.739395,
 -1.669815 5.040077,
 -1.114340 3.899601,
 -0.955417 3.398365,

High-band variance
 150.887970,

Skewness, kurtosis, variance, mean, maximum and minimum of the reconstructed texture
 -2.153399 5.783487 6747.064453 221.420044 255.000000 0.000000,

Auto-correlations of the low-frequency bands at each scale
 2327.156494 2991.429688 3484.868896 3696.532471 3570.915283 3170.048828 2607.279541 2990.979736 3826.130615 4537.809570 4855.327148 4599.510742 3950.342041 3188.507080 3483.331543 4532.276367 5556.113770 6027.193359 5587.323730 4594.596680 3585.706543 3700.470215 4845.424805 6021.739258 6563.626953 6021.739258 4845.424805 3700.470215 3585.706543 4594.596680 5587.323730 6027.193359 5556.113770 4532.276367 3483.331543 3188.507080 3950.342041 4599.510742 4855.327148 4537.809570 3826.130615 2990.979736 2607.279541 3170.048828 3570.915283 3696.532471 3484.868896 2991.429688 2327.156494,
 161.844574 357.732605 741.913818 1028.663086 1040.547852 967.545715 964.689819 389.466003 1046.135132 2086.016113 2675.254150 2291.642090 1515.840454 1070.450195 808.185364 2080.876709 3957.721924 4942.916016 4077.813232 2369.513916 1247.392212 1192.795654 2716.196289 4939.126953 6074.721680 4939.126953 2716.196289 1192.795654 1247.392212 2369.513916 4077.813232 4942.916016 3957.721924 2080.876709 808.185364 1070.450195 1515.840454 2291.642090 2675.254150 2086.016113 1046.135132 389.466003 964.689819 967.545715 1040.547852 1028.663086 741.913818 357.732605 161.844574,
 832.835754 481.208527 26.046700 -75.126900 277.275055 673.918579 781.489075 272.508911 -43.429077 80.409058 566.031982 776.237854 720.814209 725.933472 -68.113892 164.355225 1580.845825 2782.185059 2148.340820 787.420288 309.768280 -19.332474 702.793213 2881.035156 4252.864258 2881.035156 702.793213 -19.332474 309.768280 787.420288 2148.340820 2782.185059 1580.845825 164.355225 -68.113892 725.933472 720.814209 776.237854 566.031982 80.409058 -43.429077 272.508911 781.489075 673.918579 277.275055 -75.126900 26.046700 481.208527 832.835754,
 -19.485107 285.450134 297.552094 184.851883 287.463898 442.850769 446.616394 176.507507 324.728546 351.534088 331.584412 347.741302 472.437408 597.505188 283.170105 315.035187 725.711609 1125.542358 913.839539 620.444946 617.688599 454.855804 538.252991 1196.218872 1718.654297 1196.218872 538.252991 454.855804 617.688599 620.444946 913.839539 1125.542358 725.711609 315.035187 283.170105 597.505188 472.437408 347.741302 331.584412 351.534088 324.728546 176.507507 446.616394 442.850769 287.463898 184.851883 297.552094 285.450134 -19.485107,
 -348.515045 -334.915283 -328.738983 -261.060486 -134.944061 -97.612106 -205.025055 -258.911407 -234.938797 -107.286034 91.705719 227.234802 178.915298 -6.090309 -84.657738 36.754776 352.141846 635.147522 625.754211 376.889954 123.984825 83.977348 321.422363 715.583008 927.091309 715.583008 321.422363 83.977348 123.984825 376.889954 625.754211 635.147522 352.141846 36.754776 -84.657738 -6.090309 178.915298 227.234802 91.705719 -107.286034 -234.938797 -258.911407 -205.025055 -97.612106 -134.944061 -261.060486 -328.738983 -334.915283 -348.515045,

Auto-correlations of the modulus of each oriented sub-band
 60.790836 69.904747 78.133179 81.637474 78.690811 71.100487 62.894451 80.338783 94.797295 107.726578 113.301697 108.854752 96.932838 83.422203 99.779831 119.450279 136.901855 144.257996 137.858765 121.185829 102.118454 109.182358 131.055359 150.429825 158.318085 150.429825 131.055359 109.182358 102.118454 121.185829 137.858765 144.257996 136.901855 119.450279 99.779831 83.422203 96.932838 108.854752 113.301697 107.726578 94.797295 80.338783 62.894451 71.100487 78.690811 81.637474 78.133179 69.904747 60.790836,
 90.322357 96.082382 97.663246 93.211441 83.233879 70.193298 56.914539 95.487427 111.359932 122.293404 122.242180 110.438591 91.358421 71.022232 97.090813 121.967278 142.301636 147.681641 134.772644 110.410469 83.924400 93.204758 121.934570 147.535858 158.374939 147.535858 121.934570 93.204758 83.924400 110.410469 134.772644 147.681641 142.301636 121.967278 97.090813 71.022232 91.358421 110.438591 122.242180 122.293404 111.359932 95.487427 56.914539 70.193298 83.233879 93.211441 97.663246 96.082382 90.322357,
 54.387119 74.621765 94.569695 103.589386 95.655800 76.975220 57.827122 64.609917 89.230682 113.736198 124.874611 114.504753 90.856018 66.868660 74.013229 102.361526 130.718140 143.746582 131.100342 103.172577 75.107864 78.162247 107.908524 137.681580 151.416412 137.681580 107.908524 78.162247 75.107864 103.172577 131.100342 143.746582 130.718140 102.361526 74.013229 66.868660 90.856018 114.504753 124.874611 113.736198 89.230682 64.609917 57.827122 76.975220 95.655800 103.589386 94.569695 74.621765 54.387119,
 54.053925 68.130753 81.691566 92.585236 98.819481 99.560059 95.579437 68.896988 90.272202 110.236275 123.156517 124.703011 115.105225 99.616165 82.666122 110.496391 135.878860 149.620346 144.965408 124.807625 99.243546 93.393021 123.392654 149.649200 160.640472 149.649200 123.392654 93.393021 99.243546 124.807625 144.965408 149.620346 135.878860 110.496391 82.666122 99.616165 115.105225 124.703011 123.156517 110.236275 90.272202 68.896988 95.579437 99.560059 98.819481 92.585236 81.691566 68.130753 54.053925,
 110.190460 128.944641 142.281403 148.852203 148.806976 143.943817 136.140442 180.561813 215.727020 242.684998 254.844116 249.546417 230.666626 204.432083 260.151794 315.286987 359.740967 378.685486 364.803406 325.759888 275.617371 301.625397 365.283508 417.248230 438.166992 417.248230 365.283508 301.625397 275.617371 325.759888 364.803406 378.685486 359.740967 315.286987 260.151794 204.432083 230.666626 249.546417 254.844116 242.684998 215.727020 180.561813 136.140442 143.943817 148.806976 148.852203 142.281403 128.944641 110.190460,
 191.527283 209.411972 197.032486 159.661972 115.512436 82.195328 65.297188 214.346268 263.877228 278.599762 246.710480 185.450287 125.691620 85.152115 205.710114 283.268311 339.121826 335.523499 272.181396 189.781342 123.108192 169.429901 253.024445 337.747253 376.291443 337.747253 253.024445 169.429901 123.108192 189.781342 272.181396 335.523499 339.121826 283.268311 205.710114 85.152115 125.691620 185.450287 246.710480 278.599762 263.877228 214.346268 65.297188 82.195328 115.512436 159.661972 197.032486 209.411972 191.527283,
 88.143127 137.801575 200.762772 240.125885 225.669907 173.611694 123.919312 103.030136 170.407104 255.693726 304.706207 275.949585 198.569641 129.024078 117.362793 199.900955 303.746063 359.612488 315.298737 215.472458 130.837418 127.294991 216.883652 327.279510 382.527222 327.279510 216.883652 127.294991 130.837418 215.472458 315.298737 359.612488 303.746063 199.900955 117.362793 129.024078 198.569641 275.949585 304.706207 255.693726 170.407104 103.030136 123.919312 173.611694 225.669907 240.125885 200.762772 137.801575 88.143127,
 35.151100 69.309875 124.123055 188.907379 239.380798 252.671814 227.842133 73.782104 132.986038 212.991821 289.980103 327.250488 307.417114 249.136902 129.353989 213.207428 311.583435 383.965759 386.588074 322.852020 234.906570 189.342102 286.599609 382.120422 424.749023 382.120422 286.599609 189.342102 234.906570 322.852020 386.588074 383.965759 311.583435 213.207428 129.353989 249.136902 307.417114 327.250488 289.980103 212.991821 132.986038 73.782104 227.842133 252.671814 239.380798 188.907379 124.123055 69.309875 35.151100,
 113.661377 121.336105 126.245827 132.318329 140.433624 147.941360 149.690521 128.247162 157.406815 183.197830 198.065506 200.052231 191.917831 175.202728 172.843277 248.261658 327.792969 365.256897 339.978271 277.098328 213.486984 217.508423 317.175659 428.056335 479.725098 428.056335 317.175659 217.508423 213.486984 277.098328 339.978271 365.256897 327.792969 248.261658 172.843277 175.202728 191.917831 200.052231 198.065506 183.197830 157.406815 128.247162 149.690521 147.941360 140.433624 132.318329 126.245827 121.336105 113.661377,
 250.167419 307.933105 327.620728 290.646729 232.006104 196.783508 187.213470 273.523651 386.981445 463.598938 437.863922 339.458862 256.716370 223.545090 280.644043 432.002319 581.682068 604.467834 480.041565 331.342102 249.723755 269.292969 405.804443 591.020508 686.775635 591.020508 405.804443 269.292969 249.723755 331.342102 480.041565 604.467834 581.682068 432.002319 280.644043 223.545090 256.716370 339.458862 437.863922 463.598938 386.981445 273.523651 187.213470 196.783508 232.006104 290.646729 327.620728 307.933105 250.167419,
 134.801086 173.010544 199.113007 184.092682 130.231384 86.158463 81.836578 121.291763 205.899780 304.407532 323.456238 228.505798 119.217957 76.189163 98.885010 214.133270 384.819366 458.029053 333.087006 161.053894 74.377899 81.486153 197.147430 397.022034 516.991455 397.022034 197.147430 81.486153 74.377899 161.053894 333.087006 458.029053 384.819366 214.133270 98.885010 76.189163 119.217957 228.505798 323.456238 304.407532 205.899780 121.291763 81.836578 86.158463 130.231384 184.092682 199.113007 173.010544 134.801086,
 72.267281 67.455154 79.329880 113.083099 147.015686 151.206802 130.066223 68.403442 87.400879 147.077209 227.374466 261.065430 220.843384 156.501648 93.795708 157.648941 276.881378 383.101135 373.591095 267.248840 164.775055 138.115051 240.900024 385.247437 462.358246 385.247437 240.900024 138.115051 164.775055 267.248840 373.591095 383.101135 276.881378 157.648941 93.795708 156.501648 220.843384 261.065430 227.374466 147.077209 87.400879 68.403442 130.066223 151.206802 147.015686 113.083099 79.329880 67.455154 72.267281,
 22.557770 31.967514 31.811272 22.573868 10.932747 3.128902 1.350532 13.232985 14.933186 15.537884 16.209545 20.604801 28.508595 35.145699 5.850788 22.091223 46.519638 67.129326 74.285172 68.551987 55.202637 35.668793 70.461578 108.178162 125.976807 108.178162 70.461578 35.668793 55.202637 68.551987 74.285172 67.129326 46.519638 22.091223 5.850788 35.145699 28.508595 20.604801 16.209545 15.537884 14.933186 13.232985 1.350532 3.128902 10.932747 22.573868 31.811272 31.967514 22.557770,
 19.424265 30.318323 26.175743 15.932575 21.553215 32.507874 34.576889 22.063452 49.379333 73.701805 63.651821 45.854912 44.077942 45.271187 26.147987 58.907948 114.837448 126.532013 83.626541 51.718975 43.608444 34.326366 57.770538 118.090134 160.518326 118.090134 57.770538 34.326366 43.608444 51.718975 83.626541 126.532013 114.837448 58.907948 26.147987 45.271187 44.077942 45.854912 63.651821 73.701805 49.379333 22.063452 34.576889 32.507874 21.553215 15.932575 26.175743 30.318323 19.424265,
 4.956758 5.532747 27.732971 58.529579 59.366295 37.331703 13.005999 10.670151 21.414242 58.065399 99.647896 87.146927 48.730000 20.285080 15.544655 36.815937 88.803108 139.087280 107.144676 53.766438 23.448067 20.828434 49.207634 108.841614 157.272018 108.841614 49.207634 20.828434 23.448067 53.766438 107.144676 139.087280 88.803108 36.815937 15.544655 20.285080 48.730000 87.146927 99.647896 58.065399 21.414242 10.670151 13.005999 37.331703 59.366295 58.529579 27.732971 5.532747 4.956758,
 8.176131 6.613437 9.563808 24.649988 34.671555 22.936157 2.696980 14.801603 12.127675 27.437559 55.842003 58.103699 26.664818 1.945298 16.044592 19.238810 55.331245 96.346237 80.348442 29.793577 5.838384 12.299301 27.225258 80.457947 118.193558 80.457947 27.225258 12.299301 5.838384 29.793577 80.348442 96.346237 55.331245 19.238810 16.044592 1.945298 26.664818 58.103699 55.842003 27.437559 12.127675 14.801603 2.696980 22.936157 34.671555 24.649988 9.563808 6.613437 8.176131,

Pairwise cross-correlations of the modulus of all oriented sub-bands at the same scale (size QxQ)
 158.318100 102.157021 55.227081 105.334274,
 102.157021 158.374954 99.516968 59.816582,
 55.227081 99.516968 151.416397 101.647537,
 105.334274 59.816582 101.647537 160.640472,
 438.166992 319.126160 275.753784 340.820312,
 319.126160 376.291504 284.051453 252.849060,
 275.753784 284.051453 382.527222 312.351746,
 340.820312 252.849060 312.351746 424.749084,
 479.725159 383.425018 238.354218 357.468658,
 383.425018 686.775696 401.413208 306.331055,
 238.354218 401.413208 516.991455 317.265259,
 357.468658 306.331055 317.265259 462.358246,
 125.976814 74.108185 60.514374 68.866577,
 74.108185 160.518341 90.755013 56.837822,
 60.514374 90.755013 157.272018 56.862770,
 68.866577 56.837822 56.862770 118.193565,

Cross-correlations of the modulus of all oriented sub-bands with all oriented sub-bands at the coarser scale (size QxQ)
 223.028641 163.259979 129.065140 175.164383,
 182.139191 207.993103 165.802994 136.543137,
 142.044235 154.611359 205.523315 170.085358,
 184.226227 131.675003 172.733917 223.777649,
 341.318542 363.294098 271.836792 309.325012,
 283.621307 386.303772 289.122375 254.266296,
 243.337219 358.231567 341.812775 291.247681,
 288.770599 313.838715 300.509552 324.862152,
 132.012344 126.036530 114.442879 106.502045,
 135.769135 211.805359 156.434967 139.324020,
 88.610168 128.446960 121.484482 108.225548,
 111.095871 91.418861 100.560684 101.806915,

Cross-correlations of the real part of each oriented sub-band with both the real and imaginary part of all phase-doubled oriented sub-bands at the next coarser scale (Q matrices of size 1x2Q, which are computed and stored in a matrix of size Qx2Q)
 92.285477 30.507460 3.803077 45.773930 -0.777704 1.238209 0.361262 -0.931626,
 34.168560 74.754478 37.791721 4.220210 -1.370393 4.957864 1.367107 -0.877764,
 3.843119 36.696342 89.038300 38.673542 -0.165255 2.348952 -3.069186 -2.820430,
 46.144157 3.529632 40.798458 95.670227 0.506900 0.062613 -2.798795 -2.255805,
 -178.119110 -68.184319 -11.465098 -98.933281 -4.244080 1.182007 0.891882 -7.192064,
 -71.134773 -175.119736 -118.298683 -13.322751 -5.003806 11.182895 -1.607038 -0.959231,
 -10.612374 -103.682236 -249.594345 -101.187332 1.657309 2.849588 -11.083011 0.809853,
 -93.961075 -15.213567 -104.432838 -218.255539 2.735423 0.676187 -3.949294 -3.937955,
 -74.070160 -73.215431 -11.425987 -20.469845 -8.535667 -1.151555 -2.632853 -13.161457,
 -61.488888 -162.363831 -53.662552 1.037280 -5.679278 11.916445 17.319426 2.349318,
 -9.608921 -63.082245 -53.225677 -24.301521 2.050602 18.340900 25.569075 -8.635159,
 -21.203775 -2.575313 -17.717224 -61.749092 -2.878145 2.611784 -1.598990 -35.499794,
