Low-band skewness and kurtosis
 -2.150889 5.955798,
 -2.195175 6.587955,
 -1.711775 5.034232,
 -1.674896 6.019649,
 -1.364209 4.441673,

High-band variance
 150.447281,

Skewness, kurtosis, variance, mean, maximum and minimum of the reconstructed texture
 -2.138628 5.717392 6804.752441 221.134399 255.000000 0.000000,

Auto-correlations of the low-frequency bands at each scale
 2545.419922 3139.493164 3615.061523 3872.963623 3845.659668 3554.745117 3068.780273 3151.538818 3915.487061 4606.334961 4968.082031 4808.545898 4261.603027 3562.069580 3631.287109 4616.184082 5608.000488 6099.882324 5730.872559 4819.759277 3863.099609 3891.289307 4982.097168 6104.416016 6622.091309 6104.416016 4982.097168 3891.289307 3863.099609 4819.759277 5730.872559 6099.882324 5608.000488 4616.184082 3631.287109 3562.069580 4261.603027 4808.545898 4968.082031 4606.334961 3915.487061 3151.538818 3068.780273 3554.745117 3845.659668 3872.963623 3615.061523 3139.493164 2545.419922,
 798.094055 897.820679 1181.933350 1514.178223 1652.155518 1582.417603 1488.026123 909.147278 1412.399414 2308.641357 2958.787109 2782.791260 2088.189941 1564.767822 1227.243164 2332.022461 4057.116943 5060.731445 4365.503906 2765.360352 1629.419922 1540.696167 2969.647461 5064.449219 6129.745117 5064.449219 2969.647461 1540.696167 1629.419922 2765.360352 4365.503906 5060.731445 4057.116943 2332.022461 1227.243164 1564.767822 2088.189941 2782.791260 2958.787109 2308.641357 1412.399414 909.147278 1488.026123 1582.417603 1652.155518 1514.178223 1181.933350 897.820679 798.094055,
 701.038330 643.058105 468.497040 652.607605 1044.950928 1163.973999 879.240723 905.150146 618.194702 689.555481 1197.997437 1391.688232 1138.153687 739.919434 834.217041 818.407471 1968.888306 3105.804443 2550.034180 1285.213623 714.975708 771.359741 1241.614502 3108.378418 4367.492188 3108.378418 1241.614502 771.359741 714.975708 1285.213623 2550.034180 3105.804443 1968.888306 818.407471 834.217041 739.919434 1138.153687 1391.688232 1197.997437 689.555481 618.194702 905.150146 879.240723 1163.973999 1044.950928 652.607605 468.497040 643.058105 701.038330,
 52.358887 -10.917908 258.199738 597.321655 709.853882 642.860779 445.042480 202.799347 47.120361 409.267700 904.463867 970.580444 747.741821 549.630737 474.141083 441.988525 1108.011108 1714.883545 1388.849731 698.417603 449.381378 500.170258 721.561584 1674.679199 2306.192383 1674.679199 721.561584 500.170258 449.381378 698.417603 1388.849731 1714.883545 1108.011108 441.988525 474.141083 549.630737 747.741821 970.580444 904.463867 409.267700 47.120361 202.799347 445.042480 642.860779 709.853882 597.321655 258.199738 -10.917908 52.358887,
 -549.948486 -524.794556 -396.209595 -231.261841 -157.846741 -247.390015 -369.351288 -414.387817 -327.832886 -87.272766 204.708603 250.597565 29.663193 -206.939102 -24.171261 176.338379 573.937744 931.790894 824.216309 419.773071 99.373444 238.636536 549.684692 1042.110840 1332.542480 1042.110840 549.684692 238.636536 99.373444 419.773071 824.216309 931.790894 573.937744 176.338379 -24.171261 -206.939102 29.663193 250.597565 204.708603 -87.272766 -327.832886 -414.387817 -369.351288 -247.390015 -157.846741 -231.261841 -396.209595 -524.794556 -549.948486,

Auto-correlations of the modulus of each oriented sub-band
 58.499676 66.380737 74.080376 77.925102 76.105919 69.909042 62.545338 78.540031 91.057739 102.789223 107.987976 103.926964 92.777878 79.824409 98.129295 116.043724 132.422546 139.285080 132.904877 116.647469 98.182808 106.528839 127.352386 146.200836 153.939362 146.200836 127.352386 106.528839 98.182808 116.647469 132.904877 139.285080 132.422546 116.043724 98.129295 79.824409 92.777878 103.926964 107.987976 102.789223 91.057739 78.540031 62.545338 69.909042 76.105919 77.925102 74.080376 66.380737 58.499676,
 104.204529 109.557266 111.258865 107.522301 98.233963 84.953812 70.349091 109.253601 125.858055 137.575378 138.260437 126.717163 106.684013 84.053604 110.353195 136.950928 158.717957 164.859467 151.804596 126.008080 96.849136 106.160332 137.300125 164.540741 175.943619 164.540741 137.300125 106.160332 96.849136 126.008080 151.804596 164.859467 158.717957 136.950928 110.353195 84.053604 106.684013 126.717163 138.260437 137.575378 125.858055 109.253601 70.349091 84.953812 98.233963 107.522301 111.258865 109.557266 104.204529,
 63.416794 82.379074 101.305748 110.273941 103.439003 86.506058 68.792542 73.023666 96.426460 120.172714 131.304916 121.602829 99.089897 76.214737 81.764404 109.190994 137.234421 150.374405 137.904922 110.446854 83.192627 85.687317 114.709854 144.358337 158.218704 144.358337 114.709854 85.687317 83.192627 110.446854 137.904922 150.374405 137.234421 109.190994 81.764404 76.214737 99.089897 121.602829 131.304916 120.172714 96.426460 73.023666 68.792542 86.506058 103.439003 110.273941 101.305748 82.379074 63.416794,
 56.649773 70.217133 82.606262 91.883545 96.394897 95.967072 92.208672 69.967804 90.240089 108.729462 120.092644 120.317261 110.390617 96.230835 82.651054 108.688751 132.536804 145.126465 139.974548 120.474579 96.955635 92.343079 120.174026 145.130585 155.654556 145.130585 120.174026 92.343079 96.955635 120.474579 139.974548 145.126465 132.536804 108.688751 82.651054 96.230835 110.390617 120.317261 120.092644 108.729462 90.240089 69.967804 92.208672 95.967072 96.394897 91.883545 82.606262 70.217133 56.649773,
 129.809402 146.049088 161.388092 173.562714 179.490173 177.348312 168.038376 179.045349 208.704193 235.329773 252.189529 253.186249 238.321808 213.610046 243.182190 291.006317 332.938354 354.142334 343.846375 308.172638 262.476654 280.060883 337.016876 385.887512 406.461487 385.887512 337.016876 280.060883 262.476654 308.172638 343.846375 354.142334 332.938354 291.006317 243.182190 213.610046 238.321808 253.186249 252.189529 235.329773 208.704193 179.045349 168.038376 177.348312 179.490173 173.562714 161.388092 146.049088 129.809402,
 217.714966 248.981720 253.221497 230.697540 196.035400 167.440613 153.476257 244.846603 302.404694 331.201263 312.163391 256.682037 198.314407 160.842728 244.072113 325.558472 391.355469 397.166565 335.399170 250.208374 184.071899 217.898773 303.275909 394.054077 436.253601 394.054077 303.275909 217.898773 184.071899 250.208374 335.399170 397.166565 391.355469 325.558472 244.072113 160.842728 198.314407 256.682037 312.163391 331.201263 302.404694 244.846603 153.476257 167.440613 196.035400 230.697540 253.221497 248.981720 217.714966,
 107.044464 172.422668 249.879089 286.073883 256.904816 194.509277 143.142609 121.740593 201.391449 297.708679 342.374146 299.624084 214.792694 147.031570 134.918808 225.272095 337.666443 391.750397 336.999207 231.185242 147.996658 144.199249 236.254669 353.168732 412.600464 353.168732 236.254669 144.199249 147.996658 231.185242 336.999207 391.750397 337.666443 225.272095 134.918808 147.031570 214.792694 299.624084 342.374146 297.708679 201.391449 121.740593 143.142609 194.509277 256.904816 286.073883 249.879089 172.422668 107.044464,
 69.268044 97.553322 142.006851 192.619141 231.254227 242.408325 224.049652 93.370255 144.035568 212.863785 277.893311 309.325562 294.136292 244.943832 135.378799 211.136932 299.545715 363.756073 366.538513 310.838043 231.405930 188.141724 277.835754 364.258850 402.496796 364.258850 277.835754 188.141724 231.405930 310.838043 366.538513 363.756073 299.545715 211.136932 135.378799 244.943832 294.136292 309.325562 277.893311 212.863785 144.035568 93.370255 224.049652 242.408325 231.254227 192.619141 142.006851 97.553322 69.268044,
 51.843143 65.537933 78.956604 92.478363 103.147354 107.091003 105.715500 116.255112 146.290237 168.653564 174.030060 163.708801 144.699051 125.804947 187.490723 256.211090 318.892700 335.502075 295.477600 228.226532 168.129150 210.580429 301.046173 396.748413 441.010254 396.748413 301.046173 210.580429 168.129150 228.226532 295.477600 335.502075 318.892700 256.211090 187.490723 125.804947 144.699051 163.708801 174.030060 168.653564 146.290237 116.255112 105.715500 107.091003 103.147354 92.478363 78.956604 65.537933 51.843143,
 168.447021 201.017334 218.042099 214.561279 200.563126 180.680695 159.162659 246.779709 320.593262 367.167908 346.378021 284.099548 226.980225 190.061295 285.517151 397.653076 506.641846 514.843262 416.628052 302.376953 232.898666 272.771606 380.311493 525.383545 599.503662 525.383545 380.311493 272.771606 232.898666 302.376953 416.628052 514.843262 506.641846 397.653076 285.517151 190.061295 226.980225 284.099548 346.378021 367.167908 320.593262 246.779709 159.162659 180.680695 200.563126 214.561279 218.042099 201.017334 168.447021,
 80.256233 110.488556 161.542480 207.652008 204.279388 173.756348 139.983368 108.083290 153.350204 243.581879 317.194977 288.330109 212.065170 149.274155 132.824524 200.316254 332.808289 429.328735 362.063782 236.680511 154.600922 149.645523 233.127899 382.568787 479.764130 382.568787 233.127899 149.645523 154.600922 236.680511 362.063782 429.328735 332.808289 200.316254 132.824524 149.274155 212.065170 288.330109 317.194977 243.581879 153.350204 108.083290 139.983368 173.756348 204.279388 207.652008 161.542480 110.488556 80.256233,
 26.883244 43.530548 77.436195 125.649353 157.437683 154.773773 138.431900 50.289570 74.873711 142.004135 223.286743 247.952194 202.930115 153.015854 79.729942 129.193726 241.164566 342.257202 326.694550 225.399963 147.069031 116.263611 193.643311 326.581116 402.286865 326.581116 193.643311 116.263611 147.069031 225.399963 326.694550 342.257202 241.164566 129.193726 79.729942 153.015854 202.930115 247.952194 223.286743 142.004135 74.873711 50.289570 138.431900 154.773773 157.437683 125.649353 77.436195 43.530548 26.883244,
 46.913002 50.850323 46.762878 36.117035 23.049210 10.481808 -0.172415 71.688065 86.834061 93.688438 85.883850 68.746773 51.175709 37.355270 86.508842 122.196320 157.186890 164.274780 138.598999 101.419586 72.849648 90.950432 133.714233 185.522858 210.610458 185.522858 133.714233 90.950432 72.849648 101.419586 138.598999 164.274780 157.186890 122.196320 86.508842 37.355270 51.175709 68.746773 85.883850 93.688438 86.834061 71.688065 -0.172415 10.481808 23.049210 36.117035 46.762878 50.850323 46.913002,
 24.302088 23.002451 20.389341 19.389059 15.860952 14.026365 17.921450 49.080780 61.671833 73.269638 73.870209 63.209198 54.487598 54.871353 71.255630 101.748299 142.317642 154.374634 126.944992 95.953957 82.079422 85.482750 115.966812 168.176514 199.907333 168.176514 115.966812 85.482750 82.079422 95.953957 126.944992 154.374634 142.317642 101.748299 71.255630 54.871353 54.487598 63.209198 73.870209 73.269638 61.671833 49.080780 17.921450 14.026365 15.860952 19.389059 20.389341 23.002451 24.302088,
 9.278337 29.237568 42.606514 35.095207 25.112329 16.487896 4.542160 12.189476 39.750103 81.013916 83.105614 54.579712 35.667622 20.782429 19.316200 46.139576 108.560883 132.925461 87.206635 46.092098 29.374912 27.361389 48.657394 110.139404 155.436218 110.139404 48.657394 27.361389 29.374912 46.092098 87.206635 132.925461 108.560883 46.139576 19.316200 20.782429 35.667622 54.579712 83.105614 81.013916 39.750103 12.189476 4.542160 16.487896 25.112329 35.095207 42.606514 29.237568 9.278337,
 -5.428194 14.081917 27.296129 25.965099 17.978422 14.603504 17.112089 1.299974 5.682468 10.449629 23.582417 40.285164 46.702011 38.521416 -13.473515 -4.488888 29.154116 74.972443 92.133453 66.253586 26.269444 -7.918239 29.722778 87.376236 119.323013 87.376236 29.722778 -7.918239 26.269444 66.253586 92.133453 74.972443 29.154116 -4.488888 -13.473515 38.521416 46.702011 40.285164 23.582417 10.449629 5.682468 1.299974 17.112089 14.603504 17.978422 25.965099 27.296129 14.081917 -5.428194,

Pairwise cross-correlations of the modulus of all oriented sub-bands at the same scale (size QxQ)
 153.939392 108.263100 61.998615 103.406563,
 108.263100 175.943634 114.590836 69.755089,
 61.998615 114.590836 158.218735 107.113884,
 103.406563 69.755089 107.113884 155.654556,
 406.461517 328.678406 289.716766 332.176086,
 328.678406 436.253601 329.076416 276.304169,
 289.716766 329.076416 412.600464 326.775726,
 332.176086 276.304169 326.775726 402.496796,
 441.010223 388.980652 271.508179 291.026978,
 388.980652 599.503662 384.985596 297.764191,
 271.508179 384.985596 479.764191 322.550751,
 291.026978 297.764191 322.550751 402.286865,
 210.610474 145.624680 72.311127 86.027512,
 145.624680 199.907318 62.598843 72.666931,
 72.311127 62.598843 155.436234 76.638008,
 86.027512 72.666931 76.638008 119.323013,

Cross-correlations of the modulus of all oriented sub-bands with all oriented sub-bands at the coarser scale (size QxQ)
 213.141525 177.751785 139.361969 170.897308,
 185.335617 239.020050 188.841019 146.464905,
 144.939499 183.986450 217.579422 171.443466,
 182.902618 149.753403 181.611237 212.793823,
 320.693573 370.124268 268.511261 287.035950,
 305.571198 398.913635 291.015625 240.040817,
 265.205353 344.367371 322.472931 289.979767,
 292.568451 314.731476 293.518372 301.799988,
 137.706573 134.931305 86.003342 107.480148,
 197.864044 171.725861 147.686783 135.521042,
 136.011047 133.780807 162.263290 127.777550,
 96.584541 83.034668 104.669182 115.218033,

Cross-correlations of the real part of each oriented sub-band with both the real and imaginary part of all phase-doubled oriented sub-bands at the next coarser scale (Q matrices of size 1x2Q, which are computed and stored in a matrix of size Qx2Q)
 82.521950 41.654114 3.869866 31.064182 1.050936 1.919758 0.155120 1.826328,
 40.139137 99.175987 44.868443 2.618288 3.148129 0.504366 -0.753727 -0.001539,
 3.648960 45.129662 90.724663 32.625751 0.334203 -1.090566 -1.570446 1.101905,
 33.577950 3.964306 35.212902 73.249062 -1.605976 -0.061662 0.385062 2.677198,
 -130.939117 -76.119568 -8.340014 -59.734028 -22.781729 6.720885 -1.576936 4.189116,
 -60.564754 -170.051941 -81.507858 -4.917592 -4.881856 30.184181 -2.416372 -1.070145,
 -7.365835 -75.266762 -162.749100 -53.504677 1.528373 13.809456 -16.628714 9.294690,
 -59.718010 -7.465866 -60.352100 -132.158661 -9.625436 -1.307628 -6.925488 17.875685,
 -68.707550 -29.188148 -4.114871 -22.453897 10.893405 61.255440 -0.517966 11.575733,
 -18.201059 -90.267212 -55.043560 -5.982549 42.519398 38.749340 -14.691843 -2.517902,
 -0.276237 -61.075005 -111.813133 -41.058712 5.643505 -18.404816 -21.680431 -10.797132,
 -31.431572 -9.928814 -43.143440 -60.258659 -12.328953 2.855830 -5.536239 4.939116,
