Low-band skewness and kurtosis
 -2.116031 5.831820,
 -2.180189 6.625024,
 -1.559674 4.749022,
 -1.192861 4.068160,
 -0.667393 2.712268,

High-band variance
 161.220505,

Skewness, kurtosis, variance, mean, maximum and minimum of the reconstructed texture
 -2.102113 5.570788 6883.114258 220.384888 255.000000 0.000000,

Auto-correlations of the low-frequency bands at each scale
 2242.896973 2892.472656 3364.211670 3543.953857 3382.230225 2951.277344 2354.819824 2902.639893 3763.844482 4496.540039 4808.304688 4520.766602 3826.216553 3000.544678 3383.870605 4506.476074 5601.297363 6096.852539 5618.480957 4545.233887 3437.983887 3578.896729 4829.431641 6103.497559 6686.833984 6103.497559 4829.431641 3578.896729 3437.983887 4545.233887 5618.480957 6096.852539 5601.297363 4506.476074 3383.870605 3000.544678 3826.216553 4520.766602 4808.304688 4496.540039 3763.844482 2902.639893 2354.819824 2951.277344 3382.230225 3543.953857 3364.211670 2892.472656 2242.896973,
 418.884949 495.765564 709.737793 848.805786 733.684692 522.164612 415.976257 455.671631 1001.243958 1948.181152 2465.727051 2008.155273 1135.763916 634.583374 693.142822 1958.298828 3903.217773 4909.960449 3955.080078 2082.887695 867.250977 905.161987 2522.245117 4932.052246 6156.529785 4932.052246 2522.245117 905.161987 867.250977 2082.887695 3955.080078 4909.960449 3903.217773 1958.298828 693.142822 634.583374 1135.763916 2008.155273 2465.727051 1948.181152 1001.243958 455.671631 415.976257 522.164612 733.684692 848.805786 709.737793 495.765564 418.884949,
 529.032043 493.214447 500.813354 530.140686 560.780640 567.462891 548.871765 248.973648 180.610413 428.652252 670.909546 428.931183 150.194305 217.345993 25.628860 330.190826 1661.902100 2618.152832 1717.909668 413.738251 154.102951 113.837799 691.659790 2711.155762 4066.785400 2711.155762 691.659790 113.837799 154.102951 413.738251 1717.909668 2618.152832 1661.902100 330.190826 25.628860 217.345993 150.194305 428.931183 670.909546 428.652252 180.610413 248.973648 548.871765 567.462891 560.780640 530.140686 500.813354 493.214447 529.032043,
 177.838028 39.228966 96.776039 391.283081 351.612457 1.282043 -71.789841 199.262573 91.700409 279.061127 657.394897 551.399780 212.292999 230.958984 283.620605 194.162308 721.243958 1270.262695 843.366028 276.194305 402.772217 382.200867 263.732361 1016.636108 1667.071289 1016.636108 263.732361 382.200867 402.772217 276.194305 843.366028 1270.262695 721.243958 194.162308 283.620605 230.958984 212.292999 551.399780 657.394897 279.061127 91.700409 199.262573 -71.789841 1.282043 351.612457 391.283081 96.776039 39.228966 177.838028,
 -288.018921 -197.779907 -177.796509 -144.937836 -145.062958 -205.732635 -329.465210 -112.209381 -34.292065 51.384933 138.973984 62.396652 -91.991959 -200.496460 84.113449 185.056580 408.813049 585.803101 419.264465 150.343842 28.152599 157.241196 296.397400 619.443970 839.909485 619.443970 296.397400 157.241196 28.152599 150.343842 419.264465 585.803101 408.813049 185.056580 84.113449 -200.496460 -91.991959 62.396652 138.973984 51.384933 -34.292065 -112.209381 -329.465210 -205.732635 -145.062958 -144.937836 -177.796509 -197.779907 -288.018921,

Auto-correlations of the modulus of each oriented sub-band
 58.972206 68.347702 77.247154 81.223808 78.256874 70.191895 61.247246 82.973518 97.393898 110.498024 116.015419 111.103767 98.387566 83.951408 104.613701 124.192955 141.570129 148.648483 141.748474 124.433678 104.705482 113.572868 135.669098 155.224579 163.156006 155.224579 135.669098 113.572868 104.705482 124.433678 141.748474 148.648483 141.570129 124.192955 104.613701 83.951408 98.387566 111.103767 116.015419 110.498024 97.393898 82.973518 61.247246 70.191895 78.256874 81.223808 77.247154 68.347702 58.972206,
 100.346786 105.750412 106.757843 101.932709 91.280853 76.460129 60.161335 106.368698 123.038544 134.050751 134.145218 122.060516 101.052658 76.793289 107.916100 135.023895 156.167435 161.911377 148.960953 122.774437 92.072090 103.098892 135.387726 162.421265 173.442581 162.421265 135.387726 103.098892 92.072090 122.774437 148.960953 161.911377 156.167435 135.023895 107.916100 76.793289 101.052658 122.060516 134.145218 134.050751 123.038544 106.368698 60.161335 76.460129 91.280853 101.932709 106.757843 105.750412 100.346786,
 60.344154 82.953636 104.063644 113.221985 104.918030 85.358330 64.330116 68.979042 96.752686 123.187302 134.743759 123.564240 98.147629 71.540886 77.134888 109.276054 140.390274 154.324203 140.489426 109.880058 78.363281 80.845383 114.519882 147.393463 162.394135 147.393463 114.519882 80.845383 78.363281 109.880058 140.489426 154.324203 140.390274 109.276054 77.134888 71.540886 98.147629 123.564240 134.743759 123.187302 96.752686 68.979042 64.330116 85.358330 104.918030 113.221985 104.063644 82.953636 60.344154,
 56.820900 72.805634 87.589607 98.275970 102.993828 101.658707 95.916100 73.568779 97.575226 118.750374 131.187134 131.103729 119.492340 102.068962 88.925568 119.687828 146.369705 159.826050 153.956161 131.991714 104.035812 99.711731 132.543396 160.352692 171.743622 160.352692 132.543396 99.711731 104.035812 131.991714 153.956161 159.826050 146.369705 119.687828 88.925568 102.068962 119.492340 131.103729 131.187134 118.750374 97.575226 73.568779 95.916100 101.658707 102.993828 98.275970 87.589607 72.805634 56.820900,
 125.057785 134.130615 140.760864 142.968231 138.444824 128.112793 115.367264 192.552582 219.383636 240.411743 248.632751 239.845764 218.151642 191.154541 271.955048 323.170654 365.539368 382.192444 364.214172 321.961121 272.145294 308.513062 371.905151 426.671997 449.790833 426.671997 371.905151 308.513062 272.145294 321.961121 364.214172 382.192444 365.539368 323.170654 271.955048 191.154541 218.151642 239.845764 248.632751 240.411743 219.383636 192.552582 115.367264 128.112793 138.444824 142.968231 140.760864 134.130615 125.057785,
 233.976379 259.397827 243.335663 195.338379 139.151886 99.499146 83.498344 255.255020 321.835815 340.398743 299.335449 219.805420 142.476501 95.067337 235.862427 339.338562 411.138611 406.348175 325.005066 216.719360 130.377625 185.257614 296.424652 406.455994 455.364075 406.455994 296.424652 185.257614 130.377625 216.719360 325.005066 406.348175 411.138611 339.338562 235.862427 95.067337 142.476501 219.805420 299.335449 340.398743 321.835815 255.255020 83.498344 99.499146 139.151886 195.338379 243.335663 259.397827 233.976379,
 106.429611 178.877106 259.442810 298.808838 268.160706 195.136169 124.460632 113.889778 205.197296 309.569702 358.749786 311.578857 212.214874 124.983681 118.663002 224.567505 350.212646 410.402039 349.143616 226.297821 124.056343 121.995323 231.974777 365.555908 432.032043 365.555908 231.974777 121.995323 124.056343 226.297821 349.143616 410.402039 350.212646 224.567505 118.663002 124.983681 212.214874 311.578857 358.749786 309.569702 205.197296 113.889778 124.460632 195.136169 268.160706 298.808838 259.442810 178.877106 106.429611,
 70.948990 99.155502 147.801636 202.711441 241.066711 246.895615 219.276566 91.532684 145.057419 223.046539 296.349792 328.889435 307.323547 247.493744 132.671341 217.218201 320.696594 395.457214 397.105042 329.952209 236.768509 189.305573 292.724976 395.538727 441.218292 395.538727 292.724976 189.305573 236.768509 329.952209 397.105042 395.457214 320.696594 217.218201 132.671341 247.493744 307.323547 328.889435 296.349792 223.046539 145.057419 91.532684 219.276566 246.895615 241.066711 202.711441 147.801636 99.155502 70.948990,
 75.189545 89.053993 101.867645 110.215431 111.166031 101.911659 84.143372 84.609108 108.935814 136.147766 151.508438 145.057190 122.765434 97.861336 125.370636 192.244461 269.310455 310.068542 283.188751 214.648727 149.579987 169.044922 265.052277 373.807800 426.052399 373.807800 265.052277 169.044922 149.579987 214.648727 283.188751 310.068542 269.310455 192.244461 125.370636 97.861336 122.765434 145.057190 151.508438 136.147766 108.935814 84.609108 84.143372 101.911659 111.166031 110.215431 101.867645 89.053993 75.189545,
 112.814621 142.131104 139.850204 113.551666 89.464966 78.855118 78.377029 135.060898 221.862091 262.490479 216.242798 135.286560 80.005821 63.081150 127.282997 257.100800 381.969971 378.709900 252.164917 127.567451 66.776176 95.327980 209.342743 377.373108 470.009338 377.373108 209.342743 95.327980 66.776176 127.567451 252.164917 378.709900 381.969971 257.100800 127.282997 63.081150 80.005821 135.286560 216.242798 262.490479 221.862091 135.060898 78.377029 78.855118 89.464966 113.551666 139.850204 142.131104 112.814621,
 70.219345 101.265839 190.672882 275.812347 252.136688 165.807892 102.055710 73.575409 133.342590 273.200592 384.713562 326.060150 185.103149 97.125992 77.556374 168.831406 361.040955 495.353271 392.912170 198.532730 91.014305 83.889214 194.242218 410.707458 545.304016 410.707458 194.242218 83.889214 91.014305 198.532730 392.912170 495.353271 361.040955 168.831406 77.556374 97.125992 185.103149 326.060150 384.713562 273.200592 133.342590 73.575409 102.055710 165.807892 252.136688 275.812347 190.672882 101.265839 70.219345,
 86.662285 97.461746 120.341461 160.761719 183.037567 159.748215 118.928383 108.271027 128.783142 187.348282 266.764526 284.784271 216.888672 141.868484 123.464981 178.781799 301.108002 415.259827 390.716644 258.016327 153.312424 142.249847 239.201126 402.238190 496.022644 402.238190 239.201126 142.249847 153.312424 258.016327 390.716644 415.259827 301.108002 178.781799 123.464981 141.868484 216.888672 284.784271 266.764526 187.348282 128.783142 108.271027 118.928383 159.748215 183.037567 160.761719 120.341461 97.461746 86.662285,
 1.818623 28.377594 60.592571 89.424698 106.777573 107.487335 90.169220 40.728008 74.942986 111.930809 139.181778 148.393295 138.743027 112.824692 79.878593 128.254318 175.220413 200.311523 193.025558 161.154251 118.629738 108.147461 164.222595 215.517365 237.732361 215.517365 164.222595 108.147461 118.629738 161.154251 193.025558 200.311523 175.220413 128.254318 79.878593 112.824692 138.743027 148.393295 139.181778 111.930809 74.942986 40.728008 90.169220 107.487335 106.777573 89.424698 60.592571 28.377594 1.818623,
 -0.185679 12.513293 31.036192 40.919350 35.182388 17.301317 0.538095 2.289652 19.948206 48.492134 59.826157 46.191116 22.651953 3.695014 12.838686 37.895817 81.016235 98.283356 71.041443 34.183712 13.206202 18.844065 45.547234 95.163345 124.876587 95.163345 45.547234 18.844065 13.206202 34.183712 71.041443 98.283356 81.016235 37.895817 12.838686 3.695014 22.651953 46.191116 59.826157 48.492134 19.948206 2.289652 0.538095 17.301317 35.182388 40.919350 31.036192 12.513293 -0.185679,
 14.776461 13.923540 14.958735 12.378315 0.384050 4.387113 3.993242 21.395365 26.672590 33.232346 34.237461 10.933329 5.778421 3.156849 16.552284 30.926373 53.861744 69.888382 34.888546 11.954368 1.739013 6.736319 23.131035 55.645401 89.249542 55.645401 23.131035 6.736319 1.739013 11.954368 34.888546 69.888382 53.861744 30.926373 16.552284 3.156849 5.778421 10.933329 34.237461 33.232346 26.672590 21.395365 3.993242 4.387113 0.384050 12.378315 14.958735 13.923540 14.776461,
 0.214032 -3.886049 -0.328759 6.756745 5.567080 -1.533148 -5.473350 2.096920 4.914629 15.243584 26.217287 23.824257 13.588402 8.395773 19.087559 30.924789 54.458248 75.413734 69.525864 46.893524 30.629993 34.827377 55.637272 90.064758 110.661270 90.064758 55.637272 34.827377 30.629993 46.893524 69.525864 75.413734 54.458248 30.924789 19.087559 8.395773 13.588402 23.824257 26.217287 15.243584 4.914629 2.096920 -5.473350 -1.533148 5.567080 6.756745 -0.328759 -3.886049 0.214032,

Pairwise cross-correlations of the modulus of all oriented sub-bands at the same scale (size QxQ)
 163.156036 106.943298 53.566105 109.313301,
 106.943298 173.442596 108.631233 59.793159,
 53.566105 108.631233 162.394135 105.299286,
 109.313301 59.793159 105.299286 171.743652,
 449.790833 331.091644 290.615936 352.221313,
 331.091644 455.364044 339.105286 280.883026,
 290.615936 339.105286 432.032074 341.321899,
 352.221313 280.883026 341.321899 441.218353,
 426.052399 331.992523 297.210388 322.310852,
 331.992523 470.009369 371.267212 299.108459,
 297.210388 371.267212 545.304077 378.530548,
 322.310852 299.108459 378.530548 496.022675,
 237.732346 111.187340 18.933100 82.897552,
 111.187340 124.876572 39.220905 36.717735,
 18.933100 39.220905 89.249542 48.870399,
 82.897552 36.717735 48.870399 110.661270,

Cross-correlations of the modulus of all oriented sub-bands with all oriented sub-bands at the coarser scale (size QxQ)
 231.488632 178.008957 138.251938 184.754501,
 186.665131 240.467377 186.479507 144.481354,
 140.437637 179.482468 223.886368 175.773056,
 192.006134 138.248550 185.189636 235.213074,
 305.169373 296.497711 272.576447 302.018097,
 288.571472 357.068512 327.510468 287.800476,
 256.662292 310.004089 353.824738 303.244110,
 285.149017 275.111023 334.727081 336.578461,
 134.633041 89.167351 39.407734 79.104874,
 144.509262 111.743858 47.202164 78.970535,
 175.446198 131.361359 56.551685 100.668686,
 132.561661 89.572235 72.575615 115.575821,

Cross-correlations of the real part of each oriented sub-band with both the real and imaginary part of all phase-doubled oriented sub-bands at the next coarser scale (Q matrices of size 1x2Q, which are computed and stored in a matrix of size Qx2Q)
 105.591400 45.405140 4.219924 45.412846 -1.508608 -0.173217 0.700129 0.811685,
 46.091877 106.124420 44.697697 3.571025 -0.643371 1.930670 1.499968 -0.985387,
 4.070061 46.164730 95.649582 40.342056 -0.161743 1.880117 -0.982466 -1.136682,
 45.128780 3.978805 39.864468 99.553665 -1.773142 0.433872 -0.473439 2.210007,
 -192.164001 -95.327209 -9.450010 -70.876175 -5.231411 4.375166 -1.706995 -6.291142,
 -102.295586 -206.530029 -80.098976 -6.692211 4.879312 9.845445 -0.017840 -1.964790,
 -8.361774 -97.074699 -172.009552 -80.447655 3.340883 9.104990 -13.322588 -22.216604,
 -68.699379 -11.080103 -78.420609 -176.553085 -5.127901 0.876595 -15.322448 -32.923180,
 -20.141642 -23.851753 -8.179413 -32.631901 12.637945 -15.016186 -2.305743 -19.452930,
 -22.066658 -69.461754 -33.997215 -2.054111 -11.880222 -23.652514 -1.216107 1.766312,
 -6.770550 -36.252266 -55.344696 -36.823318 -3.052702 -6.528201 -17.425007 -14.362502,
 -12.468060 -1.286678 -29.441025 -81.863327 11.999905 0.308197 -19.172340 -47.293961,
