Low-band skewness and kurtosis
 -2.262510 6.446581,
 -2.322997 7.177722,
 -1.759051 5.086827,
 -1.663217 5.279489,
 -1.576054 4.698876,

High-band variance
 133.321915,

Skewness, kurtosis, variance, mean, maximum and minimum of the reconstructed texture
 -2.249652 6.204310 6480.734375 223.216919 255.000000 0.000000,

Auto-correlations of the low-frequency bands at each scale
 2690.620117 3198.663818 3590.862549 3772.860596 3691.686768 3394.960205 2978.857422 3241.604736 3903.538818 4486.621094 4759.692383 4567.845703 4054.731689 3449.894287 3671.184814 4544.563965 5411.738281 5819.532227 5461.179688 4630.833496 3780.521729 3869.626221 4849.384766 5855.633789 6317.400391 5855.633789 4849.384766 3869.626221 3780.521729 4630.833496 5461.179688 5819.532227 5411.738281 4544.563965 3671.184814 3449.894287 4054.731689 4567.845703 4759.692383 4486.621094 3903.538818 3241.604736 2978.857422 3394.960205 3691.686768 3772.860596 3590.862549 3198.663818 2690.620117,
 1377.326660 1375.036011 1555.176880 1756.038818 1792.057007 1782.711304 1862.480957 1398.060059 1735.189697 2476.234131 2965.225098 2726.143799 2174.302979 1881.121338 1653.824097 2534.363281 4030.446045 4862.463867 4184.526855 2806.384277 1932.563599 1899.417358 3068.182617 4902.445801 5851.726562 4902.445801 3068.182617 1899.417358 1932.563599 2806.384277 4184.526855 4862.463867 4030.446045 2534.363281 1653.824097 1881.121338 2174.302979 2726.143799 2965.225098 2476.234131 1735.189697 1398.060059 1862.480957 1782.711304 1792.057007 1756.038818 1555.176880 1375.036011 1377.326660,
 1317.134033 1393.982056 1237.442261 1242.272461 1399.939575 1456.113159 1420.635986 1350.947510 1243.134033 1310.158325 1582.976074 1646.764038 1615.489014 1703.931152 1288.210571 1402.732910 2316.267334 3123.066162 2632.710205 1780.019531 1594.934937 1359.620361 1749.769531 3196.072266 4183.786133 3196.072266 1749.769531 1359.620361 1594.934937 1780.019531 2632.710205 3123.066162 2316.267334 1402.732910 1288.210571 1703.931152 1615.489014 1646.764038 1582.976074 1310.158325 1243.134033 1350.947510 1420.635986 1456.113159 1399.939575 1242.272461 1237.442261 1393.982056 1317.134033,
 -312.801697 93.938599 555.515015 976.578613 1243.992798 1311.134033 1212.444336 169.486328 551.890747 969.667358 1321.449707 1429.984985 1405.925537 1319.563354 593.738403 1073.440918 1661.902100 2038.034058 1813.662354 1404.635010 1135.924927 883.080811 1380.191040 2091.058838 2514.908691 2091.058838 1380.191040 883.080811 1135.924927 1404.635010 1813.662354 2038.034058 1661.902100 1073.440918 593.738403 1319.563354 1405.925537 1429.984985 1321.449707 969.667358 551.890747 169.486328 1212.444336 1311.134033 1243.992798 976.578613 555.515015 93.938599 -312.801697,
 -621.661743 -748.846436 -678.333313 -402.964111 -52.957092 106.306854 -45.923126 -799.884521 -746.486572 -236.920837 432.542480 812.924988 676.858643 151.489868 -782.264404 -303.478912 665.249329 1482.348389 1526.375732 857.016724 -10.485199 -450.414246 414.243958 1478.093750 1983.154419 1478.093750 414.243958 -450.414246 -10.485199 857.016724 1526.375732 1482.348389 665.249329 -303.478912 -782.264404 151.489868 676.858643 812.924988 432.542480 -236.920837 -746.486572 -799.884521 -45.923126 106.306854 -52.957092 -402.964111 -678.333313 -748.846436 -621.661743,

Auto-correlations of the modulus of each oriented sub-band
 69.392555 75.584343 82.293884 86.284927 85.535858 80.709389 74.450401 85.875221 96.011261 105.807991 110.571640 107.839088 99.184525 88.843071 101.659676 116.142189 129.519424 135.372269 130.515457 117.663994 103.020714 108.915924 125.581787 140.742371 147.020035 140.742371 125.581787 108.915924 103.020714 117.663994 130.515457 135.372269 129.519424 116.142189 101.659676 88.843071 99.184525 107.839088 110.571640 105.807991 96.011261 85.875221 74.450401 80.709389 85.535858 86.284927 82.293884 75.584343 69.392555,
 104.152206 109.599640 111.382256 108.303299 101.100700 91.733185 82.192795 109.108658 123.135033 132.807419 133.053482 123.584221 108.466469 92.511765 111.324615 132.975403 150.811188 155.591125 144.528809 124.017883 102.017151 108.919243 133.547577 155.800629 165.358398 155.800629 133.547577 108.919243 102.017151 124.017883 144.528809 155.591125 150.811188 132.975403 111.324615 92.511765 108.466469 123.584221 133.053482 132.807419 123.135033 109.108658 82.192795 91.733185 101.100700 108.303299 111.382256 109.599640 104.152206,
 88.111816 104.841759 122.176239 130.735611 124.748596 109.075661 93.065796 98.245369 119.319832 141.324814 151.967010 143.151505 122.138130 101.328392 107.229622 132.107269 158.238480 170.785324 159.191849 133.499146 108.658745 111.222282 137.635132 165.338440 178.433990 165.338440 137.635132 111.222282 108.658745 133.499146 159.191849 170.785324 158.238480 132.107269 107.229622 101.328392 122.138130 143.151505 151.967010 141.324814 119.319832 98.245369 93.065796 109.075661 124.748596 130.735611 122.176239 104.841759 88.111816,
 75.233238 85.260521 95.135391 102.706818 105.790375 104.009544 99.291664 88.187775 104.125717 119.440308 129.247467 129.131012 119.614059 106.367371 99.948357 121.251015 141.634506 152.953644 148.274429 130.724945 110.020683 107.867958 131.496323 153.442154 163.060669 153.442154 131.496323 107.867958 110.020683 130.724945 148.274429 152.953644 141.634506 121.251015 99.948357 106.367371 119.614059 129.131012 129.247467 119.440308 104.125717 88.187775 99.291664 104.009544 105.790375 102.706818 95.135391 85.260521 75.233238,
 179.347397 191.054443 201.832642 209.436859 212.822327 213.452728 212.868240 233.315231 261.646912 284.270508 293.943909 288.402222 273.529480 256.722626 294.512054 342.991821 382.939514 398.242249 382.038818 345.323120 304.108551 324.520508 380.846497 430.060150 450.815552 430.060150 380.846497 324.520508 304.108551 345.323120 382.038818 398.242249 382.939514 342.991821 294.512054 256.722626 273.529480 288.402222 293.943909 284.270508 261.646912 233.315231 212.868240 213.452728 212.822327 209.436859 201.832642 191.054443 179.347397,
 272.316681 295.972290 290.041382 264.319824 237.237015 216.654617 202.183380 299.108826 345.750854 362.483673 338.652710 294.070465 251.794449 219.876907 301.853699 368.337463 418.913116 417.784882 366.716766 302.242554 249.022049 281.169922 349.919891 421.072327 454.823669 421.072327 349.919891 281.169922 249.022049 302.242554 366.716766 417.784882 418.913116 368.337463 301.853699 219.876907 251.794449 294.070465 338.652710 362.483673 345.750854 299.108826 202.183380 216.654617 237.237015 264.319824 290.041382 295.972290 272.316681,
 232.623093 278.001465 328.620575 354.473785 340.056854 306.607178 277.616791 251.208633 308.455994 374.695587 406.337219 377.448334 321.944275 278.281677 268.039459 334.542084 416.228943 456.602234 415.014038 338.404694 279.691193 277.867401 345.587463 432.721069 478.923645 432.721069 345.587463 277.867401 279.691193 338.404694 415.014038 456.602234 416.228943 334.542084 268.039459 278.281677 321.944275 377.448334 406.337219 374.695587 308.455994 251.208633 277.616791 306.607178 340.056854 354.473785 328.620575 278.001465 232.623093,
 157.886536 179.211365 214.316528 256.606171 289.301575 301.792725 295.805847 180.175781 221.863693 281.208282 338.075439 363.486053 350.022705 315.640381 218.337051 281.775330 360.774475 419.532288 418.554871 366.718323 303.996643 265.598450 339.512939 418.624664 456.330566 418.624664 339.512939 265.598450 303.996643 366.718323 418.554871 419.532288 360.774475 281.775330 218.337051 315.640381 350.022705 363.486053 338.075439 281.208282 221.863693 180.175781 295.805847 301.792725 289.301575 256.606171 214.316528 179.211365 157.886536,
 57.821796 79.593903 104.122475 129.782150 152.068024 167.257263 175.270981 109.270065 144.900970 178.641953 204.231323 215.318314 211.310547 198.091171 191.462677 259.687225 320.562225 349.393616 332.666351 282.777863 225.992676 236.051941 322.605194 404.948364 441.015106 404.948364 322.605194 236.051941 225.992676 282.777863 332.666351 349.393616 320.562225 259.687225 191.462677 198.091171 211.310547 215.318314 204.231323 178.641953 144.900970 109.270065 175.270981 167.257263 152.068024 129.782150 104.122475 79.593903 57.821796,
 200.617828 265.892273 296.205750 278.807098 245.103775 226.736374 229.746063 239.518738 337.424866 404.367401 386.259216 311.566803 243.339539 210.838501 255.168823 382.049866 501.566864 517.553833 419.236969 297.260071 215.050446 238.688904 361.649261 508.816742 583.613403 508.816742 361.649261 238.688904 215.050446 297.260071 419.236969 517.553833 501.566864 382.049866 255.168823 210.838501 243.339539 311.566803 386.259216 404.367401 337.424866 239.518738 229.746063 226.736374 245.103775 278.807098 296.205750 265.892273 200.617828,
 118.452942 172.508362 245.031982 282.042419 260.133667 228.534790 209.642181 140.072296 205.230469 307.961670 362.426697 310.501221 238.835358 204.595490 160.563156 233.760132 367.339661 445.513794 363.337036 247.271423 193.781326 178.707870 248.290009 390.265381 484.028229 390.265381 248.290009 178.707870 193.781326 247.271423 363.337036 445.513794 367.339661 233.760132 160.563156 204.595490 238.835358 310.501221 362.426697 307.961670 205.230469 140.072296 209.642181 228.534790 260.133667 282.042419 245.031982 172.508362 118.452942,
 95.590492 138.534561 185.174057 226.640213 254.018753 256.766571 234.423889 123.310852 176.487457 238.282410 299.982208 330.931335 308.288330 250.128967 153.904877 223.628616 317.423859 399.797607 402.351898 323.126038 228.305847 188.749298 282.630737 396.176758 454.733032 396.176758 282.630737 188.749298 228.305847 323.126038 402.351898 399.797607 317.423859 223.628616 153.904877 250.128967 308.288330 330.931335 299.982208 238.282410 176.487457 123.310852 234.423889 256.766571 254.018753 226.640213 185.174057 138.534561 95.590492,
 -3.827526 6.211919 15.177484 18.924072 18.356159 16.942715 16.032619 -0.374122 16.000248 29.693230 33.911049 29.174908 21.563171 14.867045 6.960403 31.413712 54.655025 63.979767 54.728992 35.734276 17.326262 18.130646 45.550209 73.586853 86.286003 73.586853 45.550209 18.130646 17.326262 35.734276 54.728992 63.979767 54.655025 31.413712 6.960403 14.867045 21.563171 29.174908 33.911049 29.693230 16.000248 -0.374122 16.032619 16.942715 18.356159 18.924072 15.177484 6.211919 -3.827526,
 -7.317957 -3.293550 3.478824 8.366615 10.765982 6.149688 -1.265119 3.068003 9.932729 17.465530 12.977790 4.999412 1.241330 -0.759455 3.780491 20.592098 43.852631 42.820908 17.049583 -2.300200 -6.618409 -5.298170 10.301595 44.657463 66.932587 44.657463 10.301595 -5.298170 -6.618409 -2.300200 17.049583 42.820908 43.852631 20.592098 3.780491 -0.759455 1.241330 4.999412 12.977790 17.465530 9.932729 3.068003 -1.265119 6.149688 10.765982 8.366615 3.478824 -3.293550 -7.317957,
 -31.442188 -9.692429 21.147627 59.468338 76.269531 57.535263 26.259701 -21.977066 6.026485 51.088932 95.530548 94.728256 56.655987 19.946499 -11.018294 22.167027 80.409241 127.349213 104.519318 49.218304 11.116857 0.477715 37.124756 100.219040 140.778061 100.219040 37.124756 0.477715 11.116857 49.218304 104.519318 127.349213 80.409241 22.167027 -11.018294 19.946499 56.655987 94.728256 95.530548 51.088932 6.026485 -21.977066 26.259701 57.535263 76.269531 59.468338 21.147627 -9.692429 -31.442188,
 -27.730064 -9.910852 11.304176 33.886353 50.186600 49.596260 34.615757 -21.923704 2.006283 32.692440 67.045792 86.435135 76.216873 48.986923 -7.008791 26.804390 74.098167 117.865868 122.760674 86.676964 43.225410 18.163670 63.047844 117.896698 146.022141 117.896698 63.047844 18.163670 43.225410 86.676964 122.760674 117.865868 74.098167 26.804390 -7.008791 48.986923 76.216873 86.435135 67.045792 32.692440 2.006283 -21.923704 34.615757 49.596260 50.186600 33.886353 11.304176 -9.910852 -27.730064,

Pairwise cross-correlations of the modulus of all oriented sub-bands at the same scale (size QxQ)
 147.020035 105.916428 72.739929 108.223427,
 105.916428 165.358398 119.212517 75.609924,
 72.739929 119.212517 178.433990 120.354431,
 108.223427 75.609924 120.354431 163.060715,
 450.815613 358.811859 317.552002 378.680023,
 358.811859 454.823700 364.655548 312.717499,
 317.552002 364.655548 478.923706 358.800018,
 378.680023 312.717499 358.800018 456.330566,
 441.015167 385.806946 308.351654 330.941284,
 385.806946 583.613525 426.203674 320.506653,
 308.351654 426.203674 484.028229 351.600006,
 330.941284 320.506653 351.600006 454.733032,
 86.286011 45.167492 63.061726 77.870438,
 45.167492 66.932587 42.025333 33.817284,
 63.061726 42.025333 140.778076 111.738579,
 77.870438 33.817284 111.738579 146.022156,

Cross-correlations of the modulus of all oriented sub-bands with all oriented sub-bands at the coarser scale (size QxQ)
 223.142609 183.962738 155.870605 190.895248,
 189.044296 237.458496 201.562088 161.253479,
 161.945419 196.882492 251.971893 198.585388,
 198.442780 159.583237 204.849380 232.482941,
 332.878174 337.005096 300.226746 314.519592,
 322.068604 398.257080 339.879913 288.364532,
 259.467682 340.603271 349.493683 302.586304,
 283.822601 312.171204 308.861450 335.285706,
 121.256340 72.135483 122.858383 145.039093,
 131.314606 119.489685 149.416733 159.713882,
 110.523224 76.129883 157.548340 172.301544,
 91.877945 46.815166 128.580536 152.003204,

Cross-correlations of the real part of each oriented sub-band with both the real and imaginary part of all phase-doubled oriented sub-bands at the next coarser scale (Q matrices of size 1x2Q, which are computed and stored in a matrix of size Qx2Q)
 83.312202 42.717033 5.399889 35.906834 3.199925 0.127863 -0.307660 -0.696820,
 38.249260 101.062775 51.013142 4.931876 -0.632507 -2.299496 -1.317383 -0.210584,
 3.434303 47.881889 113.304604 45.133266 -0.162889 -1.327563 2.124551 3.530524,
 34.994049 5.030375 50.201759 88.760132 1.943865 0.507259 2.232398 2.802527,
 -87.584717 -76.258408 -7.892968 -24.398676 15.164742 -0.835177 -0.114633 8.169920,
 -61.710743 -193.473145 -80.585251 -3.149098 9.530143 -1.139282 9.395935 -0.948067,
 -8.062200 -89.118889 -125.937431 -24.981050 0.077250 -0.281503 21.244032 2.351037,
 -24.332037 -6.312301 -37.652199 -55.138226 2.711611 -1.247850 7.764447 18.900043,
 -5.311941 -10.514042 -0.478200 -6.813827 5.248793 10.366827 3.123832 -5.272935,
 -6.410611 -29.408306 -7.307900 -2.281356 9.107790 9.567352 -0.115606 -0.038252,
 1.000978 -8.097471 -10.588949 -14.906738 2.323104 2.117819 -4.421271 -6.183714,
 6.358013 2.356817 3.061074 -25.393824 -0.337178 1.575546 4.090423 -17.083008,
