Low-band skewness and kurtosis
 -2.081567 5.675069,
 -2.144539 6.429025,
 -1.551602 4.597753,
 -1.172798 3.948317,
 -1.123772 3.594996,

High-band variance
 161.083450,

Skewness, kurtosis, variance, mean, maximum and minimum of the reconstructed texture
 -2.068049 5.424980 7003.106934 219.696533 255.000000 0.000000,

Auto-correlations of the low-frequency bands at each scale
 2327.193359 2952.582031 3446.499268 3703.150391 3631.058350 3241.354492 2634.721191 2998.851318 3832.114746 4579.572266 4948.014648 4718.539062 4046.733887 3222.216064 3515.876953 4604.577637 5699.033691 6221.513184 5771.903809 4716.320801 3630.097656 3749.028564 4965.422852 6226.072266 6807.150391 6226.072266 4965.422852 3749.028564 3630.097656 4716.320801 5771.903809 6221.513184 5699.033691 4604.577637 3515.876953 3222.216064 4046.733887 4718.539062 4948.014648 4579.572266 3832.114746 2998.851318 2634.721191 3241.354492 3631.058350 3703.150391 3446.499268 2952.582031 2327.193359,
 764.827026 705.861572 894.416138 1126.211182 1106.403198 933.796631 871.130493 768.607056 1132.763428 2024.374756 2649.193848 2314.221924 1487.975586 1025.644165 1009.383362 2107.561035 3979.952637 5044.354004 4170.623535 2351.738281 1215.510742 1243.115723 2730.501465 5071.000000 6281.386230 5071.000000 2730.501465 1243.115723 1215.510742 2351.738281 4170.623535 5044.354004 3979.952637 2107.561035 1009.383362 1025.644165 1487.975586 2314.221924 2649.193848 2024.374756 1132.763428 768.607056 871.130493 933.796631 1106.403198 1126.211182 894.416138 705.861572 764.827026,
 449.863708 489.089203 543.523926 363.501862 197.696396 487.355743 933.667786 526.394409 426.544922 687.820679 893.740173 666.435181 607.608643 851.967773 576.353088 708.886108 1921.800049 2858.986572 2062.294189 908.031860 689.201721 641.422852 1066.141602 2903.791992 4170.086914 2903.791992 1066.141602 641.422852 689.201721 908.031860 2062.294189 2858.986572 1921.800049 708.886108 576.353088 851.967773 607.608643 666.435181 893.740173 687.820679 426.544922 526.394409 933.667786 487.355743 197.696396 363.501862 543.523926 489.089203 449.863708,
 100.531624 180.391434 215.428009 324.533020 392.658661 333.987732 245.455414 244.942108 299.223633 399.367981 505.299011 474.150940 439.578613 458.826019 356.397949 460.391479 972.263184 1358.965088 1052.359375 619.383179 545.729187 488.425415 670.618774 1452.834839 1995.312500 1452.834839 670.618774 488.425415 545.729187 619.383179 1052.359375 1358.965088 972.263184 460.391479 356.397949 458.826019 439.578613 474.150940 505.299011 399.367981 299.223633 244.942108 245.455414 333.987732 392.658661 324.533020 215.428009 180.391434 100.531624,
 -390.284424 -432.595428 -375.465393 -256.440613 -179.830994 -201.592560 -270.821777 -299.986816 -272.163574 -75.416801 157.262360 201.164917 57.984436 -126.445114 -16.665192 102.244225 459.696625 759.944214 659.802673 344.410309 113.568451 196.871094 404.262390 831.731750 1090.255371 831.731750 404.262390 196.871094 113.568451 344.410309 659.802673 759.944214 459.696625 102.244225 -16.665192 -126.445114 57.984436 201.164917 157.262360 -75.416801 -272.163574 -299.986816 -270.821777 -201.592560 -179.830994 -256.440613 -375.465393 -432.595428 -390.284424,

Auto-correlations of the modulus of each oriented sub-band
 63.635792 72.805222 81.950172 86.787125 85.027916 78.035324 69.626541 85.726395 99.592667 112.463837 118.283539 114.124420 102.357376 88.776871 106.833862 125.793556 142.869751 149.958817 143.315948 126.561440 107.676010 116.004021 137.444855 156.751160 164.665161 156.751160 137.444855 116.004021 107.676010 126.561440 143.315948 149.958817 142.869751 125.793556 106.833862 88.776871 102.357376 114.124420 118.283539 112.463837 99.592667 85.726395 69.626541 78.035324 85.027916 86.787125 81.950172 72.805222 63.635792,
 108.881851 113.083046 112.695564 106.715698 95.812645 81.809593 66.942841 114.219971 129.799545 139.697723 138.396057 125.312965 104.624893 81.924515 114.614861 140.582855 161.157700 166.145721 152.212631 126.138847 97.003822 108.743469 139.676239 166.500244 177.774841 166.500244 139.676239 108.743469 97.003822 126.138847 152.212631 166.145721 161.157700 140.582855 114.614861 81.924515 104.624893 125.312965 138.396057 139.697723 129.799545 114.219971 66.942841 81.809593 95.812645 106.715698 112.695564 113.083046 108.881851,
 65.698921 86.479927 105.928291 114.153679 105.650688 85.967094 65.134880 74.011192 99.772400 124.538010 135.532227 124.869492 100.267944 74.425163 82.060333 112.172798 141.500458 154.881866 141.888824 112.759132 82.566650 85.624641 117.515198 148.602127 162.832184 148.602127 117.515198 85.624641 82.566650 112.759132 141.888824 154.881866 141.500458 112.172798 82.060333 74.425163 100.267944 124.869492 135.532227 124.538010 99.772400 74.011192 65.134880 85.967094 105.650688 114.153679 105.928291 86.479927 65.698921,
 59.915344 73.618347 87.539474 98.595619 104.163315 103.717987 99.376389 75.461060 96.507988 116.660179 129.600525 130.357452 119.696846 104.302948 89.933884 117.263382 142.773361 156.600250 151.229935 130.345215 105.252243 100.506622 129.912354 156.517029 167.876892 156.517029 129.912354 100.506622 105.252243 130.345215 151.229935 156.600250 142.773361 117.263382 89.933884 104.302948 119.696846 130.357452 129.600525 116.660179 96.507988 75.461060 99.376389 103.717987 104.163315 98.595619 87.539474 73.618347 59.915344,
 144.940704 162.011780 176.546646 186.111328 187.863327 180.984497 166.900238 212.010269 246.013367 273.706390 287.208557 281.185333 258.315674 226.161728 288.349457 345.144196 391.669037 411.373657 394.682159 349.832062 293.859650 324.538086 392.992493 449.858612 473.012146 449.858612 392.992493 324.538086 293.859650 349.832062 394.682159 411.373657 391.669037 345.144196 288.349457 226.161728 258.315674 281.185333 287.208557 273.706390 246.013367 212.010269 166.900238 180.984497 187.863327 186.111328 176.546646 162.011780 144.940704,
 282.689697 315.593658 308.246368 267.553406 214.844955 169.411621 138.955536 308.009888 377.698853 404.870911 371.916046 298.500610 222.489380 168.407608 295.726624 396.613770 473.061066 474.157043 396.400055 291.745789 207.489868 255.065277 360.792297 469.894012 520.004150 469.894012 360.792297 255.065277 207.489868 291.745789 396.400055 474.157043 473.061066 396.613770 295.726624 168.407608 222.489380 298.500610 371.916046 404.870911 377.698853 308.009888 138.955536 169.411621 214.844955 267.553406 308.246368 315.593658 282.689697,
 178.260666 248.592957 327.411011 356.829041 308.736206 228.048523 168.744339 191.199036 276.424988 379.199158 423.121338 364.043152 261.569397 186.728882 200.727448 296.116821 418.449249 477.044739 409.878510 288.468079 199.483124 204.264130 301.285278 431.002319 498.853424 431.002319 301.285278 204.264130 199.483124 288.468079 409.878510 477.044739 418.449249 296.116821 200.727448 186.728882 261.569397 364.043152 423.121338 379.199158 276.424988 191.199036 168.744339 228.048523 308.736206 356.829041 327.411011 248.592957 178.260666,
 97.161156 118.899437 153.576019 198.803009 239.823273 257.584747 246.365265 125.708839 170.140121 232.440552 297.263214 333.907104 323.063843 276.899872 173.266541 244.967331 331.360504 398.679871 405.026459 349.616333 271.021667 229.791046 317.813232 405.310974 444.880219 405.310974 317.813232 229.791046 271.021667 349.616333 405.026459 398.679871 331.360504 244.967331 173.266541 276.899872 323.063843 333.907104 297.263214 232.440552 170.140121 125.708839 246.365265 257.584747 239.823273 198.803009 153.576019 118.899437 97.161156,
 36.008968 51.275074 68.034988 84.061478 97.218353 104.684677 106.926102 68.284241 107.730667 148.086517 172.375092 173.733307 157.386002 133.654480 133.488953 217.098312 301.486633 342.130371 315.458923 243.885239 167.135864 179.012863 287.851624 397.696716 446.723755 397.696716 287.851624 179.012863 167.135864 243.885239 315.458923 342.130371 301.486633 217.098312 133.488953 133.654480 157.386002 173.733307 172.375092 148.086517 107.730667 68.284241 106.926102 104.684677 97.218353 84.061478 68.034988 51.275074 36.008968,
 81.221107 112.605217 135.201889 135.077942 117.355850 96.236305 84.176872 116.242348 195.778366 261.751526 256.864441 188.019608 113.533371 70.910759 128.468155 254.619934 388.568665 418.534668 312.492859 173.489471 80.658646 110.268051 241.884323 413.356720 503.501038 413.356720 241.884323 110.268051 80.658646 173.489471 312.492859 418.534668 388.568665 254.619934 128.468155 70.910759 113.533371 188.019608 256.864441 261.751526 195.778366 116.242348 84.176872 96.236305 117.355850 135.077942 135.201889 112.605217 81.221107,
 49.212883 85.158722 150.886047 193.839081 164.844391 115.130219 99.699425 57.604462 118.604507 231.247894 303.523193 247.233795 155.904770 114.148895 75.872910 163.950760 323.547180 425.401764 333.966614 190.092270 113.427170 98.579346 195.514694 370.732056 483.630524 370.732056 195.514694 98.579346 113.427170 190.092270 333.966614 425.401764 323.547180 163.950760 75.872910 114.148895 155.904770 247.233795 303.523193 231.247894 118.604507 57.604462 99.699425 115.130219 164.844391 193.839081 150.886047 85.158722 49.212883,
 62.924133 93.773270 106.149223 113.158737 123.556587 128.370758 127.424316 88.353500 118.904266 159.048325 210.276764 233.227676 203.518219 155.552353 104.688141 164.425003 264.089996 356.287720 346.951996 247.856979 152.111908 128.014999 224.689117 360.501770 435.144531 360.501770 224.689117 128.014999 152.111908 247.856979 346.951996 356.287720 264.089996 164.425003 104.688141 155.552353 203.518219 233.227676 210.276764 159.048325 118.904266 88.353500 127.424316 128.370758 123.556587 113.158737 106.149223 93.773270 62.924133,
 -9.646639 -12.043929 -11.203112 -8.533738 -5.359537 -0.216954 7.852719 11.926924 20.247831 25.846603 25.361712 18.932507 12.768572 12.796198 24.731750 48.309246 70.006241 75.426880 59.575882 35.914051 19.997673 27.766340 57.613121 92.366837 109.097809 92.366837 57.613121 27.766340 19.997673 35.914051 59.575882 75.426880 70.006241 48.309246 24.731750 12.796198 12.768572 18.932507 25.361712 25.846603 20.247831 11.926924 7.852719 -0.216954 -5.359537 -8.533738 -11.203112 -12.043929 -9.646639,
 -18.450191 -23.708115 -19.439646 -4.615910 6.582621 0.389412 -11.941609 -5.461124 10.502438 22.817108 20.508442 12.446433 4.504628 -8.400728 12.507188 46.936790 91.746666 95.363495 56.722191 22.064888 6.809854 18.195383 47.346703 107.747704 145.471466 107.747704 47.346703 18.195383 6.809854 22.064888 56.722191 95.363495 91.746666 46.936790 12.507188 -8.400728 4.504628 12.446433 20.508442 22.817108 10.502438 -5.461124 -11.941609 0.389412 6.582621 -4.615910 -19.439646 -23.708115 -18.450191,
 10.697287 28.076485 31.726250 26.158585 21.850056 28.348194 35.427971 19.892321 48.104881 77.703667 90.237358 69.281151 47.593361 35.838428 22.912436 61.053253 120.243660 155.857117 115.885704 61.874069 31.449049 25.949934 66.278816 137.058807 185.443619 137.058807 66.278816 25.949934 31.449049 61.874069 115.885704 155.857117 120.243660 61.053253 22.912436 35.838428 47.593361 69.281151 90.237358 77.703667 48.104881 19.892321 35.427971 28.348194 21.850056 26.158585 31.726250 28.076485 10.697287,
 1.357333 0.430477 3.314269 5.477091 -0.458980 -11.166946 -14.990542 -5.375544 0.023126 18.497120 37.529869 35.401394 16.281837 4.234222 3.452292 20.823811 61.942383 97.662399 87.153198 47.829090 22.428143 19.535902 48.037239 101.137878 132.757416 101.137878 48.037239 19.535902 22.428143 47.829090 87.153198 97.662399 61.942383 20.823811 3.452292 4.234222 16.281837 35.401394 37.529869 18.497120 0.023126 -5.375544 -14.990542 -11.166946 -0.458980 5.477091 3.314269 0.430477 1.357333,

Pairwise cross-correlations of the modulus of all oriented sub-bands at the same scale (size QxQ)
 164.665192 115.472717 56.972221 105.565704,
 115.472717 177.774857 108.423416 64.242508,
 56.972221 108.423416 162.832230 107.183792,
 105.565704 64.242508 107.183792 167.876892,
 473.012177 389.376740 340.239868 360.130310,
 389.376740 520.004150 394.581543 317.222229,
 340.239868 394.581543 498.853455 371.384888,
 360.130310 317.222229 371.384888 444.880249,
 446.723785 333.025177 245.841797 318.044037,
 333.025177 503.501068 332.956848 264.566772,
 245.841797 332.956848 483.630554 317.265717,
 318.044037 264.566772 317.265717 435.144592,
 109.097824 67.329315 69.329117 73.928543,
 67.329315 145.471466 94.858704 23.917757,
 69.329117 94.858704 185.443634 70.471542,
 73.928543 23.917757 70.471542 132.757416,

Cross-correlations of the modulus of all oriented sub-bands with all oriented sub-bands at the coarser scale (size QxQ)
 238.603577 199.887222 154.640442 180.021591,
 208.143723 261.170837 202.645203 153.631119,
 152.747375 195.349136 242.363205 185.438126,
 196.990265 154.338211 203.922089 233.848892,
 355.290314 317.749390 266.702545 307.394836,
 327.756805 358.405243 296.639557 279.176941,
 277.283051 297.424438 335.998932 315.992493,
 289.765656 265.523071 303.370026 321.541321,
 101.255585 60.973759 82.154488 101.256653,
 100.028671 74.370483 105.138451 100.411011,
 97.425484 81.892868 164.224915 112.142746,
 92.564606 52.216774 138.557541 145.749695,

Cross-correlations of the real part of each oriented sub-band with both the real and imaginary part of all phase-doubled oriented sub-bands at the next coarser scale (Q matrices of size 1x2Q, which are computed and stored in a matrix of size Qx2Q)
 111.438393 58.243237 3.102578 38.395069 -5.951961 -2.438174 0.432855 1.058066,
 58.695187 119.627663 45.297016 2.909926 -2.171286 3.173946 2.104080 0.484946,
 5.109768 47.196426 99.826248 34.936981 0.647460 1.973335 -0.565752 0.441352,
 41.760353 4.661278 39.719788 84.163971 -0.615178 -1.318569 -1.032197 0.950408,
 -167.535568 -82.267883 -5.219465 -59.996948 14.357613 -3.288917 -1.797359 -10.733612,
 -86.524734 -176.041260 -79.866562 -9.436620 2.174702 -1.706893 8.109003 -1.660528,
 -8.913550 -85.877045 -158.981079 -52.273483 -1.037522 10.824464 19.036932 -4.303406,
 -67.005455 -11.589582 -56.280212 -118.343887 6.855731 4.117893 2.129272 -16.540520,
 -89.228714 -44.977310 -9.484557 -46.466679 83.015144 4.554093 5.863015 -18.178642,
 -35.459915 -128.082520 -67.628922 -5.028874 24.482378 9.307910 13.403966 -0.121299,
 -8.318905 -68.132950 -119.886055 -43.968868 2.190081 12.130100 30.523441 7.985155,
 -54.191250 -5.163049 -46.623878 -99.330505 48.809875 4.562165 23.583830 -8.660902,
