Low-band skewness and kurtosis
 -2.186332 6.124594,
 -2.241445 6.847779,
 -1.698353 4.912471,
 -1.222215 4.011943,
 -1.206434 3.572062,

High-band variance
 152.655136,

Skewness, kurtosis, variance, mean, maximum and minimum of the reconstructed texture
 -2.173444 5.871749 6675.292480 221.846375 255.000000 0.000000,

Auto-correlations of the low-frequency bands at each scale
 2439.924316 3014.466064 3453.802490 3666.214111 3574.821533 3216.803467 2690.142578 3056.079590 3818.871094 4480.553711 4789.041992 4557.718750 3949.669922 3222.956543 3519.385498 4514.008789 5495.145020 5953.280762 5532.313965 4578.797852 3605.143799 3721.804443 4825.289551 5962.931641 6489.509766 5962.931641 4825.289551 3721.804443 3605.143799 4578.797852 5532.313965 5953.280762 5495.145020 4514.008789 3519.385498 3222.956543 3949.669922 4557.718750 4789.041992 4480.553711 3818.871094 3056.079590 2690.142578 3216.803467 3574.821533 3666.214111 3453.802490 3014.466064 2439.924316,
 794.687988 792.364380 1014.501465 1322.589600 1439.433594 1329.115601 1174.026489 828.348511 1306.051392 2161.347168 2725.603516 2451.254395 1705.404175 1149.201050 1071.793823 2229.036133 3952.902344 4877.950195 4079.304199 2421.116211 1246.473755 1283.399292 2777.628662 4910.620117 5990.031250 4910.620117 2777.628662 1283.399292 1246.473755 2421.116211 4079.304199 4877.950195 3952.902344 2229.036133 1071.793823 1149.201050 1705.404175 2451.254395 2725.603516 2161.347168 1306.051392 828.348511 1174.026489 1329.115601 1439.433594 1322.589600 1014.501465 792.364380 794.687988,
 860.433044 563.470215 504.189331 680.001099 803.442017 866.286133 927.197327 1043.419922 610.047485 718.674072 1109.819336 1045.113770 882.559082 984.650208 920.611694 768.988403 1901.526123 2938.792480 2160.326660 934.164429 774.744507 717.220703 958.607666 2838.372803 4176.619141 2838.372803 958.607666 717.220703 774.744507 934.164429 2160.326660 2938.792480 1901.526123 768.988403 920.611694 984.650208 882.559082 1045.113770 1109.819336 718.674072 610.047485 1043.419922 927.197327 866.286133 803.442017 680.001099 504.189331 563.470215 860.433044,
 491.363434 570.185120 508.215790 393.984009 305.944183 376.767365 437.865448 745.345947 723.921753 659.766907 666.007202 586.785095 548.724243 532.238037 789.397827 857.311584 1178.713623 1491.610840 1212.783447 768.150696 585.168701 686.323975 916.115784 1575.167725 2039.139038 1575.167725 916.115784 686.323975 585.168701 768.150696 1212.783447 1491.610840 1178.713623 857.311584 789.397827 532.238037 548.724243 586.785095 666.007202 659.766907 723.921753 745.345947 437.865448 376.767365 305.944183 393.984009 508.215790 570.185120 491.363434,
 -620.474915 -451.549988 -225.589081 -75.962982 -105.122597 -293.923828 -518.610046 -291.552704 -45.826878 198.652786 288.716797 188.796463 -28.502163 -258.008148 9.440536 406.492554 810.588562 929.049927 685.033142 286.497864 -35.265610 81.556335 523.771790 1047.676758 1292.070068 1047.676758 523.771790 81.556335 -35.265610 286.497864 685.033142 929.049927 810.588562 406.492554 9.440536 -258.008148 -28.502163 188.796463 288.716797 198.652786 -45.826878 -291.552704 -518.610046 -293.923828 -105.122597 -75.962982 -225.589081 -451.549988 -620.474915,

Auto-correlations of the modulus of each oriented sub-band
 72.768097 80.791756 88.336815 91.130539 87.330360 79.028175 70.550339 89.537674 103.265549 115.992691 121.067123 115.575729 102.641876 88.878403 106.129250 125.797951 143.925064 151.374924 143.974411 125.977577 106.435783 113.860527 136.324677 157.091095 165.707581 157.091095 136.324677 113.860527 106.435783 125.977577 143.974411 151.374924 143.925064 125.797951 106.129250 88.878403 102.641876 115.575729 121.067123 115.992691 103.265549 89.537674 70.550339 79.028175 87.330360 91.130539 88.336815 80.791756 72.768097,
 102.317093 107.074516 108.662018 105.680717 98.185486 87.592583 76.132309 106.467422 121.485245 132.263718 132.985809 122.756599 105.536697 86.758774 107.470619 131.554062 151.701370 157.447540 145.294754 122.057053 96.731743 104.160690 131.996140 157.074127 167.794083 157.074127 131.996140 104.160690 96.731743 122.057053 145.294754 157.447540 151.701370 131.554062 107.470619 86.758774 105.536697 122.756599 132.985809 132.263718 121.485245 106.467422 76.132309 87.592583 98.185486 105.680717 108.662018 107.074516 102.317093,
 70.944862 90.684975 110.058212 118.769142 110.658401 91.291924 70.865074 78.016457 102.968536 127.741791 139.001923 128.232346 103.394104 77.766014 84.559135 114.162857 143.700394 157.259918 143.971909 114.393097 84.382362 87.184158 118.793579 150.278641 164.750977 150.278641 118.793579 87.184158 84.382362 114.393097 143.971909 157.259918 143.700394 114.162857 84.559135 77.766014 103.394104 128.232346 139.001923 127.741791 102.968536 78.016457 70.865074 91.291924 110.658401 118.769142 110.058212 90.684975 70.944862,
 70.616234 83.711197 95.434547 103.327553 105.857185 103.200897 97.543007 82.861481 102.958000 120.857315 130.994293 129.516968 117.669533 101.988495 94.012299 120.076477 143.605850 155.523254 149.208725 128.401001 103.976440 101.517891 129.690994 155.050003 165.849823 155.050003 129.690994 101.517891 103.976440 128.401001 149.208725 155.523254 143.605850 120.076477 94.012299 101.988495 117.669533 129.516968 130.994293 120.857315 102.958000 82.861481 97.543007 103.200897 105.857185 103.327553 95.434547 83.711197 70.616234,
 171.748199 179.804810 183.248047 181.969818 175.564484 165.201904 152.853699 212.099106 230.976379 244.692276 248.133530 238.320694 219.292450 196.777573 259.444336 297.872833 331.520233 344.656311 327.862396 291.595490 251.487823 279.480652 329.744019 376.537537 397.326599 376.537537 329.744019 279.480652 251.487823 291.595490 327.862396 344.656311 331.520233 297.872833 259.444336 196.777573 219.292450 238.320694 248.133530 244.692276 230.976379 212.099106 152.853699 165.201904 175.564484 181.969818 183.248047 179.804810 171.748199,
 257.050842 287.415405 286.518097 258.358398 221.897217 188.498657 156.525284 278.261963 333.637817 358.758392 335.177979 280.967682 226.536850 182.336670 274.532776 351.447296 414.709076 417.790649 356.583893 277.674408 214.383728 248.768845 328.013000 414.636200 456.527405 414.636200 328.013000 248.768845 214.383728 277.674408 356.583893 417.790649 414.709076 351.447296 274.532776 182.336670 226.536850 280.967682 335.177979 358.758392 333.637817 278.261963 156.525284 188.498657 221.897217 258.358398 286.518097 287.415405 257.050842,
 170.401886 239.324936 313.036713 348.713074 319.089996 248.324753 178.970245 186.794113 269.801788 362.138885 406.337830 364.946075 274.326630 191.491531 197.517105 293.030518 403.963226 457.822876 404.310638 294.123535 198.894577 201.327637 301.955261 420.944275 479.947754 420.944275 301.955261 201.327637 198.894577 294.123535 404.310638 457.822876 403.963226 293.030518 197.517105 191.491531 274.326630 364.946075 406.337830 362.138885 269.801788 186.794113 178.970245 248.324753 319.089996 348.713074 313.036713 239.324936 170.401886,
 148.868637 173.926910 208.765762 246.196335 269.470245 264.933685 236.038773 171.703125 213.037750 268.832916 321.038330 339.557953 312.312469 257.113159 198.462891 261.601166 340.081940 397.555908 392.612701 330.219879 252.014526 227.841263 308.198364 393.031860 432.553955 393.031860 308.198364 227.841263 252.014526 330.219879 392.612701 397.555908 340.081940 261.601166 198.462891 257.113159 312.312469 339.557953 321.038330 268.832916 213.037750 171.703125 236.038773 264.933685 269.470245 246.196335 208.765762 173.926910 148.868637,
 164.503601 176.205139 185.319107 184.283096 169.418320 145.955963 122.168976 210.331650 249.494400 278.770508 284.071533 261.734192 221.951035 178.249008 269.584229 353.354370 424.089661 448.942078 414.398682 340.571289 259.528320 301.772217 409.385498 507.960236 550.074829 507.960236 409.385498 301.772217 259.528320 340.571289 414.398682 448.942078 424.089661 353.354370 269.584229 178.249008 221.951035 261.734192 284.071533 278.770508 249.494400 210.331650 122.168976 145.955963 169.418320 184.283096 185.319107 176.205139 164.503601,
 180.725708 221.490967 252.630768 261.197388 254.022491 245.676361 236.430969 245.784485 328.690155 391.752136 395.265686 353.881287 312.904633 289.050964 307.167236 427.231262 543.859924 569.585754 490.434540 389.664246 324.926880 334.278320 446.681244 588.755127 661.998108 588.755127 446.681244 334.278320 324.926880 389.664246 490.434540 569.585754 543.859924 427.231262 307.167236 289.050964 312.904633 353.881287 395.265686 391.752136 328.690155 245.784485 236.430969 245.676361 254.022491 261.197388 252.630768 221.490967 180.725708,
 161.042038 156.731567 212.970871 267.406921 223.229568 135.956238 109.045784 180.919601 187.576843 281.180511 357.262360 284.501129 164.038208 129.602798 184.858902 211.347443 347.934937 449.368500 347.497253 196.527161 153.714523 174.270844 215.987000 376.340515 490.960938 376.340515 215.987000 174.270844 153.714523 196.527161 347.497253 449.368500 347.934937 211.347443 184.858902 129.602798 164.038208 284.501129 357.262360 281.180511 187.576843 180.919601 109.045784 135.956238 223.229568 267.406921 212.970871 156.731567 161.042038,
 128.873077 131.798462 157.279099 190.768646 203.203690 180.400085 136.879486 140.723480 168.166840 228.014832 291.691833 308.019531 256.369019 177.416351 158.775772 223.564651 332.864716 426.183960 414.843414 306.150635 194.345596 181.969299 285.227631 425.757538 499.209351 425.757538 285.227631 181.969299 194.345596 306.150635 414.843414 426.183960 332.864716 223.564651 158.775772 177.416351 256.369019 308.019531 291.691833 228.014832 168.166840 140.723480 136.879486 180.400085 203.203690 190.768646 157.279099 131.798462 128.873077,
 9.390885 10.592611 4.592551 -4.454681 -10.341639 -11.776421 -11.746127 17.250322 24.810558 27.829409 26.959415 20.250975 8.280446 -2.919628 20.131340 42.687576 67.022881 79.139626 65.981438 36.045609 9.530195 18.103910 52.630367 93.241272 112.920540 93.241272 52.630367 18.103910 9.530195 36.045609 65.981438 79.139626 67.022881 42.687576 20.131340 -2.919628 8.280446 20.250975 26.959415 27.829409 24.810558 17.250322 -11.746127 -11.776421 -10.341639 -4.454681 4.592551 10.592611 9.390885,
 -18.097242 24.196342 62.622787 65.390747 37.518158 3.709432 -22.637125 -7.108761 44.898777 96.763672 102.530174 63.793873 18.675240 -11.173214 1.519782 60.811630 130.498749 150.069275 102.459053 38.244598 -3.440730 1.947952 57.417404 134.561157 175.239990 134.561157 57.417404 1.947952 -3.440730 38.244598 102.459053 150.069275 130.498749 60.811630 1.519782 -11.173214 18.675240 63.793873 102.530174 96.763672 44.898777 -7.108761 -22.637125 3.709432 37.518158 65.390747 62.622787 24.196342 -18.097242,
 8.402309 31.470486 51.835194 53.197220 39.173229 24.847652 11.323057 11.991289 42.771976 75.758972 84.928947 57.174389 29.820271 13.884411 11.175614 50.180237 101.452446 128.338333 86.609261 37.644867 9.942765 8.597267 47.235741 107.801041 151.241135 107.801041 47.235741 8.597267 9.942765 37.644867 86.609261 128.338333 101.452446 50.180237 11.175614 13.884411 29.820271 57.174389 84.928947 75.758972 42.771976 11.991289 11.323057 24.847652 39.173229 53.197220 51.835194 31.470486 8.402309,
 18.047514 28.667223 26.583023 23.842270 23.950577 20.397493 11.728376 33.707855 37.329525 36.903324 45.321232 48.405483 33.427448 11.490031 34.661247 42.193233 62.639725 87.381706 81.202805 45.852299 14.105249 23.175520 47.012531 88.240242 112.940063 88.240242 47.012531 23.175520 14.105249 45.852299 81.202805 87.381706 62.639725 42.193233 34.661247 11.490031 33.427448 48.405483 45.321232 36.903324 37.329525 33.707855 11.728376 20.397493 23.950577 23.842270 26.583023 28.667223 18.047514,

Pairwise cross-correlations of the modulus of all oriented sub-bands at the same scale (size QxQ)
 165.707581 109.856041 62.753235 108.079208,
 109.856041 167.794113 111.214729 70.525604,
 62.753235 111.214729 164.750992 113.935715,
 108.079208 70.525604 113.935715 165.849823,
 397.326691 338.007812 307.859924 329.132080,
 338.007812 456.527405 359.903931 308.533936,
 307.859924 359.903931 479.947845 367.967957,
 329.132080 308.533936 367.967957 432.553986,
 550.074829 430.129944 295.306976 343.589539,
 430.129944 661.998169 388.279480 314.570129,
 295.306976 388.279480 490.960968 373.069824,
 343.589539 314.570129 373.069824 499.209351,
 112.920547 66.329758 33.878910 65.451927,
 66.329758 175.239990 94.101852 40.889671,
 33.878910 94.101852 151.241150 72.097122,
 65.451927 40.889671 72.097122 112.940063,

Cross-correlations of the modulus of all oriented sub-bands with all oriented sub-bands at the coarser scale (size QxQ)
 215.794952 184.978958 153.033829 186.919800,
 183.423752 236.380768 202.279999 162.660355,
 141.481339 187.623245 239.616669 191.181839,
 178.654007 155.160828 202.487564 233.600418,
 347.940063 336.945557 263.301422 299.717773,
 345.729187 414.606110 321.041931 282.692810,
 318.054230 360.938843 339.210693 311.947449,
 336.085754 322.734314 310.677429 368.040070,
 135.178162 127.762215 117.483246 134.461365,
 128.455627 206.078079 152.543625 114.066971,
 76.643181 126.014023 132.590027 113.947037,
 86.116371 99.251335 119.776054 139.548157,

Cross-correlations of the real part of each oriented sub-band with both the real and imaginary part of all phase-doubled oriented sub-bands at the next coarser scale (Q matrices of size 1x2Q, which are computed and stored in a matrix of size Qx2Q)
 82.004982 39.870289 4.570150 34.223690 -2.580722 -2.444597 0.519440 -1.409923,
 38.715549 92.338005 42.859131 4.454280 -3.104725 -0.798239 2.851661 0.318337,
 3.749048 43.720558 102.062820 48.650581 -0.157994 3.589322 5.996889 -1.545542,
 34.360790 4.838417 46.707569 92.749359 0.434023 1.003970 1.627092 -4.531594,
 -122.175003 -71.586266 -9.038929 -62.478371 7.012300 -5.050900 -5.625124 -17.907829,
 -62.429459 -156.333206 -67.170235 -10.061042 3.427728 -16.666815 -0.193716 -3.728010,
 -12.421771 -62.507244 -141.985840 -53.642879 2.100055 -5.280357 -8.919579 -41.691257,
 -60.600655 -5.745624 -62.472553 -117.225288 5.162262 2.025238 -23.394405 -64.250732,
 -126.087135 -46.360039 -12.653149 -44.962070 -20.123829 12.343241 1.355009 16.171902,
 -54.318657 -120.957077 -56.737347 -9.576967 2.959743 43.059296 21.165085 2.793754,
 -4.940526 -60.813576 -98.234337 -39.349846 0.456897 24.962591 -4.119614 -23.282759,
 -51.071655 -5.350430 -47.370651 -79.813187 -18.722780 2.120045 -28.594261 -11.324806,
