Low-band skewness and kurtosis
 -2.138962 5.903618,
 -2.198186 6.613788,
 -1.645989 4.661376,
 -1.489407 4.662471,
 -1.333023 3.959786,

High-band variance
 149.720154,

Skewness, kurtosis, variance, mean, maximum and minimum of the reconstructed texture
 -2.127584 5.670582 6835.579102 220.920288 255.000000 0.000000,

Auto-correlations of the low-frequency bands at each scale
 2901.941406 3399.811523 3734.401123 3843.061035 3703.268311 3357.362305 2873.113281 3449.834961 4141.260742 4717.625488 4948.683594 4687.020996 4092.018555 3406.958496 3845.852051 4779.902832 5702.073730 6113.413086 5682.909668 4747.507324 3815.189941 3984.659668 5040.267578 6143.927734 6653.913086 6143.927734 5040.267578 3984.659668 3815.189941 4747.507324 5682.909668 6113.413086 5702.073730 4779.902832 3845.852051 3406.958496 4092.018555 4687.020996 4948.683594 4717.625488 4141.260742 3449.834961 2873.113281 3357.362305 3703.268311 3843.061035 3734.401123 3399.811523 2901.941406,
 1495.517334 1524.158325 1625.480469 1694.583252 1624.096680 1509.936401 1456.441162 1487.384644 1912.893677 2609.515381 2953.750244 2553.970947 1907.973511 1629.315063 1681.833862 2694.794434 4265.692383 5055.422852 4217.697266 2700.029785 1838.203247 1878.907104 3130.828857 5120.167969 6155.182129 5120.167969 3130.828857 1878.907104 1838.203247 2700.029785 4217.697266 5055.422852 4265.692383 2694.794434 1681.833862 1629.315063 1907.973511 2553.970947 2953.750244 2609.515381 1912.893677 1487.384644 1456.441162 1509.936401 1624.096680 1694.583252 1625.480469 1524.158325 1495.517334,
 1372.354126 1447.275513 1412.425171 1385.732910 1269.041626 1078.972046 1045.680542 1158.852295 1251.539307 1501.993286 1705.822144 1462.584351 1133.262451 1128.167236 996.978760 1341.093750 2443.399658 3198.302246 2514.203369 1510.786865 1299.666992 1203.029297 1687.211060 3255.677734 4288.627930 3255.677734 1687.211060 1203.029297 1299.666992 1510.786865 2514.203369 3198.302246 2443.399658 1341.093750 996.978760 1128.167236 1133.262451 1462.584351 1705.822144 1501.993286 1251.539307 1158.852295 1045.680542 1078.972046 1269.041626 1385.732910 1412.425171 1447.275513 1372.354126,
 304.680725 654.342285 837.628479 877.892395 834.344666 780.446411 550.257874 565.345337 917.215088 1085.100952 1061.250244 896.900635 785.959717 580.205322 538.004578 1077.488892 1690.678467 1982.270020 1602.641357 1018.362183 518.504944 463.627441 1153.920166 2067.338867 2580.322754 2067.338867 1153.920166 463.627441 518.504944 1018.362183 1602.641357 1982.270020 1690.678467 1077.488892 538.004578 580.205322 785.959717 896.900635 1061.250244 1085.100952 917.215088 565.345337 550.257874 780.446411 834.344666 877.892395 837.628479 654.342285 304.680725,
 -764.671448 -396.997223 265.672668 622.769226 280.331604 -364.861481 -738.428162 -657.810181 -246.573792 528.227539 990.341553 649.766846 -71.782097 -538.321289 -550.794861 -42.460678 906.609070 1473.428467 1035.153320 134.061813 -433.872162 -457.098389 141.872803 1176.690186 1741.232910 1176.690186 141.872803 -457.098389 -433.872162 134.061813 1035.153320 1473.428467 906.609070 -42.460678 -550.794861 -538.321289 -71.782097 649.766846 990.341553 528.227539 -246.573792 -657.810181 -738.428162 -364.861481 280.331604 622.769226 265.672668 -396.997223 -764.671448,

Auto-correlations of the modulus of each oriented sub-band
 73.744217 81.061226 88.210266 91.188576 88.108307 80.867088 73.512222 89.299438 100.656227 111.191673 115.357979 110.674171 99.838051 88.487488 105.074249 121.422783 136.452591 142.531647 136.121017 120.897987 104.553314 112.059799 131.057877 148.738068 156.125351 148.738068 131.057877 112.059799 104.553314 120.897987 136.121017 142.531647 136.452591 121.422783 105.074249 88.487488 99.838051 110.674171 115.357979 111.191673 100.656227 89.299438 73.512222 80.867088 88.108307 91.188576 88.210266 81.061226 73.744217,
 109.461060 113.668228 114.292679 109.978012 101.711426 91.515549 81.038254 114.755363 129.094986 138.710632 138.154617 127.462227 111.004478 93.491127 116.890549 140.089981 159.038773 163.746429 151.525620 129.258743 105.253220 113.707664 140.437469 164.415543 174.653839 164.415543 140.437469 113.707664 105.253220 129.258743 151.525620 163.746429 159.038773 140.089981 116.890549 93.491127 111.004478 127.462227 138.154617 138.710632 129.094986 114.755363 81.038254 91.515549 101.711426 109.978012 114.292679 113.668228 109.461060,
 83.331299 101.342033 119.760597 128.097717 120.282768 102.473274 84.381226 90.239449 112.921883 136.620529 147.758118 137.598465 114.709801 91.952202 97.221466 124.052803 152.358398 165.939789 153.165283 125.408989 98.514786 100.652924 129.183792 159.180206 173.500992 159.180206 129.183792 100.652924 98.514786 125.408989 153.165283 165.939789 152.358398 124.052803 97.221466 91.952202 114.709801 137.598465 147.758118 136.620529 112.921883 90.239449 84.381226 102.473274 120.282768 128.097717 119.760597 101.342033 83.331299,
 81.995239 91.625381 101.841385 110.586105 115.403351 114.966232 110.253189 93.547249 110.531761 127.522163 138.879974 139.567230 129.553436 114.527107 104.422546 128.402679 151.476883 164.257385 159.262283 139.599121 115.776749 112.385170 139.486481 164.299713 174.976166 164.299713 139.486481 112.385170 115.776749 139.599121 159.262283 164.257385 151.476883 128.402679 104.422546 114.527107 129.553436 139.567230 138.879974 127.522163 110.531761 93.547249 110.253189 114.966232 115.403351 110.586105 101.841385 91.625381 81.995239,
 207.213165 215.857330 221.027954 222.193665 219.105164 212.674469 204.338348 259.134979 278.546326 293.258392 299.195618 293.618561 278.363037 258.147003 319.896057 357.956207 390.619324 405.492706 394.299011 362.203094 322.199951 350.841675 401.758118 445.942505 464.557434 445.942505 401.758118 350.841675 322.199951 362.203094 394.299011 405.492706 390.619324 357.956207 319.896057 258.147003 278.363037 293.618561 299.195618 293.258392 278.546326 259.134979 204.338348 212.674469 219.105164 222.193665 221.027954 215.857330 207.213165,
 264.587250 289.981415 289.713715 264.939270 231.315216 204.415161 187.623886 287.644440 338.754913 361.698639 339.980194 287.301788 235.170853 199.664490 284.034576 358.445801 417.894989 420.332642 360.618317 283.242310 223.502823 256.908600 334.363037 418.149170 458.219116 418.149170 334.363037 256.908600 223.502823 283.242310 360.618317 420.332642 417.894989 358.445801 284.034576 199.664490 235.170853 287.301788 339.980194 361.698639 338.754913 287.644440 187.623886 204.415161 231.315216 264.939270 289.713715 289.981415 264.587250,
 251.560287 296.674408 352.541351 384.805542 359.159210 299.362762 249.474625 263.933899 320.949524 396.150787 439.076355 401.993866 323.817566 263.228699 273.058655 340.765411 433.642242 485.883270 436.950592 342.512909 273.115906 276.639313 349.288849 450.163513 505.530945 450.163513 349.288849 276.639313 273.115906 342.512909 436.950592 485.883270 433.642242 340.765411 273.058655 263.228699 323.817566 401.993866 439.076355 396.150787 320.949524 263.933899 249.474625 299.362762 359.159210 384.805542 352.541351 296.674408 251.560287,
 193.011215 223.694427 264.530609 308.276306 339.149933 342.163177 315.341675 222.638458 272.892273 335.353699 392.777710 417.676453 395.919250 341.283783 264.134613 334.408508 416.029175 475.839844 475.338318 416.732117 338.030670 307.704163 391.362640 475.444153 513.568298 475.444153 391.362640 307.704163 338.030670 416.732117 475.338318 475.839844 416.029175 334.408508 264.134613 341.283783 395.919250 417.676453 392.777710 335.353699 272.892273 222.638458 315.341675 342.163177 339.149933 308.276306 264.530609 223.694427 193.011215,
 142.101013 153.059357 161.620758 171.313217 177.554291 170.959381 150.479156 176.559921 203.827148 235.843140 260.635559 259.110748 226.564697 182.121231 223.972168 287.463959 359.109772 399.245056 374.695160 301.418243 225.774506 252.417099 342.409088 439.103973 483.714172 439.103973 342.409088 252.417099 225.774506 301.418243 374.695160 399.245056 359.109772 287.463959 223.972168 182.121231 226.564697 259.110748 260.635559 235.843140 203.827148 176.559921 150.479156 170.959381 177.554291 171.313217 161.620758 153.059357 142.101013,
 158.448975 183.150925 180.990494 156.082550 133.994308 122.853836 118.113953 182.697968 245.753418 279.200378 250.775436 196.196915 159.207916 139.329224 191.589447 282.408630 372.929596 376.614868 291.303558 207.125412 159.042999 180.312103 261.412964 378.163727 443.598389 378.163727 261.412964 180.312103 159.042999 207.125412 291.303558 376.614868 372.929596 282.408630 191.589447 139.329224 159.207916 196.196915 250.775436 279.200378 245.753418 182.697968 118.113953 122.853836 133.994308 156.082550 180.990494 183.150925 158.448975,
 153.045746 196.685455 248.455002 260.108826 213.807266 166.002716 150.867859 167.235001 230.389267 317.115326 355.453918 294.173309 211.786484 171.817123 179.771667 255.705368 374.517883 441.017761 363.327576 247.048050 184.353027 186.600006 262.626221 394.289062 477.101440 394.289062 262.626221 186.600006 184.353027 247.048050 363.327576 441.017761 374.517883 255.705368 179.771667 171.817123 211.786484 294.173309 355.453918 317.115326 230.389267 167.235001 150.867859 166.002716 213.807266 260.108826 248.455002 196.685455 153.045746,
 109.331795 119.597786 130.322113 140.316498 143.396393 135.371658 128.532349 121.773026 148.545013 185.388702 223.074707 232.678162 203.399994 164.533066 152.871399 206.880035 284.454742 348.934326 338.445648 262.590057 187.552795 182.763962 262.139252 364.721283 419.476654 364.721283 262.139252 182.763962 187.552795 262.590057 338.445648 348.934326 284.454742 206.880035 152.871399 164.533066 203.399994 232.678162 223.074707 185.388702 148.545013 121.773026 128.532349 135.371658 143.396393 140.316498 130.322113 119.597786 109.331795,
 7.910393 8.026756 10.432311 14.522403 14.680175 6.085674 -2.601519 4.041597 7.609580 15.363640 22.849543 20.894588 8.379347 0.622120 5.435634 23.093931 51.332153 67.402985 52.634430 23.312532 7.395903 9.161135 34.462620 77.309113 101.883026 77.309113 34.462620 9.161135 7.395903 23.312532 52.634430 67.402985 51.332153 23.093931 5.435634 0.622120 8.379347 20.894588 22.849543 15.363640 7.609580 4.041597 -2.601519 6.085674 14.680175 14.522403 10.432311 8.026756 7.910393,
 10.604372 31.657862 46.083004 44.328583 29.767864 18.583509 14.701321 17.103363 48.353455 70.955070 68.911842 45.019554 21.118073 8.707707 21.349241 61.130791 102.258865 109.094437 75.524399 37.040176 13.528906 20.298344 54.844112 104.611824 132.685059 104.611824 54.844112 20.298344 13.528906 37.040176 75.524399 109.094437 102.258865 61.130791 21.349241 8.707707 21.118073 45.019554 68.911842 70.955070 48.353455 17.103363 14.701321 18.583509 29.767864 44.328583 46.083004 31.657862 10.604372,
 41.397369 50.467049 68.183472 105.906578 111.163712 63.837730 19.220655 38.291061 52.085289 89.104561 139.469879 128.411728 66.191208 23.911072 32.887131 56.952190 116.609032 174.926926 141.809006 66.924385 26.383373 28.761841 63.368420 138.424026 191.363708 138.424026 63.368420 28.761841 26.383373 66.924385 141.809006 174.926926 116.609032 56.952190 32.887131 23.911072 66.191208 128.411728 139.469879 89.104561 52.085289 38.291061 19.220655 63.837730 111.163712 105.906578 68.183472 50.467049 41.397369,
 33.591393 73.362732 104.155464 117.669319 106.839622 64.214294 12.223282 42.779041 80.389351 118.192299 145.949005 133.525375 76.480339 21.040882 43.718449 84.571793 139.891571 180.289093 155.415222 84.648636 30.174679 38.437206 86.728500 157.704056 197.063202 157.704056 86.728500 38.437206 30.174679 84.648636 155.415222 180.289093 139.891571 84.571793 43.718449 21.040882 76.480339 133.525375 145.949005 118.192299 80.389351 42.779041 12.223282 64.214294 106.839622 117.669319 104.155464 73.362732 33.591393,

Pairwise cross-correlations of the modulus of all oriented sub-bands at the same scale (size QxQ)
 156.125336 113.468994 70.314369 115.667709,
 113.468994 174.653824 118.786568 80.128014,
 70.314369 118.786568 173.501022 119.517334,
 115.667709 80.128014 119.517334 174.976166,
 464.557526 365.883209 343.757660 385.276764,
 365.883209 458.219177 370.971039 360.611755,
 343.757660 370.971039 505.531006 416.824280,
 385.276764 360.611755 416.824280 513.568237,
 483.714172 337.175781 276.449127 337.393066,
 337.175781 443.598389 358.724915 275.136658,
 276.449127 358.724915 477.101440 302.026978,
 337.393066 275.136658 302.026978 419.476685,
 101.883026 68.675156 57.234478 76.616196,
 68.675156 132.685059 106.741814 98.825890,
 57.234478 106.741814 191.363708 141.860275,
 76.616196 98.825890 141.860275 197.063202,

Cross-correlations of the modulus of all oriented sub-bands with all oriented sub-bands at the coarser scale (size QxQ)
 227.354858 194.299240 165.518219 207.333496,
 203.920380 243.339951 209.216385 190.055862,
 163.818481 193.615005 255.858292 216.072845,
 205.504913 171.763672 223.288498 257.617371,
 360.293243 323.588226 310.479797 300.532867,
 321.644196 345.037659 321.391510 263.724762,
 311.385406 343.169373 388.626251 305.701111,
 340.992767 324.681793 349.524170 337.017334,
 120.734863 138.764343 171.975143 188.527130,
 96.315460 149.901794 165.542938 164.452332,
 91.154106 151.481308 177.581207 157.352448,
 95.268333 111.647079 157.561462 171.040802,

Cross-correlations of the real part of each oriented sub-band with both the real and imaginary part of all phase-doubled oriented sub-bands at the next coarser scale (Q matrices of size 1x2Q, which are computed and stored in a matrix of size Qx2Q)
 86.859924 41.124092 4.848592 45.952320 -2.157086 0.778930 -0.093716 -0.999171,
 37.418896 95.096336 47.449570 4.264622 -0.920128 2.684700 2.406220 0.013363,
 5.261047 45.860039 108.207222 48.208920 0.777945 3.067913 3.971977 -2.750503,
 43.275440 5.081989 49.855255 108.008858 1.191966 0.946462 0.633872 -4.109084,
 -120.113609 -46.985104 -9.618752 -57.118057 -15.699588 -29.640444 0.070845 5.448614,
 -46.021969 -115.514786 -52.603954 -5.272344 -15.635785 -39.569145 -7.831515 -1.283484,
 -3.529603 -57.406570 -114.207863 -54.376896 -0.398292 -5.041334 -20.373257 -1.789729,
 -54.964699 -7.412554 -59.910244 -127.484573 1.717234 -1.493744 -5.532584 9.629381,
 -48.151241 -24.520172 -9.651567 -53.282360 15.970723 -0.115578 3.569768 13.430458,
 -16.809900 -53.532867 0.864959 0.903604 9.095279 15.430553 -0.037992 -3.157549,
 -7.728182 -12.314860 14.891661 -41.157501 0.792105 15.683801 16.581652 29.855824,
 -39.290401 1.653533 -12.754514 -124.331123 3.190823 1.958265 19.961905 69.423096,
