Low-band skewness and kurtosis
 -2.090256 5.715299,
 -2.162135 6.530076,
 -1.494480 4.201227,
 -1.027043 3.211124,
 -0.927020 3.018989,

High-band variance
 162.147156,

Skewness, kurtosis, variance, mean, maximum and minimum of the reconstructed texture
 -2.076507 5.460883 6970.714844 219.875244 255.000000 0.000000,

Auto-correlations of the low-frequency bands at each scale
 2380.672119 3056.813721 3535.898438 3721.612305 3576.825195 3149.868896 2533.136475 2951.740479 3845.483154 4606.421875 4936.617188 4655.055664 3951.906982 3111.655518 3384.890869 4538.327637 5672.624512 6194.260742 5714.111816 4622.849121 3501.775146 3596.530762 4868.258789 6173.997070 6773.666016 6173.997070 4868.258789 3596.530762 3501.775146 4622.849121 5714.111816 6194.260742 5672.624512 4538.327637 3384.890869 3111.655518 3951.906982 4655.055664 4936.617188 4606.421875 3845.483154 2951.740479 2533.136475 3149.868896 3576.825195 3721.612305 3535.898438 3056.813721 2380.672119,
 844.135498 856.116882 1047.356323 1197.896240 1132.892456 986.895325 949.872314 700.317810 1212.906494 2164.738525 2721.037842 2296.512451 1404.361084 865.347473 770.229004 2015.501221 3984.795410 5036.074219 4086.115723 2158.310303 896.655396 903.025696 2524.780518 4978.227051 6227.422852 4978.227051 2524.780518 903.025696 896.655396 2158.310303 4086.115723 5036.074219 3984.795410 2015.501221 770.229004 865.347473 1404.361084 2296.512451 2721.037842 2164.738525 1212.906494 700.317810 949.872314 986.895325 1132.892456 1197.896240 1047.356323 856.116882 844.135498,
 982.037842 1012.781677 725.021606 501.393524 651.303589 1057.149292 1191.019775 1034.303711 816.154297 787.511230 930.516113 862.541748 922.721191 1057.048096 738.391235 704.148132 1868.028320 2838.616211 1972.159668 827.542053 765.566650 590.956787 798.583496 2722.931641 4133.147461 2722.931641 798.583496 590.956787 765.566650 827.542053 1972.159668 2838.616211 1868.028320 704.148132 738.391235 1057.048096 922.721191 862.541748 930.516113 787.511230 816.154297 1034.303711 1191.019775 1057.149292 651.303589 501.393524 725.021606 1012.781677 982.037842,
 2.434570 270.545349 465.010712 640.025513 736.812500 764.707092 731.364868 280.972717 492.884033 702.585022 871.706543 811.709656 728.647705 747.124207 473.644531 731.737793 1173.827271 1465.591309 1151.229370 764.133301 703.944946 616.999268 856.709106 1471.681885 1900.188354 1471.681885 856.709106 616.999268 703.944946 764.133301 1151.229370 1465.591309 1173.827271 731.737793 473.644531 747.124207 728.647705 811.709656 871.706543 702.585022 492.884033 280.972717 731.364868 764.707092 736.812500 640.025513 465.010712 270.545349 2.434570,
 -539.023804 -564.343750 -390.530823 -129.313110 87.138168 141.910065 -20.101105 -645.139771 -503.459656 -61.695755 381.215576 566.574646 427.895203 40.014130 -537.497131 -108.621857 554.507935 1006.640015 948.738892 479.366547 -103.232193 -332.270050 292.873199 993.644775 1309.729492 993.644775 292.873199 -332.270050 -103.232193 479.366547 948.738892 1006.640015 554.507935 -108.621857 -537.497131 40.014130 427.895203 566.574646 381.215576 -61.695755 -503.459656 -645.139771 -20.101105 141.910065 87.138168 -129.313110 -390.530823 -564.343750 -539.023804,

Auto-correlations of the modulus of each oriented sub-band
 73.702927 81.761269 89.538582 92.848465 89.911217 82.682747 75.263229 93.397629 106.837273 119.571098 125.173515 120.772377 109.117561 96.340622 113.166710 132.198456 149.916916 157.563141 151.076736 134.335327 115.868584 123.145882 144.600525 164.403778 172.610199 164.403778 144.600525 123.145882 115.868584 134.335327 151.076736 157.563141 149.916916 132.198456 113.166710 96.340622 109.117561 120.772377 125.173515 119.571098 106.837273 93.397629 75.263229 82.682747 89.911217 92.848465 89.538582 81.761269 73.702927,
 114.869965 120.046814 120.429092 114.834976 104.176498 90.957687 77.810684 118.493881 135.884018 147.362289 146.969666 134.180496 113.673828 91.664520 118.701805 146.565796 168.921219 174.783630 160.831558 134.115173 104.567787 114.095963 146.376831 174.612152 186.368713 174.612152 146.376831 114.095963 104.567787 134.115173 160.831558 174.783630 168.921219 146.565796 118.701805 91.664520 113.673828 134.180496 146.969666 147.362289 135.884018 118.493881 77.810684 90.957687 104.176498 114.834976 120.429092 120.046814 114.869965,
 63.858604 85.848457 108.091995 118.066269 109.519760 89.569954 70.040352 72.555542 99.552666 127.230408 140.028046 128.941742 103.392250 78.341797 81.679413 112.769829 144.850098 159.906738 146.034454 115.257286 85.261139 86.780151 119.119255 152.493042 168.073456 152.493042 119.119255 86.780151 85.261139 115.257286 146.034454 159.906738 144.850098 112.769829 81.679413 78.341797 103.392250 128.941742 140.028046 127.230408 99.552666 72.555542 70.040352 89.569954 109.519760 118.066269 108.091995 85.848457 63.858604,
 74.039055 88.730240 102.046906 111.867950 116.461029 115.729599 111.398003 87.250374 109.752548 129.924011 141.983582 141.744568 130.396362 114.168297 99.508141 128.793091 155.029358 168.484940 162.455841 140.599487 113.810555 108.877197 140.414169 168.075027 179.586212 168.075027 140.414169 108.877197 113.810555 140.599487 162.455841 168.484940 155.029358 128.793091 99.508141 114.168297 130.396362 141.744568 141.983582 129.924011 109.752548 87.250374 111.398003 115.729599 116.461029 111.867950 102.046906 88.730240 74.039055,
 192.322235 204.521957 212.861130 215.587524 213.411087 207.581711 197.752777 251.317871 281.021088 302.961487 309.277710 298.690369 277.161652 250.283813 319.191528 371.239166 413.801239 428.901306 408.559967 365.153046 315.291687 348.737488 411.893555 467.580658 491.450867 467.580658 411.893555 348.737488 315.291687 365.153046 408.559967 428.901306 413.801239 371.239166 319.191528 250.283813 277.161652 298.690369 309.277710 302.961487 281.021088 251.317871 197.752777 207.581711 213.411087 215.587524 212.861130 204.521957 192.322235,
 279.044922 304.125854 296.490753 260.297729 215.484680 180.848465 162.654129 305.006073 364.910614 388.112946 358.021240 291.830414 225.049286 181.044525 295.200256 386.840729 456.694183 458.334778 387.317902 290.826874 214.199646 258.119385 356.410004 458.099854 504.889221 458.099854 356.410004 258.119385 214.199646 290.826874 387.317902 458.334778 456.694183 386.840729 295.200256 181.044525 225.049286 291.830414 358.021240 388.112946 364.910614 305.006073 162.654129 180.848465 215.484680 260.297729 296.490753 304.125854 279.044922,
 164.221909 223.993393 291.012024 319.339417 289.882751 231.754074 182.918839 173.693008 252.034180 342.730743 384.248047 341.802216 257.093018 186.564926 181.231155 274.515228 386.303528 440.933167 386.163696 277.263580 187.935654 186.203217 284.309143 404.238617 464.798401 404.238617 284.309143 186.203217 187.935654 277.263580 386.163696 440.933167 386.303528 274.515228 181.231155 186.564926 257.093018 341.802216 384.248047 342.730743 252.034180 173.693008 182.918839 231.754074 289.882751 319.339417 291.012024 223.993393 164.221909,
 143.431290 160.730255 196.270325 243.165939 281.736023 291.911133 267.089600 164.264206 205.749039 270.599030 335.819824 366.876984 347.637573 291.472778 200.079071 271.271179 362.202698 430.425354 430.831360 368.001648 283.321838 245.810059 336.707214 430.363953 473.616699 430.363953 336.707214 245.810059 283.321838 368.001648 430.831360 430.425354 362.202698 271.271179 200.079071 291.472778 347.637573 366.876984 335.819824 270.599030 205.749039 164.264206 267.089600 291.911133 281.736023 243.165939 196.270325 160.730255 143.431290,
 137.157959 155.011475 169.184296 185.843109 207.732452 231.957001 248.168732 160.553345 204.082764 243.327515 272.572327 288.433228 291.516174 282.774109 220.964478 314.083313 402.014954 446.722992 430.111389 371.720276 304.066467 286.894073 399.706879 508.531952 556.155579 508.531952 399.706879 286.894073 304.066467 371.720276 430.111389 446.722992 402.014954 314.083313 220.964478 282.774109 291.516174 288.433228 272.572327 243.327515 204.082764 160.553345 248.168732 231.957001 207.732452 185.843109 169.184296 155.011475 137.157959,
 269.014709 326.853271 348.608948 336.390625 312.226746 289.142700 264.868713 318.896881 413.691223 468.073303 446.267731 386.549500 331.737122 289.596344 350.140564 471.050720 583.500549 591.896240 499.792419 395.739685 320.416687 347.593323 458.403778 595.978699 668.867798 595.978699 458.403778 347.593323 320.416687 395.739685 499.792419 591.896240 583.500549 471.050720 350.140564 289.596344 331.737122 386.549500 446.267731 468.073303 413.691223 318.896881 264.868713 289.142700 312.226746 336.390625 348.608948 326.853271 269.014709,
 114.734283 137.346451 179.539917 218.302261 205.250488 179.378311 158.538483 147.334808 182.292648 254.812943 317.081940 274.827911 210.587479 174.592743 172.788651 221.792282 331.329559 420.549683 340.364655 233.694626 184.404739 184.846664 239.657608 366.593872 468.137329 366.593872 239.657608 184.846664 184.404739 233.694626 340.364655 420.549683 331.329559 221.792282 172.788651 174.592743 210.587479 274.827911 317.081940 254.812943 182.292648 147.334808 158.538483 179.378311 205.250488 218.302261 179.539917 137.346451 114.734283,
 132.729889 153.132202 178.759033 212.323990 240.868774 229.699677 179.316864 151.633270 197.469116 263.957886 342.217194 373.809326 314.985168 214.489655 181.965210 268.739197 396.048981 506.497803 493.502228 361.230957 223.068207 208.779236 339.293060 504.845337 591.613281 504.845337 339.293060 208.779236 223.068207 361.230957 493.502228 506.497803 396.048981 268.739197 181.965210 214.489655 314.985168 373.809326 342.217194 263.957886 197.469116 151.633270 179.316864 229.699677 240.868774 212.323990 178.759033 153.132202 132.729889,
 4.915492 3.162874 -1.480786 -4.473707 -1.490497 7.683239 17.904587 6.272514 12.612017 19.408503 25.871651 31.346380 34.674858 34.464455 21.420952 43.091778 66.942108 81.996796 80.734909 65.929977 46.891891 41.346375 71.645447 102.140778 115.548866 102.140778 71.645447 41.346375 46.891891 65.929977 80.734909 81.996796 66.942108 43.091778 21.420952 34.464455 34.674858 31.346380 25.871651 19.408503 12.612017 6.272514 17.904587 7.683239 -1.490497 -4.473707 -1.480786 3.162874 4.915492,
 4.503463 11.613534 10.907815 -0.337748 -12.283698 -15.618751 -12.456134 21.395828 33.276989 36.151886 21.369516 1.784143 -7.905658 -8.673921 28.681229 50.299423 71.123550 64.915100 35.129589 11.651161 3.963524 19.516165 38.635307 72.274590 92.445030 72.274590 38.635307 19.516165 3.963524 11.651161 35.129589 64.915100 71.123550 50.299423 28.681229 -8.673921 -7.905658 1.784143 21.369516 36.151886 33.276989 21.395828 -12.456134 -15.618751 -12.283698 -0.337748 10.907815 11.613534 4.503463,
 -2.666830 12.884690 24.563166 28.605585 21.510801 7.355720 1.978416 -0.386064 20.486507 45.505104 63.891140 48.354332 14.623199 -0.184478 -0.298231 27.127880 71.400185 105.268417 76.637077 24.408924 -0.709881 -0.669084 29.422546 86.442879 125.289307 86.442879 29.422546 -0.669084 -0.709881 24.408924 76.637077 105.268417 71.400185 27.127880 -0.298231 -0.184478 14.623199 48.354332 63.891140 45.505104 20.486507 -0.386064 1.978416 7.355720 21.510801 28.605585 24.563166 12.884690 -2.666830,
 6.887715 15.606016 21.591864 21.475334 15.777414 7.326128 3.602193 15.873597 25.874554 35.048775 44.630180 47.219322 37.666286 27.676712 23.833147 41.625763 68.336655 97.789032 96.696777 67.569443 40.718323 34.608292 63.041313 105.256577 132.005753 105.256577 63.041313 34.608292 40.718323 67.569443 96.696777 97.789032 68.336655 41.625763 23.833147 27.676712 37.666286 47.219322 44.630180 35.048775 25.874554 15.873597 3.602193 7.326128 15.777414 21.475334 21.591864 15.606016 6.887715,

Pairwise cross-correlations of the modulus of all oriented sub-bands at the same scale (size QxQ)
 172.610214 116.417122 63.317013 118.871590,
 116.417122 186.368683 119.963341 72.623314,
 63.317013 119.963341 168.073441 110.738853,
 118.871590 72.623314 110.738853 179.586243,
 491.450897 374.613342 332.681030 389.891266,
 374.613342 504.889191 381.651306 336.377258,
 332.681030 381.651306 464.798401 368.515228,
 389.891266 336.377258 368.515228 473.616730,
 556.155640 423.416138 308.145386 401.939941,
 423.416138 668.867920 383.082245 295.245148,
 308.145386 383.082245 468.137360 359.287872,
 401.939941 295.245148 359.287872 591.613342,
 115.548866 51.386822 37.859749 70.200905,
 51.386822 92.445030 42.426994 28.726318,
 37.859749 42.426994 125.289307 67.254303,
 70.200905 28.726318 67.254303 132.005768,

Cross-correlations of the modulus of all oriented sub-bands with all oriented sub-bands at the coarser scale (size QxQ)
 247.663025 200.685822 158.302948 202.337753,
 206.191788 258.521973 210.575241 168.793167,
 157.993683 202.815674 237.888321 189.424942,
 216.289703 164.173294 203.095383 249.246445,
 400.426392 338.691528 296.964386 352.978821,
 347.281891 411.388702 305.336426 291.359680,
 318.443268 356.293274 335.540955 328.225891,
 362.399750 308.206360 285.254944 377.807678,
 124.328278 72.804138 106.154137 99.248436,
 132.265091 126.636658 116.622360 113.570038,
 74.085648 80.002556 120.744812 116.049805,
 105.817474 42.918243 92.645950 120.784531,

Cross-correlations of the real part of each oriented sub-band with both the real and imaginary part of all phase-doubled oriented sub-bands at the next coarser scale (Q matrices of size 1x2Q, which are computed and stored in a matrix of size Qx2Q)
 106.635536 49.373627 5.139987 45.176685 -0.762361 -3.547831 0.246259 0.720875,
 50.158146 114.079353 51.034382 4.585883 -1.891563 -3.411549 -1.256258 -0.215033,
 5.457657 52.256824 107.464928 45.695255 -0.527578 0.826225 -0.140216 -0.051652,
 46.336205 5.124212 45.642677 102.719742 -0.590180 0.131234 1.321436 0.995214,
 -148.865341 -83.505844 -13.890390 -77.972229 -7.322183 -10.002044 -1.100909 -10.498545,
 -78.316734 -202.258835 -100.322304 -7.560166 -13.279699 -15.309450 -4.490103 -2.398355,
 -14.885758 -93.690201 -186.988113 -68.967369 -2.703300 -6.097670 -5.055776 0.426207,
 -75.823700 -8.413277 -73.788956 -165.858246 2.279268 0.286928 2.317272 -4.989916,
 -92.269638 -27.159994 -10.326074 -44.049702 0.617622 4.449178 0.137579 23.100857,
 -25.475807 -54.195206 -39.119263 -5.716503 2.701939 12.695588 -2.010202 -0.373801,
 -7.419560 -23.594982 -90.855446 -37.054871 -2.826875 -4.766045 -35.998108 -4.879583,
 -67.076820 -3.217009 -53.652905 -79.210823 -9.569307 -2.341637 -26.396324 20.860514,
