Low-band skewness and kurtosis
 -2.116222 5.841562,
 -2.187927 6.697387,
 -1.465778 4.258092,
 -0.906834 3.183969,
 -0.634504 2.491241,

High-band variance
 162.693878,

Skewness, kurtosis, variance, mean, maximum and minimum of the reconstructed texture
 -2.101921 5.574004 6868.588867 220.382446 255.000000 0.000000,

Auto-correlations of the low-frequency bands at each scale
 2184.472656 2909.335449 3405.091797 3559.682129 3355.188477 2874.209473 2218.072266 2769.387939 3720.859863 4500.355469 4798.728516 4455.518555 3692.418457 2803.766357 3190.477539 4408.701172 5574.637695 6080.508789 5547.385742 4391.973633 3211.471680 3354.649414 4692.262695 6050.223633 6670.552734 6050.223633 4692.262695 3354.649414 3211.471680 4391.973633 5547.385742 6080.508789 5574.637695 4408.701172 3190.477539 2803.766357 3692.418457 4455.518555 4798.728516 4500.355469 3720.859863 2769.387939 2218.072266 2874.209473 3355.188477 3559.682129 3405.091797 2909.335449 2184.472656,
 300.948944 509.334412 862.003601 1041.814087 915.702698 734.595276 720.346069 269.297363 935.665527 2011.228516 2530.603516 1986.752441 1061.740967 596.539429 356.113098 1751.139893 3856.112793 4897.042969 3832.443848 1816.771729 535.637451 478.005981 2221.074219 4811.722656 6121.083008 4811.722656 2221.074219 478.005981 535.637451 1816.771729 3832.443848 4897.042969 3856.112793 1751.139893 356.113098 596.539429 1061.740967 1986.752441 2530.603516 2011.228516 935.665527 269.297363 720.346069 734.595276 915.702698 1041.814087 862.003601 509.334412 300.948944,
 371.490570 337.408203 215.623718 278.955688 424.861267 624.471130 794.351440 433.660461 149.170181 357.517639 813.128113 698.831360 598.764893 935.198669 402.917206 231.518250 1529.804688 2702.723633 1753.713379 525.662476 716.787964 456.624054 451.804901 2428.307861 3950.411865 2428.307861 451.804901 456.624054 716.787964 525.662476 1753.713379 2702.723633 1529.804688 231.518250 402.917206 935.198669 598.764893 698.831360 813.128113 357.517639 149.170181 433.660461 794.351440 624.471130 424.861267 278.955688 215.623718 337.408203 371.490570,
 430.748871 498.738251 416.182709 385.456696 366.837677 263.258331 183.012115 437.918579 328.091583 241.676758 339.276398 396.084961 415.111420 493.762512 197.670624 236.983643 650.284546 1112.668945 994.148315 662.316101 569.346558 313.227356 552.181885 1250.286377 1726.016113 1250.286377 552.181885 313.227356 569.346558 662.316101 994.148315 1112.668945 650.284546 236.983643 197.670624 493.762512 415.111420 396.084961 339.276398 241.676758 328.091583 437.918579 183.012115 263.258331 366.837677 385.456696 416.182709 498.738251 430.748871,
 -436.127380 -183.975159 96.765930 198.179810 15.445072 -301.461090 -520.914490 -266.944916 -87.790428 191.631332 345.847687 209.111649 -69.218666 -257.880280 -137.608032 68.040573 449.470947 698.889038 563.839661 224.134750 -30.871738 -24.201813 256.587372 684.819946 911.275024 684.819946 256.587372 -24.201813 -30.871738 224.134750 563.839661 698.889038 449.470947 68.040573 -137.608032 -257.880280 -69.218666 209.111649 345.847687 191.631332 -87.790428 -266.944916 -520.914490 -301.461090 15.445072 198.179810 96.765930 -183.975159 -436.127380,

Auto-correlations of the modulus of each oriented sub-band
 73.041428 82.664345 91.587761 95.102928 91.112297 81.937492 72.667282 94.564522 109.267586 122.727753 128.242981 122.756439 109.334190 94.902657 114.976486 134.562012 152.395355 159.812546 152.750977 135.120483 115.692093 124.274467 146.090302 165.981812 174.171127 165.981812 146.090302 124.274467 115.692093 135.120483 152.750977 159.812546 152.395355 134.562012 114.976486 94.902657 109.334190 122.756439 128.242981 122.727753 109.267586 94.564522 72.667282 81.937492 91.112297 95.102928 91.587761 82.664345 73.041428,
 103.634209 108.559845 109.307022 103.936073 92.687119 78.029297 63.416206 108.691765 125.184013 136.591248 136.396149 123.372131 102.106514 79.314079 109.674988 136.395615 158.209671 164.143066 150.285599 123.596176 94.051270 104.801064 136.311478 163.931824 175.547287 163.931824 136.311478 104.801064 94.051270 123.596176 150.285599 164.143066 158.209671 136.395615 109.674988 79.314079 102.106514 123.372131 136.396149 136.591248 125.184013 108.691765 63.416206 78.029297 92.687119 103.936073 109.307022 108.559845 103.634209,
 61.703659 85.368454 108.029701 118.218941 109.703941 88.901993 66.959351 70.557671 98.883507 126.340317 138.628403 127.295700 101.083321 74.042137 78.827324 111.063713 142.681824 156.993164 143.071289 112.059883 80.523994 82.696960 116.255005 149.387360 164.518066 149.387360 116.255005 82.696960 80.523994 112.059883 143.071289 156.993164 142.681824 111.063713 78.827324 74.042137 101.083321 127.295700 138.628403 126.340317 98.883507 70.557671 66.959351 88.901993 109.703941 118.218941 108.029701 85.368454 61.703659,
 67.139984 84.430031 100.635429 113.132866 119.926979 120.518913 116.249420 84.419701 109.703728 132.520676 146.873657 148.554642 138.204056 121.407967 101.187668 132.993301 160.963287 175.745300 170.820190 149.227036 121.198166 114.248383 147.705505 176.040955 187.676880 176.040955 147.705505 114.248383 121.198166 149.227036 170.820190 175.745300 160.963287 132.993301 101.187668 121.407967 138.204056 148.554642 146.873657 132.520676 109.703728 84.419701 116.249420 120.518913 119.926979 113.132866 100.635429 84.430031 67.139984,
 179.232162 186.000671 194.218002 201.548737 204.822647 203.261414 198.372879 241.974075 264.394226 284.574188 294.752991 289.192169 271.149963 248.802902 310.026306 356.296539 398.129303 416.203735 398.187225 355.759003 308.999817 339.562134 399.160187 454.825989 479.431396 454.825989 399.160187 339.562134 308.999817 355.759003 398.187225 416.203735 398.129303 356.296539 310.026306 248.802902 271.149963 289.192169 294.752991 284.574188 264.394226 241.974075 198.372879 203.261414 204.822647 201.548737 194.218002 186.000671 179.232162,
 259.315857 271.847351 258.956665 223.332596 182.602676 154.988510 144.277847 294.114868 337.076233 349.206451 316.222290 253.873749 196.885010 163.817032 290.637939 365.544464 421.628967 417.190796 349.335144 264.201141 200.892868 250.886353 334.214539 422.977478 464.767395 422.977478 334.214539 250.886353 200.892868 264.201141 349.335144 417.190796 421.628967 365.544464 290.637939 163.817032 196.885010 253.873749 316.222290 349.206451 337.076233 294.114868 144.277847 154.988510 182.602676 223.332596 258.956665 271.847351 259.315857,
 129.227448 187.424011 279.550598 338.297485 314.368713 236.848206 165.722809 141.365295 219.389252 334.507568 402.139282 360.288391 256.217102 170.132935 153.359024 247.428925 380.734222 454.425171 394.475128 266.932526 168.971512 163.082184 264.633209 403.546204 475.615723 403.546204 264.633209 163.082184 168.971512 266.932526 394.475128 454.425171 380.734222 247.428925 153.359024 170.132935 256.217102 360.288391 402.139282 334.507568 219.389252 141.365295 165.722809 236.848206 314.368713 338.297485 279.550598 187.424011 129.227448,
 137.782166 158.376297 206.289215 269.165894 319.760468 335.156006 312.226440 168.265030 217.225296 296.578735 375.876160 414.532654 396.367310 338.493774 216.175766 296.895142 401.440216 479.151123 481.577728 414.303040 323.197266 274.534180 374.463196 478.054047 524.981873 478.054047 374.463196 274.534180 323.197266 414.303040 481.577728 479.151123 401.440216 296.895142 216.175766 338.493774 396.367310 414.532654 375.876160 296.578735 217.225296 168.265030 312.226440 335.156006 319.760468 269.165894 206.289215 158.376297 137.782166,
 193.483704 199.386169 199.192337 198.924194 199.177780 194.610626 181.427734 221.976379 260.918579 297.638062 320.354004 319.572754 297.020813 261.578766 297.809998 386.662476 475.378845 519.595032 494.505920 420.030701 337.127502 358.567505 475.180756 593.136841 645.931274 593.136841 475.180756 358.567505 337.127502 420.030701 494.505920 519.595032 475.378845 386.662476 297.809998 261.578766 297.020813 319.572754 320.354004 297.638062 260.918579 221.976379 181.427734 194.610626 199.177780 198.924194 199.192337 199.386169 193.483704,
 203.840363 228.752594 214.692902 173.153793 142.474670 133.505035 126.946198 220.728699 296.849396 330.904633 285.444580 212.536041 175.063934 164.476349 219.058075 329.087891 438.043030 436.723389 328.755615 228.182907 185.557922 202.911209 294.603027 437.249146 516.483276 437.249146 294.603027 202.911209 185.557922 228.182907 328.755615 436.723389 438.043030 329.087891 219.058075 164.476349 175.063934 212.536041 285.444580 330.904633 296.849396 220.728699 126.946198 133.505035 142.474670 173.153793 214.692902 228.752594 203.840363,
 86.325600 95.720108 127.093414 147.588959 115.173431 67.886703 46.245354 92.517494 121.349426 196.554688 246.207321 184.965179 101.309113 64.169746 93.409325 141.612900 262.468384 347.971741 254.243637 130.487442 79.092720 89.024529 145.969696 287.521759 393.900452 287.521759 145.969696 89.024529 79.092720 130.487442 254.243637 347.971741 262.468384 141.612900 93.409325 64.169746 101.309113 184.965179 246.207321 196.554688 121.349426 92.517494 46.245354 67.886703 115.173431 147.588959 127.093414 95.720108 86.325600,
 125.960876 119.101318 112.175545 124.811676 149.520386 163.374939 160.876892 127.454178 143.173813 183.455292 247.467224 287.052765 270.760986 227.233322 158.773209 213.002319 315.254517 416.865540 422.443604 335.385254 244.874069 209.418579 301.450317 434.602234 507.475983 434.602234 301.450317 209.418579 244.874069 335.385254 422.443604 416.865540 315.254517 213.002319 158.773209 227.233322 270.760986 287.052765 247.467224 183.455292 143.173813 127.454178 160.876892 163.374939 149.520386 124.811676 112.175545 119.101318 125.960876,
 20.985340 17.509113 14.241329 14.647018 16.593798 16.637081 13.156635 35.774685 38.067955 38.587860 39.255791 39.005081 36.137146 30.334829 37.740776 56.096035 72.904694 79.766342 71.611465 53.843555 36.000916 36.851715 65.100258 94.899460 108.722885 94.899460 65.100258 36.851715 36.000916 53.843555 71.611465 79.766342 72.904694 56.096035 37.740776 30.334829 36.137146 39.005081 39.255791 38.587860 38.067955 35.774685 13.156635 16.637081 16.593798 14.647018 14.241329 17.509113 20.985340,
 39.825676 58.646538 60.682781 59.738251 63.477528 61.888496 48.255882 61.706955 98.408409 115.850327 105.920845 91.869629 84.961494 75.224548 73.988876 117.339737 162.709656 164.264069 127.762451 97.468170 84.303604 80.720825 110.822411 163.793182 195.783554 163.793182 110.822411 80.720825 84.303604 97.468170 127.762451 164.264069 162.709656 117.339737 73.988876 75.224548 84.961494 91.869629 105.920845 115.850327 98.408409 61.706955 48.255882 61.888496 63.477528 59.738251 60.682781 58.646538 39.825676,
 38.800564 35.101917 33.586494 48.076248 41.252907 18.782654 5.434731 48.950676 51.890968 69.227051 94.538071 74.400925 41.311920 26.919701 53.961212 63.974720 100.425819 137.724030 103.065773 59.370922 43.908234 52.897568 67.418625 114.144608 156.555450 114.144608 67.418625 52.897568 43.908234 59.370922 103.065773 137.724030 100.425819 63.974720 53.961212 26.919701 41.311920 74.400925 94.538071 69.227051 51.890968 48.950676 5.434731 18.782654 41.252907 48.076248 33.586494 35.101917 38.800564,
 17.238720 7.721781 4.560373 9.944134 13.008707 2.015814 -10.173425 17.469521 15.051167 21.128670 35.482277 37.651146 18.097931 -0.433213 15.506124 23.588036 43.326900 67.774307 60.815975 29.825806 7.062208 12.019757 30.262249 62.264561 84.737671 62.264561 30.262249 12.019757 7.062208 29.825806 60.815975 67.774307 43.326900 23.588036 15.506124 -0.433213 18.097931 37.651146 35.482277 21.128670 15.051167 17.469521 -10.173425 2.015814 13.008707 9.944134 4.560373 7.721781 17.238720,

Pairwise cross-correlations of the modulus of all oriented sub-bands at the same scale (size QxQ)
 174.171143 110.756653 59.264641 120.526566,
 110.756653 175.547272 109.082520 63.331711,
 59.264641 109.082520 164.518112 112.418365,
 120.526566 63.331711 112.418365 187.676926,
 479.431396 366.158630 323.194672 399.413544,
 366.158630 464.767426 363.934174 338.921539,
 323.194672 363.934174 475.615784 403.675049,
 399.413544 338.921539 403.675049 524.981934,
 645.931396 394.164368 253.490417 421.958679,
 394.164368 516.483337 305.317413 299.608276,
 253.490417 305.317413 393.900482 295.007690,
 421.958679 299.608276 295.007690 507.475983,
 108.722878 86.102837 41.468250 49.212997,
 86.102837 195.783539 98.592110 37.406105,
 41.468250 98.592110 156.555466 18.409643,
 49.212997 37.406105 18.409643 84.737679,

Cross-correlations of the modulus of all oriented sub-bands with all oriented sub-bands at the coarser scale (size QxQ)
 245.233246 193.048416 156.876175 214.580505,
 198.379349 244.419327 202.280594 172.579071,
 150.370224 185.796051 242.314896 207.382095,
 206.721436 157.253204 208.001953 271.324554,
 400.427002 340.139587 236.013580 323.050140,
 342.629364 366.774048 281.985291 269.376984,
 343.998901 339.550903 305.349213 303.905701,
 375.036835 317.721069 293.060669 352.218567,
 113.190651 168.511093 130.667801 89.018738,
 107.338234 169.722000 133.516632 76.312820,
 82.466667 122.876587 105.524994 77.192703,
 96.667282 132.084991 99.404259 80.876434,

Cross-correlations of the real part of each oriented sub-band with both the real and imaginary part of all phase-doubled oriented sub-bands at the next coarser scale (Q matrices of size 1x2Q, which are computed and stored in a matrix of size Qx2Q)
 107.271034 42.443085 4.828677 55.947109 0.101685 0.328969 -0.202178 0.791339,
 40.985989 107.048782 50.139507 3.831418 0.584877 0.515511 -0.575082 -0.012002,
 4.986649 50.174511 110.252419 49.162231 -0.112538 -0.001100 -0.450166 1.074348,
 55.728569 3.765876 48.616936 121.720428 -0.834397 -0.071617 -0.052939 2.552959,
 -212.417877 -89.408829 -14.870737 -87.447342 6.293660 -8.762263 -0.453084 13.160987,
 -91.628395 -181.347870 -73.605347 -9.529911 4.891405 -23.980022 -9.952065 0.875706,
 -9.584622 -80.205940 -133.984879 -67.414276 0.535267 -14.636802 -5.950478 9.462983,
 -94.990097 -12.525220 -67.231743 -170.659195 -0.056545 -1.422019 5.108167 24.986645,
 -89.150330 -45.255527 -3.899417 -2.416178 -27.180012 -5.708843 -2.289529 -12.337033,
 -55.895370 -101.399254 -34.547657 -4.657924 -27.261839 -31.496334 -31.256641 1.094045,
 -6.022679 -43.735226 -57.033348 -13.023368 -0.054271 -34.221313 -23.621178 -2.690145,
 -30.863739 -3.781455 -22.485004 -3.450397 4.244565 -4.840423 1.856667 -23.829021,
