Low-band skewness and kurtosis
 -2.145481 5.958020,
 -2.210118 6.747464,
 -1.554579 4.501821,
 -1.292038 4.928107,
 -1.039318 3.295161,

High-band variance
 154.749802,

Skewness, kurtosis, variance, mean, maximum and minimum of the reconstructed texture
 -2.133105 5.704927 6779.035645 221.025452 255.000000 0.000000,

Auto-correlations of the low-frequency bands at each scale
 2400.302002 2998.241455 3412.395508 3556.450684 3388.833008 2953.258545 2339.288330 3009.285645 3826.247070 4509.117676 4784.374512 4477.396973 3766.748047 2929.093262 3423.518311 4504.317871 5557.420410 6025.577637 5537.739746 4466.432129 3370.853271 3556.558105 4772.940918 6018.980469 6591.195312 6018.980469 4772.940918 3556.558105 3370.853271 4466.432129 5537.739746 6025.577637 5557.420410 4504.317871 3423.518311 2929.093262 3766.748047 4477.396973 4784.374512 4509.117676 3826.247070 3009.285645 2339.288330 2953.258545 3388.833008 3556.450684 3412.395508 2998.241455 2400.302002,
 748.952576 756.853943 872.445312 961.938049 916.330078 872.791565 943.475403 766.961914 1249.772583 2071.919678 2515.381348 2063.085693 1236.579956 819.488770 882.090698 2112.649170 3951.690186 4879.953125 3897.658447 2020.970825 842.969360 926.309204 2515.510498 4880.310547 6081.173828 4880.310547 2515.510498 926.309204 842.969360 2020.970825 3897.658447 4879.953125 3951.690186 2112.649170 882.090698 819.488770 1236.579956 2063.085693 2515.381348 2071.919678 1249.772583 766.961914 943.475403 872.791565 916.330078 961.938049 872.445312 756.853943 748.952576,
 518.890381 766.700684 726.215210 460.150085 552.940552 1049.128418 1257.832031 484.579529 549.062622 834.679199 889.751709 661.153809 721.486084 912.876282 338.576233 525.531738 1842.935181 2729.570312 1847.880249 708.695679 550.342346 375.656006 758.774902 2681.154785 4002.998047 2681.154785 758.774902 375.656006 550.342346 708.695679 1847.880249 2729.570312 1842.935181 525.531738 338.576233 912.876282 721.486084 661.153809 889.751709 834.679199 549.062622 484.579529 1257.832031 1049.128418 552.940552 460.150085 726.215210 766.700684 518.890381,
 63.130753 372.618317 495.289917 523.407349 597.224731 677.509521 571.664795 280.723846 411.187592 509.252594 660.336121 731.508606 737.889526 667.331055 451.479767 497.579254 909.711548 1341.788574 1112.980591 731.807251 658.722290 571.147278 652.701050 1303.834717 1823.774902 1303.834717 652.701050 571.147278 658.722290 731.807251 1112.980591 1341.788574 909.711548 497.579254 451.479767 667.331055 737.889526 731.508606 660.336121 509.252594 411.187592 280.723846 571.664795 677.509521 597.224731 523.407349 495.289917 372.618317 63.130753,
 -537.141968 -367.979431 -116.444328 75.181824 109.820793 -47.367783 -316.816528 -517.946533 -274.170837 109.674774 417.732666 464.605927 214.520752 -191.204132 -369.363342 12.701218 529.664185 877.300537 816.412842 399.141357 -116.131676 -189.161682 323.016968 870.298340 1114.340088 870.298340 323.016968 -189.161682 -116.131676 399.141357 816.412842 877.300537 529.664185 12.701218 -369.363342 -191.204132 214.520752 464.605927 417.732666 109.674774 -274.170837 -517.946533 -316.816528 -47.367783 109.820793 75.181824 -116.444328 -367.979431 -537.141968,

Auto-correlations of the modulus of each oriented sub-band
 66.678841 75.618576 83.866287 87.370743 84.408997 77.004654 69.382408 86.362442 99.789581 111.840012 116.775284 112.180374 100.843094 88.669144 106.217140 124.409363 140.592606 147.135254 140.706650 124.953629 107.594353 115.429688 135.678864 153.932037 161.406464 153.932037 135.678864 115.429688 107.594353 124.953629 140.706650 147.135254 140.592606 124.409363 106.217140 88.669144 100.843094 112.180374 116.775284 111.840012 99.789581 86.362442 69.382408 77.004654 84.408997 87.370743 83.866287 75.618576 66.678841,
 101.020752 105.812622 106.665398 101.753021 91.137428 76.868134 61.853668 106.411728 122.257607 132.740036 132.021820 119.137619 98.333183 75.766937 107.109955 133.184280 153.909180 158.996735 145.130920 118.914543 89.905060 101.311172 132.239838 159.188568 170.411224 159.188568 132.239838 101.311172 89.905060 118.914543 145.130920 158.996735 153.909180 133.184280 107.109955 75.766937 98.333183 119.137619 132.021820 132.740036 122.257607 106.411728 61.853668 76.868134 91.137428 101.753021 106.665398 105.812622 101.020752,
 67.007576 86.654900 104.626785 111.934814 103.406982 84.578178 65.124565 74.372734 98.680550 121.778854 131.691467 120.948502 97.130913 72.691780 81.063568 109.535469 137.269241 149.704666 136.867966 108.708565 80.061005 83.470543 113.702461 143.490280 157.156616 143.490280 113.702461 83.470543 80.061005 108.708565 136.867966 149.704666 137.269241 109.535469 81.063568 72.691780 97.130913 120.948502 131.691467 121.778854 98.680550 74.372734 65.124565 84.578178 103.406982 111.934814 104.626785 86.654900 67.007576,
 63.216415 77.309242 92.318192 105.280136 112.983078 113.945824 109.430222 79.505547 100.726997 121.616989 135.955475 138.465012 129.052155 113.519615 94.840012 122.224480 148.046860 162.583389 158.329178 138.236511 112.998184 106.634552 136.114532 162.511795 173.698944 162.511795 136.114532 106.634552 112.998184 138.236511 158.329178 162.583389 148.046860 122.224480 94.840012 113.519615 129.052155 138.465012 135.955475 121.616989 100.726997 79.505547 109.430222 113.945824 112.983078 105.280136 92.318192 77.309242 63.216415,
 150.639084 164.836121 175.699509 182.256973 184.488358 182.860840 177.108841 211.987991 243.717743 267.755341 278.123718 273.170013 257.407410 235.632889 284.155334 339.501251 384.765106 403.526154 388.205170 349.244843 301.303040 324.346863 389.677734 445.299194 468.743408 445.299194 389.677734 324.346863 301.303040 349.244843 388.205170 403.526154 384.765106 339.501251 284.155334 235.632889 257.407410 273.170013 278.123718 267.755341 243.717743 211.987991 177.108841 182.860840 184.488358 182.256973 175.699509 164.836121 150.639084,
 255.864197 293.658569 291.869690 250.779953 197.445740 160.373413 149.554016 277.586639 345.764404 375.935333 344.858887 273.362762 204.590805 166.265442 269.513306 361.738586 434.389130 436.297607 363.567230 267.720459 196.769608 236.672577 330.343323 430.595642 477.090698 430.595642 330.343323 236.672577 196.769608 267.720459 363.567230 436.297607 434.389130 361.738586 269.513306 166.265442 204.590805 273.362762 344.858887 375.935333 345.764404 277.586639 149.554016 160.373413 197.445740 250.779953 291.869690 293.658569 255.864197,
 141.777557 214.634476 296.599915 332.374298 299.773499 239.617050 197.555695 155.422546 242.960846 347.269501 396.348785 351.004181 263.255280 197.485718 169.734848 267.361084 388.803741 449.114990 391.278656 278.698547 192.454575 182.877747 280.868103 406.417755 470.698364 406.417755 280.868103 182.877747 192.454575 278.698547 391.278656 449.114990 388.803741 267.361084 169.734848 197.485718 263.255280 351.004181 396.348785 347.269501 242.960846 155.422546 197.555695 239.617050 299.773499 332.374298 296.599915 214.634476 141.777557,
 131.555923 161.086029 212.455536 278.056122 336.685333 364.933624 353.097290 164.415436 218.631134 298.420013 380.021179 427.777496 421.544037 372.452118 221.245972 304.470398 405.997803 483.433350 493.317688 435.989197 350.708374 292.033936 390.687805 487.509308 530.452026 487.509308 390.687805 292.033936 350.708374 435.989197 493.317688 483.433350 405.997803 304.470398 221.245972 372.452118 421.544037 427.777496 380.021179 298.420013 218.631134 164.415436 353.097290 364.933624 336.685333 278.056122 212.455536 161.086029 131.555923,
 130.450623 140.853989 158.783386 177.689850 192.002197 197.424789 190.173706 167.810532 198.798065 231.552368 253.005798 255.636475 241.097076 215.924942 217.478607 295.465271 373.860748 410.112091 382.918304 316.127625 248.016632 254.619949 359.028015 468.875061 519.388062 468.875061 359.028015 254.619949 248.016632 316.127625 382.918304 410.112091 373.860748 295.465271 217.478607 215.924942 241.097076 255.636475 253.005798 231.552368 198.798065 167.810532 190.173706 197.424789 192.002197 177.689850 158.783386 140.853989 130.450623,
 107.245239 143.097824 171.983856 181.628143 185.077515 189.589859 184.554474 158.262497 227.443283 284.012573 282.905457 238.776489 201.181351 179.951004 190.542969 297.249695 406.619568 430.320801 346.603333 244.172058 178.892883 190.076904 297.218445 435.461212 508.297363 435.461212 297.218445 190.076904 178.892883 244.172058 346.603333 430.320801 406.619568 297.249695 190.542969 179.951004 201.181351 238.776489 282.905457 284.012573 227.443283 158.262497 184.554474 189.589859 185.077515 181.628143 171.983856 143.097824 107.245239,
 72.727119 95.385193 147.308899 192.963272 195.496094 168.764954 141.151367 86.504074 135.112030 233.001221 307.490173 277.304932 203.064575 151.997345 107.129013 181.609161 320.961639 420.697754 346.995758 221.276886 145.928513 128.699738 214.399765 367.202606 470.877991 367.202606 214.399765 128.699738 145.928513 221.276886 346.995758 420.697754 320.961639 181.609161 107.129013 151.997345 203.064575 277.304932 307.490173 233.001221 135.112030 86.504074 141.151367 168.764954 195.496094 192.963272 147.308899 95.385193 72.727119,
 124.007805 133.277725 168.684204 224.026733 265.108215 264.511597 231.104614 132.696228 164.569717 240.734787 332.981873 371.315369 328.606140 252.519440 162.104141 237.183197 366.344971 478.889893 472.521179 361.421783 246.115463 208.578827 323.584717 476.504211 556.005615 476.504211 323.584717 208.578827 246.115463 361.421783 472.521179 478.889893 366.344971 237.183197 162.104141 252.519440 328.606140 371.315369 332.981873 240.734787 164.569717 132.696228 231.104614 264.511597 265.108215 224.026733 168.684204 133.277725 124.007805,
 29.405540 48.335697 62.534721 68.437408 64.861443 52.266956 32.270500 21.585447 43.062546 58.375244 64.902229 61.114540 47.271347 26.157801 40.831905 71.201935 96.665825 106.853729 95.483467 68.171600 36.587360 57.595062 98.453568 137.283554 154.568817 137.283554 98.453568 57.595062 36.587360 68.171600 95.483467 106.853729 96.665825 71.201935 40.831905 26.157801 47.271347 61.114540 64.902229 58.375244 43.062546 21.585447 32.270500 52.266956 64.861443 68.437408 62.534721 48.335697 29.405540,
 1.936086 27.421474 41.501503 45.825096 44.590012 32.639477 12.531850 -2.502793 39.620335 73.249115 72.777626 51.932819 25.618856 -1.067147 -4.609708 45.865578 106.070999 119.162033 79.953659 32.160713 -4.889380 -4.112696 43.282997 108.931450 147.184753 108.931450 43.282997 -4.112696 -4.889380 32.160713 79.953659 119.162033 106.070999 45.865578 -4.609708 -1.067147 25.618856 51.932819 72.777626 73.249115 39.620335 -2.502793 12.531850 32.639477 44.590012 45.825096 41.501503 27.421474 1.936086,
 6.035717 28.841812 44.589867 57.801258 48.115692 26.463139 4.923986 8.072362 36.137550 66.658691 83.921547 60.065166 31.350014 9.458787 9.897114 38.234764 83.387718 112.458748 75.116890 34.995964 12.478735 12.133283 37.201813 85.894524 125.888809 85.894524 37.201813 12.133283 12.478735 34.995964 75.116890 112.458748 83.387718 38.234764 9.897114 9.458787 31.350014 60.065166 83.921547 66.658691 36.137550 8.072362 4.923986 26.463139 48.115692 57.801258 44.589867 28.841812 6.035717,
 5.401643 11.627576 20.168221 35.221180 42.463913 33.059055 19.661610 13.001421 19.127258 36.395454 61.875050 67.617867 47.929077 27.403730 21.613575 37.198254 72.335297 107.852310 102.259399 65.123230 35.164062 32.496838 61.394867 108.565216 136.638184 108.565216 61.394867 32.496838 35.164062 65.123230 102.259399 107.852310 72.335297 37.198254 21.613575 27.403730 47.929077 67.617867 61.875050 36.395454 19.127258 13.001421 19.661610 33.059055 42.463913 35.221180 20.168221 11.627576 5.401643,

Pairwise cross-correlations of the modulus of all oriented sub-bands at the same scale (size QxQ)
 161.406464 109.148834 61.270088 111.062317,
 109.148834 170.411255 105.117943 63.470787,
 61.270088 105.117943 157.156647 109.420959,
 111.062317 63.470787 109.420959 173.698944,
 468.743439 366.083527 318.328796 394.273193,
 366.083527 477.090698 373.256989 347.289856,
 318.328796 373.256989 470.698364 395.824646,
 394.273193 347.289856 395.824646 530.452087,
 519.388000 345.344482 261.875824 399.161407,
 345.344482 508.297363 335.587402 305.844391,
 261.875824 335.587402 470.877991 375.090393,
 399.161407 305.844391 375.090393 556.005615,
 154.568817 72.563675 40.932999 94.183640,
 72.563675 147.184753 74.016060 48.320404,
 40.932999 74.016060 125.888809 56.144566,
 94.183640 48.320404 56.144566 136.638184,

Cross-correlations of the modulus of all oriented sub-bands with all oriented sub-bands at the coarser scale (size QxQ)
 235.057495 192.136307 148.617889 206.339752,
 196.952271 243.498734 193.989395 168.171677,
 153.500519 191.405411 231.877869 202.084930,
 203.300964 159.383057 194.457199 259.842743,
 351.590820 350.528717 287.927368 351.389679,
 307.229614 367.252991 316.620422 300.873444,
 266.024445 350.674438 350.043427 330.784241,
 316.826538 340.947174 318.744080 381.988342,
 154.289001 101.534729 57.240158 129.555054,
 127.815285 114.366898 104.444519 95.503494,
 103.805443 117.396858 130.159348 101.012573,
 163.970139 107.958931 88.911377 145.255920,

Cross-correlations of the real part of each oriented sub-band with both the real and imaginary part of all phase-doubled oriented sub-bands at the next coarser scale (Q matrices of size 1x2Q, which are computed and stored in a matrix of size Qx2Q)
 97.175468 44.045948 5.258351 45.315414 0.361969 -0.187792 -0.390126 0.882500,
 44.208324 93.612396 38.026806 4.071754 -0.871499 -0.375978 -3.018543 0.112879,
 4.839277 37.145206 97.821465 50.222675 -0.805918 -0.633691 -3.685160 -0.145735,
 43.350212 3.588508 51.526249 110.288666 -0.250825 -0.312684 -0.660873 0.003404,
 -187.400589 -75.872452 -11.443182 -79.709366 -18.333620 4.919205 3.974033 11.765409,
 -75.255753 -161.908661 -76.937759 -13.263832 -9.822724 13.149400 -0.535335 1.185808,
 -11.680724 -76.378952 -169.845490 -92.841690 -1.287108 4.072461 -4.234977 11.558941,
 -93.878494 -12.588419 -85.004723 -177.543182 -6.772189 1.572561 7.211492 24.742710,
 -46.158802 -77.516258 -10.952655 9.539869 -30.430582 -14.492559 1.244190 -8.643951,
 -56.307175 -160.953156 -54.834000 -2.107047 -13.106281 -2.636677 -13.160190 -1.972353,
 -2.550972 -61.284298 -66.185837 -18.698195 0.649826 0.466894 -33.868237 9.261161,
 15.363831 -5.412419 -25.078938 -16.137093 -10.166669 -4.973235 -5.174469 -1.235505,
