Low-band skewness and kurtosis
 -2.286739 6.557965,
 -2.331400 7.202105,
 -1.900482 5.765549,
 -1.612140 4.922700,
 -1.484352 4.372093,

High-band variance
 133.545441,

Skewness, kurtosis, variance, mean, maximum and minimum of the reconstructed texture
 -2.272882 6.309804 6410.541016 223.659302 255.000000 0.000000,

Auto-correlations of the low-frequency bands at each scale
 2872.037354 3363.175781 3756.022461 3925.519287 3774.723633 3354.495117 2795.657959 3347.780029 3994.208496 4584.968262 4846.738770 4584.739746 3968.033203 3268.104736 3679.240479 4526.585449 5400.311035 5804.317383 5394.953613 4506.012207 3629.186768 3785.359619 4743.489746 5767.124023 6247.750977 5767.124023 4743.489746 3785.359619 3629.186768 4506.012207 5394.953613 5804.317383 5400.311035 4526.585449 3679.240479 3268.104736 3968.033203 4584.739746 4846.738770 4584.968262 3994.208496 3347.780029 2795.657959 3354.495117 3774.723633 3925.519287 3756.022461 3363.175781 2872.037354,
 1350.431030 1410.742310 1669.401978 1936.860229 1838.199585 1473.692261 1254.787720 1609.537598 1946.236206 2675.701416 3142.733887 2719.204834 1842.265259 1335.251465 1856.368042 2681.475342 4119.689453 4906.361328 4091.501953 2526.701416 1571.034790 1842.954834 2980.120361 4831.495117 5807.437500 4831.495117 2980.120361 1842.954834 1571.034790 2526.701416 4091.501953 4906.361328 4119.689453 2681.475342 1856.368042 1335.251465 1842.265259 2719.204834 3142.733887 2675.701416 1946.236206 1609.537598 1254.787720 1473.692261 1838.199585 1936.860229 1669.401978 1410.742310 1350.431030,
 851.739014 835.727966 962.114136 1170.046753 1159.374634 1157.636108 1363.391602 901.522095 843.796692 1235.563477 1604.553467 1315.645264 1057.667847 1344.055054 1107.707397 1307.587891 2427.365723 3202.136719 2364.114258 1323.810059 1325.455688 1292.805786 1617.431274 3181.336426 4274.472656 3181.336426 1617.431274 1292.805786 1325.455688 1323.810059 2364.114258 3202.136719 2427.365723 1307.587891 1107.707397 1344.055054 1057.667847 1315.645264 1604.553467 1235.563477 843.796692 901.522095 1363.391602 1157.636108 1159.374634 1170.046753 962.114136 835.727966 851.739014,
 -209.404999 109.706207 446.018280 595.764343 778.834229 1043.189209 979.229004 144.878052 354.420532 736.046692 1037.406006 1181.325928 1334.633423 1203.916870 611.125244 818.300293 1396.057739 1866.411865 1705.475952 1422.651367 1189.440918 984.814880 1272.688232 1929.597168 2396.569580 1929.597168 1272.688232 984.814880 1189.440918 1422.651367 1705.475952 1866.411865 1396.057739 818.300293 611.125244 1203.916870 1334.633423 1181.325928 1037.406006 736.046692 354.420532 144.878052 979.229004 1043.189209 778.834229 595.764343 446.018280 109.706207 -209.404999,
 -553.689392 -690.157959 -634.363647 -405.107635 -163.770508 -52.500580 -120.930191 -641.485352 -614.016479 -244.799820 269.079041 586.369995 519.871948 133.491287 -564.212402 -146.726288 603.934143 1238.599976 1321.664551 837.015991 111.367340 -226.674637 538.338074 1373.160156 1746.635986 1373.160156 538.338074 -226.674637 111.367340 837.015991 1321.664551 1238.599976 603.934143 -146.726288 -564.212402 133.491287 519.871948 586.369995 269.079041 -244.799820 -614.016479 -641.485352 -120.930191 -52.500580 -163.770508 -405.107635 -634.363647 -690.157959 -553.689392,

Auto-correlations of the modulus of each oriented sub-band
 81.947250 90.224915 98.179199 101.949074 99.559937 92.510742 84.675995 99.317398 111.502174 122.827637 127.789925 123.738876 112.956017 100.927841 115.890053 132.341949 147.413605 153.735733 147.843323 133.005096 116.567192 123.255920 141.801224 158.802521 165.833389 158.802521 141.801224 123.255920 116.567192 133.005096 147.843323 153.735733 147.413605 132.341949 115.890053 100.927841 112.956017 123.738876 127.789925 122.827637 111.502174 99.317398 84.675995 92.510742 99.559937 101.949074 98.179199 90.224915 81.947250,
 90.681709 96.301674 98.543930 95.755798 88.333664 77.987465 67.105583 95.542557 109.741699 119.613297 119.753532 109.891068 94.064270 77.232254 97.235085 119.043289 137.088394 141.719559 130.334854 109.388702 87.039986 94.297424 119.042900 141.564758 151.190811 141.564758 119.042900 94.297424 87.039986 109.388702 130.334854 141.719559 137.088394 119.043289 97.235085 77.232254 94.064270 109.891068 119.753532 119.613297 109.741699 95.542557 67.105583 77.987465 88.333664 95.755798 98.543930 96.301674 90.681709,
 66.748009 81.840263 97.308342 104.438286 97.512962 81.155952 64.207710 74.158501 93.604362 113.542366 122.631454 113.274498 92.311287 71.250069 80.325768 103.815285 127.997383 139.203705 127.723869 102.866676 78.428047 82.101219 107.554779 133.743988 146.036163 133.743988 107.554779 82.101219 78.428047 102.866676 127.723869 139.203705 127.997383 103.815285 80.325768 71.250069 92.311287 113.274498 122.631454 113.542366 93.604362 74.158501 64.207710 81.155952 97.512962 104.438286 97.308342 81.840263 66.748009,
 71.453560 81.398392 90.366219 96.500664 98.397346 96.230545 92.404091 81.802887 97.202148 111.607208 120.309151 119.364655 109.585541 97.252289 91.052147 111.774529 131.707031 142.512619 137.334961 119.458138 99.444908 97.369415 120.411232 142.433792 152.141312 142.433792 120.411232 97.369415 99.444908 119.458138 137.334961 142.512619 131.707031 111.774529 91.052147 97.252289 109.585541 119.364655 120.309151 111.607208 97.202148 81.802887 92.404091 96.230545 98.397346 96.500664 90.366219 81.398392 71.453560,
 192.923187 212.665604 230.368271 241.718384 244.126511 239.231613 230.731323 248.489685 280.394745 308.221924 322.969116 320.467041 305.644196 285.236877 313.960205 360.947906 401.593903 419.550598 406.728607 373.479462 333.924561 349.729095 402.321381 448.415619 468.206848 448.415619 402.321381 349.729095 333.924561 373.479462 406.728607 419.550598 401.593903 360.947906 313.960205 285.236877 305.644196 320.467041 322.969116 308.221924 280.394745 248.489685 230.731323 239.231613 244.126511 241.718384 230.368271 212.665604 192.923187,
 230.568649 253.404922 253.011200 231.976990 204.850067 183.476242 170.432785 253.661026 295.459778 312.245270 292.762451 251.501511 212.230988 185.968857 257.555145 316.970398 362.009827 361.212982 315.079407 256.567322 210.712372 239.651703 300.727936 364.600830 394.405457 364.600830 300.727936 239.651703 210.712372 256.567322 315.079407 361.212982 362.009827 316.970398 257.555145 185.968857 212.230988 251.501511 292.762451 312.245270 295.459778 253.661026 170.432785 183.476242 204.850067 231.976990 253.011200 253.404922 230.568649,
 153.832855 196.089706 246.391327 276.446655 261.809174 218.134201 180.886169 167.648071 221.933914 288.156647 324.242249 297.228241 234.535507 184.512909 178.804520 242.516449 323.385803 365.648010 326.951843 247.476288 186.384720 185.108734 251.598297 338.448181 383.130188 338.448181 251.598297 185.108734 186.384720 247.476288 326.951843 365.648010 323.385803 242.516449 178.804520 184.512909 234.535507 297.228241 324.242249 288.156647 221.933914 167.648071 180.886169 218.134201 261.809174 276.446655 246.391327 196.089706 153.832855,
 119.114540 147.424408 184.308533 223.858185 252.971405 260.148773 246.031464 154.084015 193.650223 245.034302 295.666565 320.761353 308.035309 270.860809 196.373352 249.916855 317.160126 370.358124 373.364716 327.524597 267.911316 238.131500 303.008942 372.600281 405.682281 372.600281 303.008942 238.131500 267.911316 327.524597 373.364716 370.358124 317.160126 249.916855 196.373352 270.860809 308.035309 320.761353 295.666565 245.034302 193.650223 154.084015 246.031464 260.148773 252.971405 223.858185 184.308533 147.424408 119.114540,
 141.304260 165.114410 188.071030 206.192978 215.677139 215.641327 209.361969 176.797668 226.864532 279.791504 318.016724 324.869995 302.107635 266.824829 261.488251 348.857391 436.576019 486.363647 469.089874 402.255890 324.419586 332.760651 437.616425 538.394165 583.303467 538.394165 437.616425 332.760651 324.419586 402.255890 469.089874 486.363647 436.576019 348.857391 261.488251 266.824829 302.107635 324.869995 318.016724 279.791504 226.864532 176.797668 209.361969 215.641327 215.677139 206.192978 188.071030 165.114410 141.304260,
 144.892624 174.084061 176.079437 163.588806 158.924286 162.661057 157.906815 158.216461 219.894852 255.047150 236.580078 196.462585 175.157364 166.243439 163.138641 244.130432 329.344116 337.698914 265.261902 196.408356 166.106995 163.729904 228.697144 332.815796 392.844421 332.815796 228.697144 163.729904 166.106995 196.408356 265.261902 337.698914 329.344116 244.130432 163.138641 166.243439 175.157364 196.462585 236.580078 255.047150 219.894852 158.216461 157.906815 162.661057 158.924286 163.588806 176.079437 174.084061 144.892624,
 148.627975 200.300934 257.817505 283.005951 263.097900 243.540222 235.560135 176.872681 247.722824 343.106262 388.555359 338.673706 274.871399 241.951477 204.236099 288.473785 416.915222 487.571014 410.674988 300.839630 238.786423 226.125244 308.293152 444.376862 530.337036 444.376862 308.293152 226.125244 238.786423 300.839630 410.674988 487.571014 416.915222 288.473785 204.236099 241.951477 274.871399 338.673706 388.555359 343.106262 247.722824 176.872681 235.560135 243.540222 263.097900 283.005951 257.817505 200.300934 148.627975,
 130.054779 145.619354 177.301941 226.481354 268.170135 278.567566 256.210724 138.999512 171.625992 238.322357 318.563110 357.503693 333.343994 274.532898 168.007294 237.290817 350.725494 449.774261 452.307465 367.345703 269.422699 223.278503 326.318665 455.727081 521.381775 455.727081 326.318665 223.278503 269.422699 367.345703 452.307465 449.774261 350.725494 237.290817 168.007294 274.532898 333.343994 357.503693 318.563110 238.322357 171.625992 138.999512 256.210724 278.567566 268.170135 226.481354 177.301941 145.619354 130.054779,
 -0.355782 13.940533 25.128357 35.207447 44.019379 47.409611 41.487747 9.265123 28.989243 41.454899 46.196907 46.659313 44.274818 36.867546 41.561577 71.441971 95.893517 102.701225 90.541451 69.514755 48.850746 60.489452 94.550644 129.619293 145.740295 129.619293 94.550644 60.489452 48.850746 69.514755 90.541451 102.701225 95.893517 71.441971 41.561577 36.867546 44.274818 46.659313 46.196907 41.454899 28.989243 9.265123 41.487747 47.409611 44.019379 35.207447 25.128357 13.940533 -0.355782,
 -26.024134 -7.797640 19.335123 39.204872 43.138275 35.686798 19.834940 -7.576806 14.452670 43.399963 58.216591 50.506454 33.504520 14.423253 7.622921 39.279385 78.038864 91.806793 68.416458 35.623196 7.549465 8.988210 43.631313 88.008743 113.884651 88.008743 43.631313 8.988210 7.549465 35.623196 68.416458 91.806793 78.038864 39.279385 7.622921 14.423253 33.504520 50.506454 58.216591 43.399963 14.452670 -7.576806 19.834940 35.686798 43.138275 39.204872 19.335123 -7.797640 -26.024134,
 9.344811 18.809593 36.369850 48.196762 52.021019 44.943863 25.818977 16.608860 36.085308 71.137367 90.713638 78.780571 56.446613 28.192051 20.387955 50.941566 103.441490 135.220901 104.808815 62.026283 26.648266 23.189909 60.158379 116.583778 155.705933 116.583778 60.158379 23.189909 26.648266 62.026283 104.808815 135.220901 103.441490 50.941566 20.387955 28.192051 56.446613 78.780571 90.713638 71.137367 36.085308 16.608860 25.818977 44.943863 52.021019 48.196762 36.369850 18.809593 9.344811,
 1.150299 12.679440 20.003223 25.400665 34.417187 46.879021 55.120140 17.120075 23.303865 30.413164 48.918373 71.149521 79.294037 68.635162 22.443798 33.247360 62.697414 103.173607 115.438995 88.910316 54.460247 31.515610 61.627373 109.862007 138.106659 109.862007 61.627373 31.515610 54.460247 88.910316 115.438995 103.173607 62.697414 33.247360 22.443798 68.635162 79.294037 71.149521 48.918373 30.413164 23.303865 17.120075 55.120140 46.879021 34.417187 25.400665 20.003223 12.679440 1.150299,

Pairwise cross-correlations of the modulus of all oriented sub-bands at the same scale (size QxQ)
 165.833420 110.644035 66.727554 109.354767,
 110.644035 151.190811 103.774048 72.765930,
 66.727554 103.774048 146.036179 101.601532,
 109.354767 72.765930 101.601532 152.141312,
 468.206909 349.017914 302.899170 334.201385,
 349.017914 394.405518 316.156982 294.763184,
 302.899170 316.156982 383.130188 328.465851,
 334.201385 294.763184 328.465851 405.682281,
 583.303528 369.134674 275.420410 402.047882,
 369.134674 392.844452 324.525879 337.752686,
 275.420410 324.525879 530.337036 409.045654,
 402.047882 337.752686 409.045654 521.381775,
 145.740295 65.206741 57.637901 108.761459,
 65.206741 113.884659 73.177582 63.595707,
 57.637901 73.177582 155.705933 97.066719,
 108.761459 63.595707 97.066719 138.106689,

Cross-correlations of the modulus of all oriented sub-bands with all oriented sub-bands at the coarser scale (size QxQ)
 238.973373 183.782272 149.235703 173.596329,
 196.718185 212.572311 176.310883 148.400833,
 155.317337 175.001541 202.002609 172.518814,
 196.678772 154.120789 179.614563 212.294189,
 365.582703 310.535004 288.836334 348.582275,
 324.601562 317.363861 309.008972 302.268707,
 283.216980 295.084839 337.124512 330.985229,
 309.750916 277.587372 334.133514 373.532562,
 177.495316 116.921272 169.369751 192.330658,
 131.786285 133.540985 140.666504 139.956879,
 129.013077 149.788483 158.776672 139.148285,
 169.074570 139.020691 160.027985 169.359634,

Cross-correlations of the real part of each oriented sub-band with both the real and imaginary part of all phase-doubled oriented sub-bands at the next coarser scale (Q matrices of size 1x2Q, which are computed and stored in a matrix of size Qx2Q)
 92.377640 43.964294 2.328347 33.436432 1.102396 1.149757 0.088163 -1.093815,
 44.040020 75.759834 30.101460 4.149677 0.356750 0.682107 -2.837237 -0.739316,
 2.492186 29.432068 72.480339 28.950089 -0.584882 -1.005559 -3.763912 0.165264,
 34.003677 5.468832 32.489571 67.063797 0.060318 -0.214339 -0.329184 0.363688,
 -127.611336 -40.955700 -5.771628 -47.067825 60.139637 25.528578 2.492843 -0.965574,
 -50.509590 -98.973763 -55.918190 -10.692818 30.546143 12.747346 6.037014 2.836425,
 -2.460607 -53.873695 -151.096054 -59.301785 2.115613 -4.137824 26.820103 18.320648,
 -52.004192 -8.529527 -74.179771 -102.506180 22.683699 2.976752 21.132568 14.503988,
 -44.657501 -32.624264 -3.931450 -10.635386 -19.950319 -3.246026 4.962938 9.985585,
 -31.954197 -52.403580 -46.776672 -0.307551 -4.513435 2.698399 11.700457 1.260467,
 -1.156057 -32.139297 -77.274681 -11.281004 -1.995300 5.199715 17.777969 15.353128,
 -4.354242 -9.101927 -21.093868 -28.648388 -15.989122 1.955844 13.618484 23.445107,
