Low-band skewness and kurtosis
 -2.221122 6.260640,
 -2.283402 7.009266,
 -1.775960 5.221709,
 -1.338055 3.960164,
 -1.059767 3.204661,

High-band variance
 135.370346,

Skewness, kurtosis, variance, mean, maximum and minimum of the reconstructed texture
 -2.208957 6.023746 6595.054199 222.481201 255.000000 0.000000,

Auto-correlations of the low-frequency bands at each scale
 2889.587646 3342.430420 3664.524414 3767.885742 3603.045410 3206.646729 2655.600342 3387.093018 4032.164307 4590.066895 4819.056152 4551.030762 3930.679443 3199.864990 3743.491455 4634.653809 5520.725098 5919.996094 5501.653809 4578.666504 3636.422119 3844.719727 4875.624023 5940.158203 6430.316895 5940.158203 4875.624023 3844.719727 3636.422119 4578.666504 5501.653809 5919.996094 5520.725098 4634.653809 3743.491455 3199.864990 3930.679443 4551.030762 4819.056152 4590.066895 4032.164307 3387.093018 2655.600342 3206.646729 3603.045410 3767.885742 3664.524414 3342.430420 2889.587646,
 1626.813110 1658.386597 1655.947266 1653.276733 1520.628662 1312.608765 1216.035278 1611.531250 2009.618896 2603.581543 2896.640625 2431.868652 1619.900635 1166.864746 1679.016113 2689.542969 4168.023438 4909.328125 4051.236328 2432.900879 1385.786377 1642.129395 2984.827148 4952.494141 5957.605469 4952.494141 2984.827148 1642.129395 1385.786377 2432.900879 4051.236328 4909.328125 4168.023438 2689.542969 1679.016113 1166.864746 1619.900635 2431.868652 2896.640625 2603.581543 2009.618896 1611.531250 1216.035278 1312.608765 1520.628662 1653.276733 1655.947266 1658.386597 1626.813110,
 647.507996 1008.739563 1213.970947 1309.874146 1296.377686 1087.177856 855.507019 607.540039 1055.647217 1526.253540 1686.347046 1387.547729 1045.266846 989.246704 642.664429 1227.809326 2495.252441 3136.854492 2241.684082 1120.574463 971.333740 804.960999 1315.758789 3047.077637 4158.192383 3047.077637 1315.758789 804.960999 971.333740 1120.574463 2241.684082 3136.854492 2495.252441 1227.809326 642.664429 989.246704 1045.266846 1387.547729 1686.347046 1526.253540 1055.647217 607.540039 855.507019 1087.177856 1296.377686 1309.874146 1213.970947 1008.739563 647.507996,
 -334.906494 -22.561951 268.996216 464.176605 680.906494 918.679504 953.764893 -137.658966 220.541870 743.989197 1083.444702 1035.322876 993.536133 1018.719360 129.280304 486.450531 1357.346558 1943.048706 1502.498657 924.546631 806.775635 493.738983 788.476807 1758.077271 2439.479736 1758.077271 788.476807 493.738983 806.775635 924.546631 1502.498657 1943.048706 1357.346558 486.450531 129.280304 1018.719360 993.536133 1035.322876 1083.444702 743.989197 220.541870 -137.658966 953.764893 918.679504 680.906494 464.176605 268.996216 -22.561951 -334.906494,
 -339.768677 -620.382141 -691.112061 -508.034058 -228.567108 51.337036 158.351395 -526.115601 -682.771667 -420.721130 83.048981 474.386169 643.703796 468.358398 -669.048035 -394.613037 360.496246 1065.983398 1167.349487 814.249756 242.298721 -362.728271 294.686676 1144.644287 1590.885132 1144.644287 294.686676 -362.728271 242.298721 814.249756 1167.349487 1065.983398 360.496246 -394.613037 -669.048035 468.358398 643.703796 474.386169 83.048981 -420.721130 -682.771667 -526.115601 158.351395 51.337036 -228.567108 -508.034058 -691.112061 -620.382141 -339.768677,

Auto-correlations of the modulus of each oriented sub-band
 72.065552 79.041862 85.415154 87.904419 84.924171 77.883034 70.153290 88.227249 100.332176 110.817848 114.788773 110.129982 99.154549 86.952698 104.333572 121.561607 136.440262 142.179260 135.836044 120.689888 103.678360 111.171249 130.672668 147.904053 154.910980 147.904053 130.672668 111.171249 103.678360 120.689888 135.836044 142.179260 136.440262 121.561607 104.333572 86.952698 99.154549 110.129982 114.788773 110.817848 100.332176 88.227249 70.153290 77.883034 84.924171 87.904419 85.415154 79.041862 72.065552,
 107.350800 112.550514 113.712318 109.289429 99.937859 88.049583 76.123062 111.736557 126.570061 136.542236 136.099365 124.756073 107.113838 88.894226 113.049728 136.308334 155.313217 160.147797 147.795975 124.957840 100.771271 109.401627 136.076828 160.163208 170.357300 160.163208 136.076828 109.401627 100.771271 124.957840 147.795975 160.147797 155.313217 136.308334 113.049728 88.894226 107.113838 124.756073 136.099365 136.542236 126.570061 111.736557 76.123062 88.049583 99.937859 109.289429 113.712318 112.550514 107.350800,
 83.199448 99.680634 115.631310 122.939369 116.601967 101.126221 84.674057 90.556473 111.429977 131.863770 141.188568 132.565796 112.576889 91.885239 97.778923 122.341255 146.700027 157.909332 147.006454 122.916908 98.500008 101.008484 126.970810 152.839096 164.847000 152.839096 126.970810 101.008484 98.500008 122.916908 147.006454 157.909332 146.700027 122.341255 97.778923 91.885239 112.576889 132.565796 141.188568 131.863770 111.429977 90.556473 84.674057 101.126221 116.601967 122.939369 115.631310 99.680634 83.199448,
 76.206802 85.417725 94.516632 101.749153 105.192017 103.925079 98.877792 85.332848 101.198822 116.514374 126.511810 126.951447 117.652664 103.440788 94.474472 116.691803 137.689880 149.339294 144.952728 126.931610 104.611435 101.444382 126.660538 149.447754 159.191605 149.447754 126.660538 101.444382 104.611435 126.931610 144.952728 149.339294 137.689880 116.691803 94.474472 103.440788 117.652664 126.951447 126.511810 116.514374 101.198822 85.332848 98.877792 103.925079 105.192017 101.749153 94.516632 85.417725 76.206802,
 199.517502 209.613800 211.490509 206.944412 197.797302 186.166412 173.959244 228.638580 254.168961 272.043488 277.887238 269.750153 250.807053 226.536591 270.964752 317.693665 357.397675 375.080048 362.090302 326.225403 281.399628 299.173981 356.535339 405.867462 426.614319 405.867462 356.535339 299.173981 281.399628 326.225403 362.090302 375.080048 357.397675 317.693665 270.964752 226.536591 250.807053 269.750153 277.887238 272.043488 254.168961 228.638580 173.959244 186.166412 197.797302 206.944412 211.490509 209.613800 199.517502,
 296.430786 324.950287 315.628540 274.617828 224.962173 186.840942 164.684708 308.323944 369.529602 391.193665 357.916443 290.726990 225.684555 181.900116 291.069031 378.399841 444.090149 442.634338 373.178040 283.260742 212.145966 253.269928 343.791992 437.852051 481.461945 437.852051 343.791992 253.269928 212.145966 283.260742 373.178040 442.634338 444.090149 378.399841 291.069031 181.900116 225.684555 290.726990 357.916443 391.193665 369.529602 308.323944 164.684708 186.840942 224.962173 274.617828 315.628540 324.950287 296.430786,
 244.574402 291.581909 346.495972 377.538818 355.321899 299.187683 249.078033 255.149887 318.424103 395.645782 437.445709 403.132111 324.999237 258.837921 262.391968 339.784363 437.094940 488.336823 441.593903 343.757629 264.542175 265.701599 349.459473 455.415100 509.437378 455.415100 349.459473 265.701599 264.542175 343.757629 441.593903 488.336823 437.094940 339.784363 262.391968 258.837921 324.999237 403.132111 437.445709 395.645782 318.424103 255.149887 249.078033 299.187683 355.321899 377.538818 346.495972 291.581909 244.574402,
 201.081451 228.908173 265.581390 303.045898 325.978058 321.515289 289.696625 216.198105 262.577393 321.851562 374.085541 391.938538 364.521851 308.045532 241.694962 310.873230 391.047516 446.657990 441.541901 380.621521 301.403961 274.244934 358.465485 442.206482 479.849670 442.206482 358.465485 274.244934 301.403961 380.621521 441.541901 446.657990 391.047516 310.873230 241.694962 308.045532 364.521851 391.938538 374.085541 321.851562 262.577393 216.198105 289.696625 321.515289 325.978058 303.045898 265.581390 228.908173 201.081451,
 109.674423 144.256454 170.296005 184.564957 186.231674 178.366837 164.608841 141.990204 188.445038 229.328857 254.447510 256.251038 237.463226 207.919769 190.287292 268.743713 345.052063 387.748718 374.983032 318.576172 249.228882 242.815125 340.525238 433.598663 474.303253 433.598663 340.525238 242.815125 249.228882 318.576172 374.983032 387.748718 345.052063 268.743713 190.287292 207.919769 237.463226 256.251038 254.447510 229.328857 188.445038 141.990204 164.608841 178.366837 186.231674 184.564957 170.296005 144.256454 109.674423,
 118.299156 157.983719 185.079056 178.480591 143.622726 113.497116 98.366264 140.140427 198.003403 245.138031 240.028397 187.360199 139.942490 115.944351 150.923782 229.210938 312.934143 328.398315 253.863846 171.288086 126.305893 141.377579 215.367065 321.644897 382.132019 321.644897 215.367065 141.377579 126.305893 171.288086 253.863846 328.398315 312.934143 229.210938 150.923782 115.944351 139.942490 187.360199 240.028397 245.138031 198.003403 140.140427 98.366264 113.497116 143.622726 178.480591 185.079056 157.983719 118.299156,
 132.457901 190.845337 234.570511 241.633682 199.270615 143.287659 124.101212 152.421814 226.281586 304.897034 341.064117 283.545959 193.446869 149.152924 168.265594 255.223389 372.199554 440.822205 364.219147 239.829102 168.778046 175.444336 262.944824 400.176697 486.048035 400.176697 262.944824 175.444336 168.778046 239.829102 364.219147 440.822205 372.199554 255.223389 168.265594 149.152924 193.446869 283.545959 341.064117 304.897034 226.281586 152.421814 124.101212 143.287659 199.270615 241.633682 234.570511 190.845337 132.457901,
 114.547195 173.986252 227.464386 261.990967 267.434662 249.844070 225.242844 166.862183 230.312973 296.411346 346.198822 349.024689 307.007385 254.088684 216.532990 299.269531 400.109772 472.531403 454.450531 365.811646 274.224945 258.247009 362.914490 485.263367 547.378052 485.263367 362.914490 258.247009 274.224945 365.811646 454.450531 472.531403 400.109772 299.269531 216.532990 254.088684 307.007385 349.024689 346.198822 296.411346 230.312973 166.862183 225.242844 249.844070 267.434662 261.990967 227.464386 173.986252 114.547195,
 -53.096165 -26.840252 -6.886533 -0.153376 2.939359 10.501415 19.575253 -1.317331 41.281498 75.110222 82.337509 70.397575 55.381214 45.223076 48.172729 107.928947 167.025818 188.567184 162.042480 113.981331 73.547363 76.557175 140.236481 211.450943 245.152618 211.450943 140.236481 76.557175 73.547363 113.981331 162.042480 188.567184 167.025818 107.928947 48.172729 45.223076 55.381214 70.397575 82.337509 75.110222 41.281498 -1.317331 19.575253 10.501415 2.939359 -0.153376 -6.886533 -26.840252 -53.096165,
 -17.190084 -3.370477 8.919352 12.899140 17.040419 26.507492 34.572525 11.619263 30.294243 49.208588 47.005768 36.978386 37.800774 43.463745 39.973011 63.403133 97.499466 100.855789 71.917419 51.160633 49.374645 50.705376 67.058395 107.321960 133.862427 107.321960 67.058395 50.705376 49.374645 51.160633 71.917419 100.855789 97.499466 63.403133 39.973011 43.463745 37.800774 36.978386 47.005768 49.208588 30.294243 11.619263 34.572525 26.507492 17.040419 12.899140 8.919352 -3.370477 -17.190084,
 -7.563448 10.262459 24.458715 33.707466 40.140373 45.553272 39.302483 3.953882 25.235893 48.561203 63.189499 61.295029 54.905197 41.862991 17.952320 41.782227 76.669731 99.951370 84.695824 58.795700 37.613663 29.780788 54.700478 93.237198 118.970978 93.237198 54.700478 29.780788 37.613663 58.795700 84.695824 99.951370 76.669731 41.782227 17.952320 41.862991 54.905197 61.295029 63.189499 48.561203 25.235893 3.953882 39.302483 45.553272 40.140373 33.707466 24.458715 10.262459 -7.563448,
 -46.270512 -34.083740 -6.636354 20.843065 34.539894 33.696739 28.990688 -24.642635 6.392265 50.968575 89.249245 97.484962 74.883682 46.551960 4.169460 52.878029 115.121063 160.683990 151.695038 100.931526 49.974735 33.375397 92.106796 160.369568 195.038452 160.369568 92.106796 33.375397 49.974735 100.931526 151.695038 160.683990 115.121063 52.878029 4.169460 46.551960 74.883682 97.484962 89.249245 50.968575 6.392265 -24.642635 28.990688 33.696739 34.539894 20.843065 -6.636354 -34.083740 -46.270512,

Pairwise cross-correlations of the modulus of all oriented sub-bands at the same scale (size QxQ)
 154.910980 111.712158 69.475105 107.268219,
 111.712158 170.357315 113.729675 71.857368,
 69.475105 113.729675 164.847015 112.962151,
 107.268219 71.857368 112.962151 159.191635,
 426.614380 358.634399 330.817078 364.891754,
 358.634399 481.461975 398.518219 351.570068,
 330.817078 398.518219 509.437500 413.135864,
 364.891754 351.570068 413.135864 479.849701,
 474.303314 303.411865 289.285461 386.934174,
 303.411865 382.132019 333.895538 277.029114,
 289.285461 333.895538 486.048065 351.946228,
 386.934174 277.029114 351.946228 547.378052,
 245.152618 129.033310 65.283958 158.423782,
 129.033310 133.862427 69.898071 83.233940,
 65.283958 69.898071 118.970985 75.687988,
 158.423782 83.233940 75.687988 195.038452,

Cross-correlations of the modulus of all oriented sub-bands with all oriented sub-bands at the coarser scale (size QxQ)
 222.541992 198.416260 172.810867 196.107559,
 191.853943 248.181976 212.601501 172.358231,
 154.637634 203.195724 256.702972 210.651703,
 187.910690 167.712479 217.003571 242.128555,
 352.768921 278.503387 285.451599 344.992096,
 328.978027 315.694122 330.383514 333.798737,
 331.925018 316.443176 381.947784 391.773651,
 351.510345 276.727936 344.254395 406.350372,
 182.315308 126.673119 105.502151 172.428604,
 117.636383 105.036957 108.618271 139.846283,
 143.589218 112.099846 151.933624 159.099457,
 179.489410 124.073059 127.669052 172.398010,

Cross-correlations of the real part of each oriented sub-band with both the real and imaginary part of all phase-doubled oriented sub-bands at the next coarser scale (Q matrices of size 1x2Q, which are computed and stored in a matrix of size Qx2Q)
 83.057785 40.706738 4.330712 38.104530 -0.856983 -0.654518 0.246030 -2.094542,
 40.165955 96.922165 40.076797 4.192069 -1.923674 -0.564396 3.992886 0.588477,
 4.697529 41.313801 87.728462 44.757362 -0.551946 1.823137 10.920259 1.137129,
 36.731026 2.348842 39.480888 92.715378 1.079392 0.559366 4.557611 -3.908403,
 -80.927910 -30.706722 -6.545437 -63.663651 -43.134930 -15.230371 -0.227792 2.124725,
 -29.753963 -62.894188 -35.367710 -4.117235 -30.412445 -7.303120 0.143847 1.614866,
 -7.821573 -21.939861 -77.236115 -50.930096 0.615650 0.011342 -9.377494 -6.242135,
 -56.649704 -0.938884 -38.188614 -137.102829 -4.108653 -3.674750 -3.509965 -6.768214,
 -107.278214 -46.194950 -3.897980 -28.321880 -9.910001 -2.826990 0.399555 8.537636,
 -49.577934 -61.796577 -14.368265 -5.077282 -5.291524 -3.071404 11.763079 1.260112,
 -4.286507 -12.723095 -27.943186 -38.875507 -3.190716 -1.408116 37.623707 13.239901,
 -42.324497 -4.525069 -15.858829 -76.696846 -10.287101 -0.056626 15.767728 25.085386,
