Low-band skewness and kurtosis
 -2.189023 6.138018,
 -2.255459 6.922776,
 -1.628414 4.569187,
 -1.435898 4.264280,
 -1.416018 4.047333,

High-band variance
 150.800049,

Skewness, kurtosis, variance, mean, maximum and minimum of the reconstructed texture
 -2.176120 5.887348 6658.356445 221.877563 255.000000 0.000000,

Auto-correlations of the low-frequency bands at each scale
 2825.019287 3319.813232 3659.523193 3768.306641 3593.922607 3159.262939 2556.747803 3262.291504 3977.366699 4585.450195 4834.759766 4545.436523 3871.337402 3087.490723 3564.842041 4544.417480 5516.220703 5955.125977 5499.210938 4494.131348 3482.859131 3654.684326 4772.231445 5936.694824 6474.436035 5936.694824 4772.231445 3654.684326 3482.859131 4494.131348 5499.210938 5955.125977 5516.220703 4544.417480 3564.842041 3087.490723 3871.337402 4545.436523 4834.759766 4585.450195 3977.366699 3262.291504 2556.747803 3159.262939 3593.922607 3768.306641 3659.523193 3319.813232 2825.019287,
 1665.806030 1749.149048 1790.731812 1688.927734 1396.353882 1127.971313 1126.092651 1556.785156 1941.985596 2614.020996 2923.139893 2392.577637 1516.592041 1102.868652 1518.161133 2489.426270 4100.753906 4925.657715 3998.481445 2254.772949 1228.830566 1425.012573 2740.058838 4871.352051 5973.333984 4871.352051 2740.058838 1425.012573 1228.830566 2254.772949 3998.481445 4925.657715 4100.753906 2489.426270 1518.161133 1102.868652 1516.592041 2392.577637 2923.139893 2614.020996 1941.985596 1556.785156 1126.092651 1127.971313 1396.353882 1688.927734 1790.731812 1749.149048 1665.806030,
 1419.668945 1474.834839 1365.553223 1129.016235 1032.483398 1429.312866 1763.500000 1494.725586 1484.761475 1632.975586 1551.722046 1117.286377 1208.807373 1622.977783 1335.609131 1507.982666 2499.188477 3057.563965 2085.416992 1191.511475 1246.641602 1148.905273 1436.831665 2961.585205 4079.398926 2961.585205 1436.831665 1148.905273 1246.641602 1191.511475 2085.416992 3057.563965 2499.188477 1507.982666 1335.609131 1622.977783 1208.807373 1117.286377 1551.722046 1632.975586 1484.761475 1494.725586 1763.500000 1429.312866 1032.483398 1129.016235 1365.553223 1474.834839 1419.668945,
 244.459320 531.924377 755.100220 935.757996 1082.863892 1024.478394 765.141724 622.942871 933.353943 1183.639893 1303.072876 1292.397949 1172.733643 928.403320 868.420349 1226.297363 1674.623413 1898.226318 1645.864624 1273.342773 978.465271 957.470703 1338.409668 1915.134033 2268.318359 1915.134033 1338.409668 957.470703 978.465271 1273.342773 1645.864624 1898.226318 1674.623413 1226.297363 868.420349 928.403320 1172.733643 1292.397949 1303.072876 1183.639893 933.353943 622.942871 765.141724 1024.478394 1082.863892 935.757996 755.100220 531.924377 244.459320,
 -745.564819 -605.440613 -427.770386 -214.530945 -90.844849 -221.757492 -542.998535 -517.576355 -238.596954 164.313568 550.045532 608.776001 223.655579 -313.019958 -244.236481 275.546387 967.236328 1433.678955 1250.082031 533.438599 -165.903290 -125.631470 577.605896 1434.036133 1839.880371 1434.036133 577.605896 -125.631470 -165.903290 533.438599 1250.082031 1433.678955 967.236328 275.546387 -244.236481 -313.019958 223.655579 608.776001 550.045532 164.313568 -238.596954 -517.576355 -542.998535 -221.757492 -90.844849 -214.530945 -427.770386 -605.440613 -745.564819,

Auto-correlations of the modulus of each oriented sub-band
 82.068649 88.000397 93.658020 95.655861 92.495239 85.797607 78.902878 99.690460 110.473808 120.256531 123.738411 118.712204 107.828911 96.387756 117.110725 133.381287 148.108078 153.772217 146.993301 131.489319 114.806740 123.940651 143.125076 160.814926 168.176208 160.814926 143.125076 123.940651 114.806740 131.489319 146.993301 153.772217 148.108078 133.381287 117.110725 96.387756 107.828911 118.712204 123.738411 120.256531 110.473808 99.690460 78.902878 85.797607 92.495239 95.655861 93.658020 88.000397 82.068649,
 115.694046 120.268791 120.801552 116.486092 108.095314 97.338905 85.832214 117.682281 133.863876 144.730484 144.498138 133.032028 115.132690 96.372299 117.030746 142.937759 164.278336 169.831818 156.417709 131.762344 105.847168 113.022537 142.357178 169.194458 180.671875 169.194458 142.357178 113.022537 105.847168 131.762344 156.417709 169.831818 164.278336 142.937759 117.030746 96.372299 115.132690 133.032028 144.498138 144.730484 133.863876 117.682281 85.832214 97.338905 108.095314 116.486092 120.801552 120.268791 115.694046,
 80.008835 96.747063 112.838074 119.369064 110.689438 92.239769 73.797409 85.501686 106.751564 128.373169 137.891907 126.809242 103.506889 81.233925 90.929985 116.130173 142.828796 155.335114 142.015808 114.441391 88.805580 92.606812 119.498917 148.569946 162.656189 148.569946 119.498917 92.606812 88.805580 114.441391 142.015808 155.335114 142.828796 116.130173 90.929985 81.233925 103.506889 126.809242 137.891907 128.373169 106.751564 85.501686 73.797409 92.239769 110.689438 119.369064 112.838074 96.747063 80.008835,
 82.008087 93.237534 104.568596 113.370834 117.501060 117.004501 113.828629 92.117798 110.910736 128.982529 140.441376 140.877823 131.356506 117.849213 103.059647 128.239075 151.869141 164.707947 159.813751 140.702881 117.738647 112.431938 139.683258 164.373474 174.965546 164.373474 139.683258 112.431938 117.738647 140.702881 159.813751 164.707947 151.869141 128.239075 103.059647 117.849213 131.356506 140.877823 140.441376 128.982529 110.910736 92.117798 113.828629 117.004501 117.501060 113.370834 104.568596 93.237534 82.008087,
 233.901749 243.280914 248.777664 249.573730 245.329208 238.201447 230.780838 291.548126 314.965881 333.077881 339.817719 331.275085 311.519043 288.484283 356.455597 399.664429 436.916504 453.009399 438.234131 400.644531 356.405060 387.380127 442.489990 491.415527 512.317139 491.415527 442.489990 387.380127 356.405060 400.644531 438.234131 453.009399 436.916504 399.664429 356.455597 288.484283 311.519043 331.275085 339.817719 333.077881 314.965881 291.548126 230.780838 238.201447 245.329208 249.573730 248.777664 243.280914 233.901749,
 334.025299 362.983093 354.612366 312.348511 257.998474 216.007690 196.528412 346.905090 403.124268 425.347290 396.122070 329.401428 261.490540 218.607132 335.450317 415.101929 476.092773 477.706055 413.063110 324.394653 255.107483 299.967834 385.367676 473.914459 514.343384 473.914459 385.367676 299.967834 255.107483 324.394653 413.063110 477.706055 476.092773 415.101929 335.450317 218.607132 261.490540 329.401428 396.122070 425.347290 403.124268 346.905090 196.528412 216.007690 257.998474 312.348511 354.612366 362.983093 334.025299,
 233.722443 291.312775 343.549438 355.544983 308.092346 238.697845 189.161896 234.441864 306.526611 380.764526 406.610870 351.533264 264.339966 200.340790 231.548279 313.638123 409.071747 451.684326 392.155548 290.090149 213.084534 224.431610 308.533875 414.882019 470.939545 414.882019 308.533875 224.431610 213.084534 290.090149 392.155548 451.684326 409.071747 313.638123 231.548279 200.340790 264.339966 351.533264 406.610870 380.764526 306.526611 234.441864 189.161896 238.697845 308.092346 355.544983 343.549438 291.312775 233.722443,
 232.366989 246.001984 266.168579 292.135315 314.894653 321.925995 308.038300 240.125183 267.210266 309.317078 354.065033 377.996338 366.556458 328.854065 258.062988 309.053711 377.685608 432.068237 434.300842 385.716431 321.905151 290.816833 360.158264 435.685913 471.713318 435.685913 360.158264 290.816833 321.905151 385.716431 434.300842 432.068237 377.685608 309.053711 258.062988 328.854065 366.556458 377.996338 354.065033 309.317078 267.210266 240.125183 308.038300 321.925995 314.894653 292.135315 266.168579 246.001984 232.366989,
 195.734390 218.905716 238.342041 250.368652 247.991394 227.945175 195.128708 232.739746 272.305725 308.327423 326.121948 314.491058 274.923950 223.609741 277.827271 351.052887 424.709381 458.235291 426.664093 350.258575 271.330872 299.942291 395.443054 495.991821 542.023071 495.991821 395.443054 299.942291 271.330872 350.258575 426.664093 458.235291 424.709381 351.052887 277.827271 223.609741 274.923950 314.491058 326.121948 308.327423 272.305725 232.739746 195.128708 227.945175 247.991394 250.368652 238.342041 218.905716 195.734390,
 131.876221 154.507111 164.056976 159.054565 144.655548 130.897949 121.799049 169.196518 228.414398 263.455933 249.970963 204.455963 162.880188 140.044205 182.141235 272.689484 359.519165 368.251831 293.369385 208.334503 157.688660 173.539581 256.535095 370.262695 431.180939 370.262695 256.535095 173.539581 157.688660 208.334503 293.369385 368.251831 359.519165 272.689484 182.141235 140.044205 162.880188 204.455963 249.970963 263.455933 228.414398 169.196518 121.799049 130.897949 144.655548 159.054565 164.056976 154.507111 131.876221,
 98.601669 129.948807 181.197647 216.564178 194.951340 155.099838 133.143570 108.285942 154.686707 241.723190 302.503784 255.828171 171.707947 135.598999 118.056992 176.598480 304.725250 395.752930 315.349091 183.808075 130.996719 125.205696 186.853638 336.593079 438.735229 336.593079 186.853638 125.205696 130.996719 183.808075 315.349091 395.752930 304.725250 176.598480 118.056992 135.598999 171.707947 255.828171 302.503784 241.723190 154.686707 108.285942 133.143570 155.099838 194.951340 216.564178 181.197647 129.948807 98.601669,
 188.335526 227.830399 258.726440 293.346497 328.593262 335.755554 307.254120 227.417862 274.463440 339.825867 418.804901 460.525330 425.808533 354.396484 277.160187 349.303650 464.215881 569.796753 569.829895 467.847534 362.937286 330.186676 431.592773 570.291565 643.631653 570.291565 431.592773 330.186676 362.937286 467.847534 569.829895 569.796753 464.215881 349.303650 277.160187 354.396484 425.808533 460.525330 418.804901 339.825867 274.463440 227.417862 307.254120 335.755554 328.593262 293.346497 258.726440 227.830399 188.335526,
 -9.609774 -1.487527 5.589380 10.469973 12.685869 11.769477 8.007053 -6.161883 5.106810 16.075356 21.418474 20.121315 16.164289 12.429213 7.839886 26.211361 45.316429 52.292976 42.087608 25.870235 14.367344 18.276791 39.581444 65.514427 78.611031 65.514427 39.581444 18.276791 14.367344 25.870235 42.087608 52.292976 45.316429 26.211361 7.839886 12.429213 16.164289 20.121315 21.418474 16.075356 5.106810 -6.161883 8.007053 11.769477 12.685869 10.469973 5.589380 -1.487527 -9.609774,
 -5.349298 2.955937 9.003596 9.265656 6.623519 1.692021 -4.564897 -2.891959 9.753817 22.466370 22.166817 12.921193 5.093969 0.612689 7.300610 22.403215 45.277683 51.651226 34.250683 16.873983 10.468721 14.952635 26.858433 52.708263 69.408531 52.708263 26.858433 14.952635 10.468721 16.873983 34.250683 51.651226 45.277683 22.403215 7.300610 0.612689 5.093969 12.921193 22.166817 22.466370 9.753817 -2.891959 -4.564897 1.692021 6.623519 9.265656 9.003596 2.955937 -5.349298,
 7.363373 5.070627 5.085128 13.313207 17.003468 5.848186 -8.026836 11.312185 8.177369 19.429600 38.708878 33.696663 9.806279 -5.512947 13.570662 14.127234 39.379860 67.543816 49.673485 15.888154 2.782410 10.943376 18.119186 52.969940 81.249863 52.969940 18.119186 10.943376 2.782410 15.888154 49.673485 67.543816 39.379860 14.127234 13.570662 -5.512947 9.806279 33.696663 38.708878 19.429600 8.177369 11.312185 -8.026836 5.848186 17.003468 13.313207 5.085128 5.070627 7.363373,
 -4.364639 14.345209 35.274364 57.049965 68.906326 56.006363 31.694572 4.472494 30.111286 59.033802 88.283829 92.712036 63.804691 29.629702 12.379322 45.992962 92.227257 131.178711 118.769661 67.955582 24.466091 18.329977 60.638737 120.078720 154.201385 120.078720 60.638737 18.329977 24.466091 67.955582 118.769661 131.178711 92.227257 45.992962 12.379322 29.629702 63.804691 92.712036 88.283829 59.033802 30.111286 4.472494 31.694572 56.006363 68.906326 57.049965 35.274364 14.345209 -4.364639,

Pairwise cross-correlations of the modulus of all oriented sub-bands at the same scale (size QxQ)
 168.176239 121.257477 69.892517 116.664307,
 121.257477 180.671875 119.681725 80.411743,
 69.892517 119.681725 162.656219 113.134438,
 116.664307 80.411743 113.134438 174.965515,
 512.317200 400.393951 334.609619 377.746277,
 400.393951 514.343445 404.288696 339.387115,
 334.609619 404.288696 470.939636 366.967224,
 377.746277 339.387115 366.967224 471.713379,
 542.023193 322.830597 291.209595 472.969452,
 322.830597 431.181000 340.375061 323.000641,
 291.209595 340.375061 438.735291 362.729401,
 472.969452 323.000641 362.729401 643.631714,
 78.611031 41.581127 48.031197 76.382812,
 41.581127 69.408531 49.735428 54.596066,
 48.031197 49.735428 81.249863 77.207794,
 76.382812 54.596066 77.207794 154.201385,

Cross-correlations of the modulus of all oriented sub-bands with all oriented sub-bands at the coarser scale (size QxQ)
 250.614258 209.731094 165.945221 199.254837,
 216.631927 260.670685 214.038727 173.000366,
 163.556076 210.412537 238.833832 190.281662,
 212.521393 179.539459 205.491928 249.023117,
 398.161682 304.727966 294.971161 392.426239,
 326.232727 325.863312 314.059174 350.216461,
 318.951233 307.593933 339.815735 376.584900,
 346.747406 266.170258 295.077515 415.396423,
 101.849625 72.594482 105.088776 150.062515,
 79.308472 90.105515 102.910507 112.765869,
 83.997086 100.968796 120.330338 127.295631,
 127.616806 94.501099 126.656799 178.865143,

Cross-correlations of the real part of each oriented sub-band with both the real and imaginary part of all phase-doubled oriented sub-bands at the next coarser scale (Q matrices of size 1x2Q, which are computed and stored in a matrix of size Qx2Q)
 99.022484 53.311543 5.285870 43.655376 1.195457 -2.939593 0.428263 0.602939,
 49.853764 117.427841 47.099693 4.156691 -0.031581 -4.954339 -1.331745 -0.332414,
 5.871094 51.246315 99.175606 43.963238 -0.521974 -2.415040 -1.508648 0.708754,
 41.507824 5.038750 43.225067 99.458565 -0.842405 -0.786327 2.038559 2.457047,
 -137.700073 -45.620041 -7.604822 -87.651924 18.274258 8.609127 0.050940 -20.074196,
 -50.599136 -120.510818 -61.482037 -7.220241 2.761929 15.679678 3.563910 -1.609930,
 -10.788679 -60.158859 -139.308029 -69.616287 2.543644 9.402567 7.632936 -3.164839,
 -82.437416 -5.953911 -63.723434 -177.280869 18.721024 0.660732 2.167890 -22.884661,
 3.653011 -14.993240 -2.542326 -6.388317 5.614704 12.273050 0.013359 -3.898572,
 -5.520498 -50.092464 -22.411352 -2.236107 7.814466 15.746109 -1.032772 -1.403759,
 -1.066786 -25.968937 -61.455696 -19.019024 0.554297 0.677158 5.872357 -6.020768,
 5.310504 -1.077950 -32.676449 -24.494825 -3.048362 0.308629 4.126012 -11.299020,
