Low-band skewness and kurtosis
 -2.307637 6.641475,
 -2.347617 7.238717,
 -1.941997 5.801544,
 -1.713715 5.261309,
 -1.217652 3.653391,

High-band variance
 127.926437,

Skewness, kurtosis, variance, mean, maximum and minimum of the reconstructed texture
 -2.294452 6.404088 6365.136230 224.041443 255.000000 0.000000,

Auto-correlations of the low-frequency bands at each scale
 3132.061279 3556.409912 3872.367920 3988.774414 3833.805420 3458.545166 2969.176025 3552.194824 4142.408203 4656.077637 4867.135742 4611.689941 4047.166748 3414.879883 3842.037354 4632.664551 5427.610840 5783.501953 5393.008301 4567.755371 3760.047607 3921.787109 4814.675293 5763.591309 6208.563477 5763.591309 4814.675293 3921.787109 3760.047607 4567.755371 5393.008301 5783.501953 5427.610840 4632.664551 3842.037354 3414.879883 4047.166748 4611.689941 4867.135742 4656.077637 4142.408203 3552.194824 2969.176025 3458.545166 3833.805420 3988.774414 3872.367920 3556.409912 3132.061279,
 1725.721558 1842.685181 1982.127319 2044.198975 1942.663208 1807.490356 1764.043823 1875.513916 2294.308105 2942.322754 3249.558350 2828.235840 2122.161621 1728.934326 2036.273193 2909.716064 4257.133789 4930.004395 4164.069336 2761.155029 1889.051514 2067.196533 3177.146973 4892.275391 5782.498047 4892.275391 3177.146973 2067.196533 1889.051514 2761.155029 4164.069336 4930.004395 4257.133789 2909.716064 2036.273193 1728.934326 2122.161621 2828.235840 3249.558350 2942.322754 2294.308105 1875.513916 1764.043823 1807.490356 1942.663208 2044.198975 1982.127319 1842.685181 1725.721558,
 609.870483 934.133179 1054.199829 1210.986450 1590.755005 1939.295532 1916.898560 929.235901 1186.543579 1509.821899 1733.173340 1728.348022 1735.049194 1673.019043 1180.968506 1632.296753 2683.030518 3303.755859 2613.529541 1695.155396 1367.142822 1249.141724 1834.129272 3348.730957 4330.520996 3348.730957 1834.129272 1249.141724 1367.142822 1695.155396 2613.529541 3303.755859 2683.030518 1632.296753 1180.968506 1673.019043 1735.049194 1728.348022 1733.173340 1509.821899 1186.543579 929.235901 1916.898560 1939.295532 1590.755005 1210.986450 1054.199829 934.133179 609.870483,
 -735.684326 -470.927734 -106.704468 439.746094 1141.510620 1679.580078 1639.409912 -446.569672 -50.661072 543.351624 1177.282227 1561.955078 1558.736328 1142.543701 -93.842911 510.780518 1475.802490 2193.595215 2029.446533 1311.565796 602.123840 218.380280 1000.077209 2133.147949 2747.071045 2133.147949 1000.077209 218.380280 602.123840 1311.565796 2029.446533 2193.595215 1475.802490 510.780518 -93.842911 1142.543701 1558.736328 1561.955078 1177.282227 543.351624 -50.661072 -446.569672 1639.409912 1679.580078 1141.510620 439.746094 -106.704468 -470.927734 -735.684326,
 -160.081009 -709.223511 -1088.188232 -729.648315 182.606750 769.128540 656.051697 -751.708496 -1032.242554 -761.621948 244.039368 1156.800537 1103.896362 347.228363 -1016.922974 -817.090454 160.422302 1357.192261 1573.350098 684.749146 -307.238525 -864.185181 -137.554260 1163.787964 1878.201904 1163.787964 -137.554260 -864.185181 -307.238525 684.749146 1573.350098 1357.192261 160.422302 -817.090454 -1016.922974 347.228363 1103.896362 1156.800537 244.039368 -761.621948 -1032.242554 -751.708496 656.051697 769.128540 182.606750 -729.648315 -1088.188232 -709.223511 -160.081009,

Auto-correlations of the modulus of each oriented sub-band
 80.076233 88.583794 95.827629 98.290421 94.722359 87.156685 79.313721 94.782555 107.604752 118.580460 122.532486 117.442764 105.981232 93.474922 108.345367 125.842957 141.145721 147.079926 140.514191 124.941132 107.621445 113.974762 133.735809 151.447449 158.724442 151.447449 133.735809 113.974762 107.621445 124.941132 140.514191 147.079926 141.145721 125.842957 108.345367 93.474922 105.981232 117.442764 122.532486 118.580460 107.604752 94.782555 79.313721 87.156685 94.722359 98.290421 95.827629 88.583794 80.076233,
 88.988998 94.079567 96.908600 95.353203 89.267303 80.453484 71.102280 94.644592 107.701706 117.436646 118.347855 109.616196 95.132874 79.892944 97.119591 117.451126 134.721710 139.511658 128.899963 109.153824 88.361427 94.788559 117.995758 139.442719 148.718201 139.442719 117.995758 94.788559 88.361427 109.153824 128.899963 139.511658 134.721710 117.451126 97.119591 79.892944 95.132874 109.616196 118.347855 117.436646 107.701706 94.644592 71.102280 80.453484 89.267303 95.353203 96.908600 94.079567 88.988998,
 74.401978 86.727585 98.540520 104.035995 99.273964 87.666656 75.200378 82.119171 98.578270 115.007332 122.635956 115.236259 98.729774 82.056030 88.812660 108.918045 129.529999 139.312042 129.538666 108.779007 88.495186 91.318558 112.961716 135.367950 146.152390 135.367950 112.961716 91.318558 88.495186 108.779007 129.538666 139.312042 129.529999 108.918045 88.812660 82.056030 98.729774 115.236259 122.635956 115.007332 98.578270 82.119171 75.200378 87.666656 99.273964 104.035995 98.540520 86.727585 74.401978,
 75.303787 86.391670 96.376015 103.059265 104.989555 102.501610 97.581894 84.565056 101.056686 116.503304 125.886246 125.259041 115.527252 102.135536 93.879875 115.694778 136.387650 147.610001 142.795273 125.002701 103.839241 100.951653 125.170357 147.534302 157.236633 147.534302 125.170357 100.951653 103.839241 125.002701 142.795273 147.610001 136.387650 115.694778 93.879875 102.135536 115.527252 125.259041 125.886246 116.503304 101.056686 84.565056 97.581894 102.501610 104.989555 103.059265 96.376015 86.391670 75.303787,
 186.128906 199.338913 211.567734 221.888428 228.507675 229.637527 224.920563 239.250595 261.580231 282.423553 295.566010 295.796417 284.273163 266.750946 302.504272 339.408234 373.277435 390.017822 380.084259 350.458588 315.498169 336.540527 381.683716 422.642181 440.216339 422.642181 381.683716 336.540527 315.498169 350.458588 380.084259 390.017822 373.277435 339.408234 302.504272 266.750946 284.273163 295.796417 295.566010 282.423553 261.580231 239.250595 224.920563 229.637527 228.507675 221.888428 211.567734 199.338913 186.128906,
 221.272491 240.173828 236.460281 214.710770 190.144302 173.653168 166.161224 249.164261 289.374725 304.620056 284.746460 243.709717 204.805389 179.442154 252.944702 312.099182 356.569885 356.291565 310.262878 250.716049 203.797546 233.190460 295.020630 359.136658 388.800720 359.136658 295.020630 233.190460 203.797546 250.716049 310.262878 356.291565 356.569885 312.099182 252.944702 179.442154 204.805389 243.709717 284.746460 304.620056 289.374725 249.164261 166.161224 173.653168 190.144302 214.710770 236.460281 240.173828 221.272491,
 159.997131 198.718643 243.185913 269.548370 258.338043 219.930466 182.217926 175.965668 225.313766 284.379242 316.733093 294.791595 239.921768 191.574615 190.423157 248.803848 321.668610 360.035706 326.736908 256.221466 198.930298 199.158447 260.655579 338.727356 378.688538 338.727356 260.655579 199.158447 198.930298 256.221466 326.736908 360.035706 321.668610 248.803848 190.423157 191.574615 239.921768 294.791595 316.733093 284.379242 225.313766 175.965668 182.217926 219.930466 258.338043 269.548370 243.185913 198.718643 159.997131,
 177.674744 198.095337 227.260040 260.765442 286.676910 291.776428 272.976471 195.830200 229.345230 277.231445 323.271790 343.300659 325.274811 282.340027 222.022034 273.709229 340.601196 390.334442 388.017090 337.326050 274.396301 251.604172 317.137726 388.555786 422.067810 388.555786 317.137726 251.604172 274.396301 337.326050 388.017090 390.334442 340.601196 273.709229 222.022034 282.340027 325.274811 343.300659 323.271790 277.231445 229.345230 195.830200 272.976471 291.776428 286.676910 260.765442 227.260040 198.095337 177.674744,
 116.388428 139.365616 156.380112 173.438538 191.556137 204.749863 206.039581 145.647369 177.939728 206.628220 229.592056 241.407700 237.543884 218.874115 196.555359 255.770264 311.733429 342.856842 333.418854 291.824158 239.570892 239.600220 314.628235 385.213074 416.263458 385.213074 314.628235 239.600220 239.570892 291.824158 333.418854 342.856842 311.733429 255.770264 196.555359 218.874115 237.543884 241.407700 229.592056 206.628220 177.939728 145.647369 206.039581 204.749863 191.556137 173.438538 156.380112 139.365616 116.388428,
 153.021423 211.201950 237.705078 225.873062 192.868500 159.118332 126.701538 180.964920 263.634705 315.719238 306.476562 254.116714 201.020859 155.018021 198.385986 298.245270 386.399658 400.716644 332.077820 248.031967 181.054932 197.591843 289.508850 394.471649 449.105408 394.471649 289.508850 197.591843 181.054932 248.031967 332.077820 400.716644 386.399658 298.245270 198.385986 155.018021 201.020859 254.116714 306.476562 315.719238 263.634705 180.964920 126.701538 159.118332 192.868500 225.873062 237.705078 211.201950 153.021423,
 139.070435 196.024200 243.796661 273.821106 271.695465 251.502289 227.005341 173.918365 240.688126 321.297760 369.957336 338.672394 282.680725 241.154846 207.037720 278.123962 387.299744 456.135498 394.176697 301.005798 245.340637 233.298096 300.012787 415.416809 492.925110 415.416809 300.012787 233.298096 245.340637 301.005798 394.176697 456.135498 387.299744 278.123962 207.037720 241.154846 282.680725 338.672394 369.957336 321.297760 240.688126 173.918365 227.005341 251.502289 271.695465 273.821106 243.796661 196.024200 139.070435,
 124.417343 176.688583 231.173920 286.540680 322.014679 315.801758 289.246948 183.862686 245.200104 322.115540 399.132324 424.190552 377.876740 315.227356 250.657043 331.999756 443.450012 533.972534 520.756165 422.985413 329.927612 308.002167 407.086212 534.246643 601.198120 534.246643 407.086212 308.002167 329.927612 422.985413 520.756165 533.972534 443.450012 331.999756 250.657043 315.227356 377.876740 424.190552 399.132324 322.115540 245.200104 183.862686 289.246948 315.801758 322.014679 286.540680 231.173920 176.688583 124.417343,
 -51.469460 -31.773869 -6.608446 21.771639 47.986420 65.132202 68.965286 -25.656363 3.503159 28.958416 46.252266 54.909801 56.016010 50.199821 11.550562 55.854420 91.589386 104.810959 92.794357 67.228455 39.832756 34.833931 83.643036 128.544052 148.146225 128.544052 83.643036 34.833931 39.832756 67.228455 92.794357 104.810959 91.589386 55.854420 11.550562 50.199821 56.016010 54.909801 46.252266 28.958416 3.503159 -25.656363 68.965286 65.132202 47.986420 21.771639 -6.608446 -31.773869 -51.469460,
 -25.335262 10.309860 45.340706 74.383339 95.039772 105.082016 96.264481 -7.829208 41.339211 86.041534 114.744415 124.034653 116.709343 93.955185 19.694366 80.139336 136.271149 164.326721 155.377594 122.539055 79.419571 52.123665 110.748093 165.657684 190.480743 165.657684 110.748093 52.123665 79.419571 122.539055 155.377594 164.326721 136.271149 80.139336 19.694366 93.955185 116.709343 124.034653 114.744415 86.041534 41.339211 -7.829208 96.264481 105.082016 95.039772 74.383339 45.340706 10.309860 -25.335262,
 -50.228710 -33.851658 -3.461094 28.126982 41.905010 47.251354 51.795727 -36.426750 -10.747038 35.877441 74.690453 70.014168 50.782616 43.687164 -14.726389 18.556225 80.369659 124.686516 97.584656 50.758907 29.851530 9.382502 41.168747 105.474655 148.281097 105.474655 41.168747 9.382502 29.851530 50.758907 97.584656 124.686516 80.369659 18.556225 -14.726389 43.687164 50.782616 70.014168 74.690453 35.877441 -10.747038 -36.426750 51.795727 47.251354 41.905010 28.126982 -3.461094 -33.851658 -50.228710,
 -95.136520 -48.207207 13.795269 67.970894 106.943024 132.565247 138.427338 -59.452274 3.212738 76.747925 133.709763 155.829193 149.249313 124.222687 -15.489929 55.284393 139.183426 196.717361 189.880234 139.358276 83.569923 33.141716 103.927582 184.483978 225.394196 184.483978 103.927582 33.141716 83.569923 139.358276 189.880234 196.717361 139.183426 55.284393 -15.489929 124.222687 149.249313 155.829193 133.709763 76.747925 3.212738 -59.452274 138.427338 132.565247 106.943024 67.970894 13.795269 -48.207207 -95.136520,

Pairwise cross-correlations of the modulus of all oriented sub-bands at the same scale (size QxQ)
 158.724457 109.354248 72.046959 109.042686,
 109.354248 148.718231 102.634933 72.254852,
 72.046959 102.634933 146.152405 107.748375,
 109.042686 72.254852 107.748375 157.236649,
 440.216339 338.636688 284.936951 339.265686,
 338.636688 388.800720 309.953308 299.888367,
 284.936951 309.953308 378.688538 335.077881,
 339.265686 299.888367 335.077881 422.067841,
 416.263519 322.268433 317.731293 406.616577,
 322.268433 449.105408 340.321777 310.535400,
 317.731293 340.321777 492.925171 416.321472,
 406.616577 310.535400 416.321472 601.198242,
 148.146225 95.419067 66.844452 128.224365,
 95.419067 190.480759 89.609726 109.340454,
 66.844452 89.609726 148.281097 142.062958,
 128.224365 109.340454 142.062958 225.394196,

Cross-correlations of the modulus of all oriented sub-bands with all oriented sub-bands at the coarser scale (size QxQ)
 226.823044 180.401886 145.585892 181.295288,
 186.648895 206.771240 168.702408 153.397812,
 149.440094 174.474915 202.536606 184.291306,
 186.082764 155.040054 177.830826 221.504700,
 334.297668 277.886963 292.013550 362.531921,
 294.718231 288.360016 304.427582 314.973999,
 270.838684 283.873779 333.661560 333.495483,
 306.887390 266.616241 313.598419 384.040405,
 137.490387 153.476715 111.047073 150.218140,
 113.754112 145.867828 98.361313 119.178925,
 125.641998 122.453659 148.245422 183.252991,
 164.568512 146.927841 156.951187 217.359528,

Cross-correlations of the real part of each oriented sub-band with both the real and imaginary part of all phase-doubled oriented sub-bands at the next coarser scale (Q matrices of size 1x2Q, which are computed and stored in a matrix of size Qx2Q)
 80.982437 38.590370 2.645652 33.698864 -3.121681 -1.058602 0.503379 3.427438,
 38.002693 74.701385 30.535618 2.781846 -1.329348 -1.206598 -1.878123 0.306742,
 3.874937 28.827660 67.897285 29.797722 0.109356 -3.009665 -1.059998 1.108251,
 34.190109 3.865381 28.380791 72.688980 -0.697113 -1.233231 1.718549 3.842213,
 -93.328400 -44.783524 -1.020077 -35.406776 21.636314 -1.023482 0.218217 -1.405686,
 -47.313595 -95.737793 -39.399414 -6.077267 12.662512 -6.061912 -7.119291 -1.973519,
 -5.931247 -37.236000 -96.510696 -34.827930 0.228939 -0.938864 -13.744754 7.907187,
 -41.515900 -2.922665 -38.398441 -73.506065 5.954680 1.264962 1.394992 8.101885,
 -6.260174 -19.623007 -4.510778 -47.121189 15.174006 -13.804767 -3.194094 -2.542830,
 -7.211510 -39.451496 -1.580994 -5.594684 -3.791466 -38.921593 -22.008217 1.499978,
 -4.308026 -3.830134 -74.497101 -75.531998 1.678097 -15.044209 -21.469749 -1.439533,
 -7.790238 1.157878 -71.372253 -141.753647 16.702854 2.092508 1.052865 -14.284609,
