Low-band skewness and kurtosis
 -2.242728 6.341149,
 -2.290645 6.983097,
 -1.862190 5.372589,
 -1.699666 5.254205,
 -1.531945 4.508902,

High-band variance
 131.019882,

Skewness, kurtosis, variance, mean, maximum and minimum of the reconstructed texture
 -2.229184 6.107766 6550.562500 222.874695 255.000000 0.000000,

Auto-correlations of the low-frequency bands at each scale
 2951.774414 3430.283447 3800.095459 3995.662842 3963.299072 3719.865479 3328.308594 3430.412109 4063.046387 4627.973633 4917.045410 4768.788086 4302.656738 3726.761230 3828.903076 4656.896484 5501.593262 5918.725586 5589.898926 4802.263672 3999.972900 4047.570557 4968.137207 5938.378418 6390.504883 5938.378418 4968.137207 4047.570557 3999.972900 4802.263672 5589.898926 5918.725586 5501.593262 4656.896484 3828.903076 3726.761230 4302.656738 4768.788086 4917.045410 4627.973633 4063.046387 3430.412109 3328.308594 3719.865479 3963.299072 3995.662842 3800.095459 3430.283447 2951.774414,
 1897.858276 1924.726807 2036.435547 2207.188965 2268.847168 2202.851318 2089.766113 1765.535156 2097.508057 2769.621338 3256.624512 3094.923584 2554.927490 2134.395752 1875.381592 2747.081543 4180.492188 5009.081055 4420.896484 3109.162109 2190.720215 2112.240723 3281.104492 5040.121094 5939.322266 5040.121094 3281.104492 2112.240723 2190.720215 3109.162109 4420.896484 5009.081055 4180.492188 2747.081543 1875.381592 2134.395752 2554.927490 3094.923584 3256.624512 2769.621338 2097.508057 1765.535156 2089.766113 2202.851318 2268.847168 2207.188965 2036.435547 1924.726807 1897.858276,
 973.670471 1298.221924 1502.490479 1591.245117 1650.283936 1869.616455 2071.980225 1449.983398 1506.253784 1767.938477 2085.757324 1952.981934 1757.524048 1830.312744 1862.523438 1851.049805 2686.033691 3475.476074 2846.075684 1872.207520 1742.050293 1909.716187 2059.127930 3385.925293 4379.915039 3385.925293 2059.127930 1909.716187 1742.050293 1872.207520 2846.075684 3475.476074 2686.033691 1851.049805 1862.523438 1830.312744 1757.524048 1952.981934 2085.757324 1767.938477 1506.253784 1449.983398 2071.980225 1869.616455 1650.283936 1591.245117 1502.490479 1298.221924 973.670471,
 -597.304260 -296.205872 174.924103 679.101868 1057.790039 1352.584229 1493.091309 -142.856323 275.260193 870.793457 1367.079468 1559.963379 1664.796875 1639.929565 484.344543 1045.260742 1839.633423 2354.077637 2165.875000 1766.036621 1434.228516 1041.553467 1618.800293 2431.925537 2904.372803 2431.925537 1618.800293 1041.553467 1434.228516 1766.036621 2165.875000 2354.077637 1839.633423 1045.260742 484.344543 1639.929565 1664.796875 1559.963379 1367.079468 870.793457 275.260193 -142.856323 1493.091309 1352.584229 1057.790039 679.101868 174.924103 -296.205872 -597.304260,
 -509.316132 -926.527588 -1048.789185 -778.841064 -239.288727 248.562347 340.128021 -806.871338 -986.334717 -634.721558 111.535324 807.568970 1000.208496 556.193359 -944.857422 -492.090546 522.302246 1505.702881 1749.298340 1137.937622 130.522736 -581.118774 459.653259 1680.310059 2248.114502 1680.310059 459.653259 -581.118774 130.522736 1137.937622 1749.298340 1505.702881 522.302246 -492.090546 -944.857422 556.193359 1000.208496 807.568970 111.535324 -634.721558 -986.334717 -806.871338 340.128021 248.562347 -239.288727 -778.841064 -1048.789185 -926.527588 -509.316132,

Auto-correlations of the modulus of each oriented sub-band
 78.676735 83.951370 89.564545 92.132484 89.976028 84.416550 78.541771 92.558441 102.276894 111.764664 115.909874 112.220505 102.738304 92.290222 106.307381 121.234680 135.186890 141.104279 135.620667 121.780579 106.423119 112.682625 130.358765 146.617981 153.352448 146.617981 130.358765 112.682625 106.423119 121.780579 135.620667 141.104279 135.186890 121.234680 106.307381 92.290222 102.738304 112.220505 115.909874 111.764664 102.276894 92.558441 78.541771 84.416550 89.976028 92.132484 89.564545 83.951370 78.676735,
 108.513664 113.438835 114.503044 110.530983 102.757362 93.401207 84.339622 113.112686 127.211029 136.304810 135.116425 124.307678 108.851959 93.641983 114.260239 136.219528 154.197678 158.130005 145.704666 124.552956 103.153702 110.702904 135.264648 158.120392 168.096039 158.120392 135.264648 110.702904 103.153702 124.552956 145.704666 158.130005 154.197678 136.219528 114.260239 93.641983 108.851959 124.307678 135.116425 136.304810 127.211029 113.112686 84.339622 93.401207 102.757362 110.530983 114.503044 113.438835 108.513664,
 80.566078 96.660599 113.420631 121.847916 116.761833 102.424576 86.491722 88.429161 108.980209 130.335144 140.959274 133.432404 114.363083 94.186775 96.640236 120.953003 146.094955 158.413406 147.994736 124.248260 100.225014 101.331490 127.020477 153.206665 165.613922 153.206665 127.020477 101.331490 100.225014 124.248260 147.994736 158.413406 146.094955 120.953003 96.640236 94.186775 114.363083 133.432404 140.959274 130.335144 108.980209 88.429161 86.491722 102.424576 116.761833 121.847916 113.420631 96.660599 80.566078,
 72.726631 84.172234 94.866211 102.390221 104.626495 101.325752 94.796211 82.181114 99.977448 116.526062 126.614532 125.731171 114.457123 98.916908 91.303261 114.859276 136.888351 148.717957 143.330948 123.875862 100.616402 98.006592 124.137207 147.949127 158.174408 147.949127 124.137207 98.006592 100.616402 123.875862 143.330948 148.717957 136.888351 114.859276 91.303261 98.916908 114.457123 125.731171 126.614532 116.526062 99.977448 82.181114 94.796211 101.325752 104.626495 102.390221 94.866211 84.172234 72.726631,
 185.864197 192.452698 198.002457 202.766907 205.605148 205.178650 200.244232 228.670502 243.462646 256.576630 263.288116 259.838776 248.384888 233.257294 274.763062 307.791138 337.852478 350.130951 336.329285 305.790161 273.162109 293.993042 337.330109 379.327271 398.116150 379.327271 337.330109 293.993042 273.162109 305.790161 336.329285 350.130951 337.852478 307.791138 274.763062 233.257294 248.384888 259.838776 263.288116 256.576630 243.462646 228.670502 200.244232 205.178650 205.605148 202.766907 198.002457 192.452698 185.864197,
 314.773621 345.729248 348.114410 323.661438 288.897003 255.535645 228.213684 345.055420 396.099854 418.784729 397.541077 348.318604 297.118164 256.140320 347.515930 416.309967 470.372894 471.391571 418.079803 348.055634 290.027283 324.606476 395.583466 470.117188 504.993988 470.117188 395.583466 324.606476 290.027283 348.055634 418.079803 471.391571 470.372894 416.309967 347.515930 256.140320 297.118164 348.318604 397.541077 418.784729 396.099854 345.055420 228.213684 255.535645 288.897003 323.661438 348.114410 345.729248 314.773621,
 227.162933 277.958130 330.962372 351.618896 324.647858 276.505737 237.927094 240.591766 300.466858 370.130981 399.760925 362.371948 296.471802 246.536316 249.527542 316.949066 402.081116 442.147034 395.922424 313.127960 251.924454 253.322632 321.680573 412.696411 460.456055 412.696411 321.680573 253.322632 251.924454 313.127960 395.922424 442.147034 402.081116 316.949066 249.527542 246.536316 296.471802 362.371948 399.760925 370.130981 300.466858 240.591766 237.927094 276.505737 324.647858 351.618896 330.962372 277.958130 227.162933,
 179.934998 189.682236 208.847015 239.170776 267.383087 276.263916 262.154846 200.607315 221.194046 259.332306 303.570984 326.474335 312.489319 275.138367 225.158813 264.533936 322.800049 370.869049 371.625305 326.637024 271.060730 251.579102 307.401489 371.624481 402.595001 371.624481 307.401489 251.579102 271.060730 326.637024 371.625305 370.869049 322.800049 264.533936 225.158813 275.138367 312.489319 326.474335 303.570984 259.332306 221.194046 200.607315 262.154846 276.263916 267.383087 239.170776 208.847015 189.682236 179.934998,
 110.000877 150.450912 191.913452 230.656876 260.811188 276.984344 276.679260 176.742401 226.252838 271.333588 303.633118 316.643707 310.358673 289.246948 257.496490 329.456909 391.210541 421.116943 408.153900 362.157776 302.825043 306.946289 392.177490 466.272583 497.030853 466.272583 392.177490 306.946289 302.825043 362.157776 408.153900 421.116943 391.210541 329.456909 257.496490 289.246948 310.358673 316.643707 303.633118 271.333588 226.252838 176.742401 276.679260 276.984344 260.811188 230.656876 191.913452 150.450912 110.000877,
 132.922073 186.063492 225.187531 221.023834 187.747162 162.707840 157.623154 201.148529 268.496826 322.677490 318.866791 265.015686 210.953415 181.827026 245.897293 331.813873 415.820618 431.121246 362.031677 276.110504 217.086380 246.604858 331.118591 434.118500 488.497925 434.118500 331.118591 246.604858 217.086380 276.110504 362.031677 431.121246 415.820618 331.813873 245.897293 181.827026 210.953415 265.015686 318.866791 322.677490 268.496826 201.148529 157.623154 162.707840 187.747162 221.023834 225.187531 186.063492 132.922073,
 66.775078 108.269562 163.618195 205.255005 207.522217 200.842255 209.548370 108.363129 158.565445 239.450333 295.014008 270.581970 223.119064 204.566132 145.613480 203.273483 307.457062 376.685181 322.803070 235.874527 193.241898 174.184082 230.874100 339.606354 411.483704 339.606354 230.874100 174.184082 193.241898 235.874527 322.803070 376.685181 307.457062 203.273483 145.613480 204.566132 223.119064 270.581970 295.014008 239.450333 158.565445 108.363129 209.548370 200.842255 207.522217 205.255005 163.618195 108.269562 66.775078,
 51.279648 89.511932 125.605682 164.321442 204.165436 223.669464 214.375717 97.231430 140.346054 189.784882 251.113678 287.934998 271.419983 231.660049 151.591034 201.903015 279.616180 360.497528 362.326996 293.989990 230.034851 200.154602 263.975006 360.519592 418.789856 360.519592 263.975006 200.154602 230.034851 293.989990 362.326996 360.497528 279.616180 201.903015 151.591034 231.660049 271.419983 287.934998 251.113678 189.784882 140.346054 97.231430 214.375717 223.669464 204.165436 164.321442 125.605682 89.511932 51.279648,
 -30.286009 -12.155222 8.737411 29.845161 47.081570 57.214592 58.998718 -4.453964 19.893833 42.472382 59.387005 67.839493 66.936905 57.497971 26.067846 58.854324 86.642128 100.464096 96.696556 80.354233 57.497841 50.035339 84.335983 113.640167 126.091461 113.640167 84.335983 50.035339 57.497841 80.354233 96.696556 100.464096 86.642128 58.854324 26.067846 57.497971 66.936905 67.839493 59.387005 42.472382 19.893833 -4.453964 58.998718 57.214592 47.081570 29.845161 8.737411 -12.155222 -30.286009,
 -5.851828 -1.523652 2.554831 9.716873 16.032784 16.855839 15.596163 1.480109 12.000246 23.667767 30.672049 33.547104 31.932631 23.439037 9.908913 25.894493 50.667549 62.007973 52.369606 39.521301 27.015858 20.854546 36.868057 63.304768 80.196625 63.304768 36.868057 20.854546 27.015858 39.521301 52.369606 62.007973 50.667549 25.894493 9.908913 23.439037 31.932631 33.547104 30.672049 23.667767 12.000246 1.480109 15.596163 16.855839 16.032784 9.716873 2.554831 -1.523652 -5.851828,
 -43.255791 -22.790260 0.322112 8.543682 11.350690 24.120998 40.109306 -25.691875 2.647638 43.598549 60.874649 47.200623 36.277931 38.168076 -3.899630 27.252838 81.826263 111.061218 81.636108 44.872063 31.149698 16.523880 42.815414 96.976555 133.207062 96.976555 42.815414 16.523880 31.149698 44.872063 81.636108 111.061218 81.826263 27.252838 -3.899630 38.168076 36.277931 47.200623 60.874649 43.598549 2.647638 -25.691875 40.109306 24.120998 11.350690 8.543682 0.322112 -22.790260 -43.255791,
 -56.034721 -35.084259 -5.032051 33.131943 63.193901 73.250862 75.053001 -23.819597 -3.940891 31.325558 77.108055 100.485687 91.614380 75.550125 7.636312 31.190407 79.455421 129.953461 131.841949 95.091469 63.811226 38.586193 70.895676 125.205688 158.485107 125.205688 70.895676 38.586193 63.811226 95.091469 131.841949 129.953461 79.455421 31.190407 7.636312 75.550125 91.614380 100.485687 77.108055 31.325558 -3.940891 -23.819597 75.053001 73.250862 63.193901 33.131943 -5.032051 -35.084259 -56.034721,

Pairwise cross-correlations of the modulus of all oriented sub-bands at the same scale (size QxQ)
 153.352448 114.385315 75.258293 107.935066,
 114.385315 168.096069 116.222710 77.059166,
 75.258293 116.222710 165.613953 115.564835,
 107.935066 77.059166 115.564835 158.174393,
 398.116150 362.227600 311.539795 331.146118,
 362.227600 504.994019 389.365356 333.283142,
 311.539795 389.365356 460.456085 350.347931,
 331.146118 333.283142 350.347931 402.595001,
 497.030884 380.511414 306.947571 350.746582,
 380.511414 488.497955 332.542603 270.253845,
 306.947571 332.542603 411.483704 308.852295,
 350.746582 270.253845 308.852295 418.789917,
 126.091476 58.493004 60.712124 105.244576,
 58.493004 80.196625 44.542488 60.945007,
 60.712124 44.542488 133.207077 98.389534,
 105.244576 60.945007 98.389534 158.485123,

Cross-correlations of the modulus of all oriented sub-bands with all oriented sub-bands at the coarser scale (size QxQ)
 212.331863 207.670517 163.633118 180.314240,
 185.939651 254.558228 205.327286 162.387527,
 153.058685 210.202774 237.020035 186.183655,
 182.387650 175.538712 199.109161 216.169556,
 356.705841 318.769226 257.789642 288.646606,
 366.391602 386.872437 325.127991 304.240112,
 328.584564 340.645691 310.830841 284.348206,
 335.741394 311.145020 267.606689 288.162659,
 170.686752 85.982765 110.750137 160.669189,
 154.389740 101.769051 99.680557 151.885513,
 138.783829 91.205246 129.209320 155.373672,
 138.336823 66.209465 114.760513 158.550735,

Cross-correlations of the real part of each oriented sub-band with both the real and imaginary part of all phase-doubled oriented sub-bands at the next coarser scale (Q matrices of size 1x2Q, which are computed and stored in a matrix of size Qx2Q)
 64.442101 34.723988 4.255660 31.688784 0.484881 3.812027 0.590206 3.376488,
 31.240938 88.892082 46.393974 4.604063 1.910389 3.843410 -4.794803 -0.500292,
 3.780293 44.670231 100.228134 40.959286 -0.358905 -1.264800 -8.681827 1.268081,
 28.551405 4.547137 41.571213 81.029892 -2.541454 0.147121 -0.679470 7.429549,
 -72.711624 -29.073402 -3.507015 -39.105408 5.639691 -1.718755 -1.147724 18.662859,
 -30.702091 -50.352833 -37.660213 -7.918447 3.337964 -17.613129 -0.573049 0.297551,
 -2.962412 -18.334223 -105.789383 -47.546051 -1.462241 -5.703321 12.203736 12.584417,
 -32.154816 -3.566397 -50.218754 -88.621613 -2.223486 1.361007 9.941792 38.015125,
 -19.105259 -11.753403 -2.151366 -23.196484 -40.803104 -4.968102 -1.521304 13.245638,
 -10.660450 -21.798462 -33.177570 -2.896365 -15.880713 12.110353 -0.334054 2.757687,
 -2.696666 -15.723074 -92.390503 -36.225731 -0.638033 6.062806 -7.889926 -1.817603,
 -14.191185 -5.133499 -41.449669 -62.879593 -15.536337 -4.210981 -5.416375 8.639392,
