Low-band skewness and kurtosis
 -2.118368 5.827811,
 -2.182339 6.574793,
 -1.573390 4.472236,
 -1.307396 4.312439,
 -1.134655 3.562462,

High-band variance
 156.297211,

Skewness, kurtosis, variance, mean, maximum and minimum of the reconstructed texture
 -2.105365 5.580787 6886.810059 220.478882 255.000000 0.000000,

Auto-correlations of the low-frequency bands at each scale
 2553.835938 3195.039551 3638.905518 3791.198486 3619.206787 3201.408203 2660.996094 3124.385010 3966.161133 4664.695801 4945.742188 4649.575684 3979.045410 3227.639404 3551.909912 4631.096191 5678.930664 6143.846680 5671.213867 4642.163574 3617.611084 3735.408203 4915.721680 6135.679688 6696.870117 6135.679688 4915.721680 3735.408203 3617.611084 4642.163574 5671.213867 6143.846680 5678.930664 4631.096191 3551.909912 3227.639404 3979.045410 4649.575684 4945.742188 4664.695801 3966.161133 3124.385010 2660.996094 3201.408203 3619.206787 3791.198486 3638.905518 3195.039551 2553.835938,
 851.989258 1052.563232 1320.199463 1426.763184 1383.447510 1417.560303 1520.443359 775.518799 1415.768188 2381.500000 2825.868896 2381.672363 1708.508179 1431.691650 981.319397 2214.487549 4100.059570 5037.264648 4108.460938 2416.793701 1427.974609 1303.145752 2751.597412 5017.039062 6186.790039 5017.039062 2751.597412 1303.145752 1427.974609 2416.793701 4108.460938 5037.264648 4100.059570 2214.487549 981.319397 1431.691650 1708.508179 2381.672363 2825.868896 2381.500000 1415.768188 775.518799 1520.443359 1417.560303 1383.447510 1426.763184 1320.199463 1052.563232 851.989258,
 992.830017 856.160889 746.631958 868.952393 1062.153442 1176.171387 1209.215332 803.446045 636.559021 852.233398 1296.903442 1377.935547 1276.271973 1245.655029 540.783325 745.693115 1986.526001 3010.656982 2366.614014 1234.199707 897.067261 567.472961 1097.690918 2945.959717 4180.939453 2945.959717 1097.690918 567.472961 897.067261 1234.199707 2366.614014 3010.656982 1986.526001 745.693115 540.783325 1245.655029 1276.271973 1377.935547 1296.903442 852.233398 636.559021 803.446045 1209.215332 1176.171387 1062.153442 868.952393 746.631958 856.160889 992.830017,
 92.824341 346.770905 549.200012 521.719116 356.996887 431.307709 603.819153 309.880524 535.078186 804.006653 904.123291 757.053894 764.122009 834.557739 462.170227 634.040894 1221.056030 1690.203979 1385.294556 927.671997 766.234802 581.299622 807.921082 1606.893066 2175.177246 1606.893066 807.921082 581.299622 766.234802 927.671997 1385.294556 1690.203979 1221.056030 634.040894 462.170227 834.557739 764.122009 757.053894 904.123291 804.006653 535.078186 309.880524 603.819153 431.307709 356.996887 521.719116 549.200012 346.770905 92.824341,
 -585.475220 -485.591797 -324.706299 -174.791901 -85.033562 -162.522400 -376.805420 -493.191315 -306.364227 9.937149 270.556396 365.906494 238.597855 -90.849396 -269.239990 64.863342 624.922913 994.227417 906.855896 538.354980 109.481705 16.382202 462.033386 1074.334595 1393.073730 1074.334595 462.033386 16.382202 109.481705 538.354980 906.855896 994.227417 624.922913 64.863342 -269.239990 -90.849396 238.597855 365.906494 270.556396 9.937149 -306.364227 -493.191315 -376.805420 -162.522400 -85.033562 -174.791901 -324.706299 -485.591797 -585.475220,

Auto-correlations of the modulus of each oriented sub-band
 68.433723 77.177597 85.128349 88.525070 85.872322 79.142059 72.137764 89.069962 102.527649 114.604034 119.620682 115.201263 104.109665 92.006088 109.818855 128.095078 144.458908 151.176132 144.793839 128.976395 111.415977 119.407188 139.849121 158.305161 165.886154 158.305161 139.849121 119.407188 111.415977 128.976395 144.793839 151.176132 144.458908 128.095078 109.818855 92.006088 104.109665 115.201263 119.620682 114.604034 102.527649 89.069962 72.137764 79.142059 85.872322 88.525070 85.128349 77.177597 68.433723,
 101.087158 106.252083 108.068336 104.619873 96.060829 84.395134 71.774719 104.878166 120.559090 131.769165 132.356689 121.361115 103.148918 83.223701 105.717384 130.893829 151.794022 157.642120 144.889511 120.572838 93.986168 102.012283 131.192902 157.336960 168.461136 157.336960 131.192902 102.012283 93.986168 120.572838 144.889511 157.642120 151.794022 130.893829 105.717384 83.223701 103.148918 121.361115 132.356689 131.769165 120.559090 104.878166 71.774719 84.395134 96.060829 104.619873 108.068336 106.252083 101.087158,
 68.490852 87.797630 107.502304 116.247330 108.088730 90.067024 72.879143 76.443100 100.211258 125.026787 136.166580 125.060768 101.453323 79.426300 84.104652 111.622421 140.918976 154.499512 140.748169 112.107010 85.610069 87.735901 116.398529 147.310776 162.110199 147.310776 116.398529 87.735901 85.610069 112.107010 140.748169 154.499512 140.918976 111.622421 84.104652 79.426300 101.453323 125.060768 136.166580 125.026787 100.211258 76.443100 72.879143 90.067024 108.088730 116.247330 107.502304 87.797630 68.490852,
 65.971451 80.128799 94.182213 105.606491 112.457466 114.326141 112.100052 79.906891 101.605980 122.196022 135.855042 138.348404 130.285919 116.714081 95.028366 122.926712 148.577393 162.795044 158.885712 139.980576 115.817703 108.110634 137.544373 163.353439 174.198853 163.353439 137.544373 108.110634 115.817703 139.980576 158.885712 162.795044 148.577393 122.926712 95.028366 116.714081 130.285919 138.348404 135.855042 122.196022 101.605980 79.906891 112.100052 114.326141 112.457466 105.606491 94.182213 80.128799 65.971451,
 186.810638 199.565170 210.567123 216.834396 216.663467 211.449783 203.795807 240.552780 267.219818 290.271912 301.592590 295.958435 276.552399 250.999771 308.557983 358.263306 400.286499 417.828430 401.171997 358.877197 307.997253 338.640503 402.505005 457.212769 479.859314 457.212769 402.505005 338.640503 307.997253 358.877197 401.171997 417.828430 400.286499 358.263306 308.557983 250.999771 276.552399 295.958435 301.592590 290.271912 267.219818 240.552780 203.795807 211.449783 216.663467 216.834396 210.567123 199.565170 186.810638,
 256.533569 284.021484 278.902649 247.747559 208.841080 177.319305 159.651840 271.238342 330.912201 353.696442 325.500793 265.792450 206.695770 167.395905 258.131317 345.058350 411.438141 411.166138 344.019501 256.747314 188.754852 224.259964 313.974792 408.542450 452.764771 408.542450 313.974792 224.259964 188.754852 256.747314 344.019501 411.166138 411.438141 345.058350 258.131317 167.395905 206.695770 265.792450 325.500793 353.696442 330.912201 271.238342 159.651840 177.319305 208.841080 247.747559 278.902649 284.021484 256.533569,
 184.917465 240.895889 305.358276 343.465820 325.499695 266.867432 208.546951 197.529785 269.284271 356.234863 405.003235 373.499634 290.996490 215.933868 208.674011 294.624847 401.664276 458.974274 411.923859 307.299103 218.950684 216.512726 309.164978 423.967896 481.754974 423.967896 309.164978 216.512726 218.950684 307.299103 411.923859 458.974274 401.664276 294.624847 208.674011 215.933868 290.996490 373.499634 405.003235 356.234863 269.284271 197.529785 208.546951 266.867432 325.499695 343.465820 305.358276 240.895889 184.917465,
 156.800079 186.766830 232.380615 290.116821 339.073975 353.748962 328.582489 187.862915 241.261871 315.709625 391.915649 430.887909 410.575043 349.405640 235.315628 315.454620 413.788025 489.292999 492.185852 425.107269 334.756104 290.636841 387.567047 486.348938 531.709595 486.348938 387.567047 290.636841 334.756104 425.107269 492.185852 489.292999 413.788025 315.454620 235.315628 349.405640 410.575043 430.887909 391.915649 315.709625 241.261871 187.862915 328.582489 353.748962 339.073975 290.116821 232.380615 186.766830 156.800079,
 80.012871 98.255150 113.233200 126.165985 136.303635 139.379242 133.958633 124.233612 168.333008 202.557037 220.079163 219.739716 202.151947 173.403351 171.498672 259.732422 343.821442 376.003418 341.254486 269.128723 198.032059 200.212402 305.852509 420.587646 474.885986 420.587646 305.852509 200.212402 198.032059 269.128723 341.254486 376.003418 343.821442 259.732422 171.498672 173.403351 202.151947 219.739716 220.079163 202.557037 168.333008 124.233612 133.958633 139.379242 136.303635 126.165985 113.233200 98.255150 80.012871,
 242.068771 276.903809 300.650116 291.800659 262.034576 235.429184 214.697281 278.388000 342.040405 394.880524 387.857666 330.667450 272.729248 233.936142 295.988373 394.289734 497.786346 517.203552 432.575714 325.769775 254.530731 281.059631 382.838196 517.461670 587.490723 517.461670 382.838196 281.059631 254.530731 325.769775 432.575714 517.203552 497.786346 394.289734 295.988373 233.936142 272.729248 330.667450 387.857666 394.880524 342.040405 278.388000 214.697281 235.429184 262.034576 291.800659 300.650116 276.903809 242.068771,
 77.795349 110.701790 174.548508 205.994995 157.364456 100.076485 83.975403 103.568947 154.152893 252.959152 306.789368 236.677963 143.585205 106.200798 120.364578 188.447784 325.490112 407.216187 312.205811 178.456024 119.988922 124.656639 196.701141 351.030304 453.141907 351.030304 196.701141 124.656639 119.988922 178.456024 312.205811 407.216187 325.490112 188.447784 120.364578 106.200798 143.585205 236.677963 306.789368 252.959152 154.152893 103.568947 83.975403 100.076485 157.364456 205.994995 174.548508 110.701790 77.795349,
 44.934013 71.163994 110.560600 155.034729 185.310577 190.032715 176.509460 75.868355 119.128136 188.038147 261.174744 291.390747 262.350128 207.919312 115.093056 188.242859 299.743958 395.430725 390.782349 300.831543 203.179962 162.529861 266.049561 396.733551 466.132294 396.733551 266.049561 162.529861 203.179962 300.831543 390.782349 395.430725 299.743958 188.242859 115.093056 207.919312 262.350128 291.390747 261.174744 188.038147 119.128136 75.868355 176.509460 190.032715 185.310577 155.034729 110.560600 71.163994 44.934013,
 -3.858685 12.246517 21.978489 26.881701 28.153419 23.833603 13.377507 4.258429 31.499353 54.087070 65.760239 60.471722 41.885979 21.060940 17.343056 61.913094 105.101524 124.734688 106.418190 64.006889 23.867073 26.688976 82.169868 141.576141 169.448563 141.576141 82.169868 26.688976 23.867073 64.006889 106.418190 124.734688 105.101524 61.913094 17.343056 21.060940 41.885979 60.471722 65.760239 54.087070 31.499353 4.258429 13.377507 23.833603 28.153419 26.881701 21.978489 12.246517 -3.858685,
 17.035734 30.445761 42.290531 48.558861 48.971195 45.646950 40.404579 17.857155 43.926544 70.940544 81.564087 72.902504 57.462234 45.798683 23.977409 64.076599 110.262230 128.593445 105.581947 69.246948 43.179367 34.045624 74.910995 127.937912 156.000916 127.937912 74.910995 34.045624 43.179367 69.246948 105.581947 128.593445 110.262230 64.076599 23.977409 45.798683 57.462234 72.902504 81.564087 70.940544 43.926544 17.857155 40.404579 45.646950 48.971195 48.558861 42.290531 30.445761 17.035734,
 3.702446 9.621895 9.913948 11.594311 14.852264 16.478821 14.641668 11.517758 15.759012 24.247955 37.136768 26.124054 10.285727 9.589416 14.812573 17.407511 40.201942 67.192154 39.953827 9.664934 9.523051 13.184105 14.020702 47.242760 81.929085 47.242760 14.020702 13.184105 9.523051 9.664934 39.953827 67.192154 40.201942 17.407511 14.812573 9.589416 10.285727 26.124054 37.136768 24.247955 15.759012 11.517758 14.641668 16.478821 14.852264 11.594311 9.913948 9.621895 3.702446,
 -4.855426 -0.861003 5.981594 15.834090 22.004616 22.465862 18.931248 -9.848360 0.293049 23.787701 48.420673 55.100124 41.047230 19.368696 -11.223705 15.904543 59.148731 93.407196 87.797943 50.063637 11.075657 -2.344965 38.886940 90.517944 117.473434 90.517944 38.886940 -2.344965 11.075657 50.063637 87.797943 93.407196 59.148731 15.904543 -11.223705 19.368696 41.047230 55.100124 48.420673 23.787701 0.293049 -9.848360 18.931248 22.465862 22.004616 15.834090 5.981594 -0.861003 -4.855426,

Pairwise cross-correlations of the modulus of all oriented sub-bands at the same scale (size QxQ)
 165.886139 109.168793 63.675171 115.212875,
 109.168793 168.461151 111.511909 70.036018,
 63.675171 111.511909 162.110199 111.344200,
 115.212875 70.036018 111.344200 174.198883,
 479.859314 352.752655 341.387756 409.655579,
 352.752655 452.764771 374.590118 342.905945,
 341.387756 374.590118 481.755035 405.998779,
 409.655579 342.905945 405.998779 531.709595,
 474.885986 369.994110 258.984497 326.550903,
 369.994110 587.490784 362.900177 284.994080,
 258.984497 362.900177 453.141907 325.571167,
 326.550903 284.994080 325.571167 466.132355,
 169.448563 87.842995 29.802221 92.014412,
 87.842995 156.000900 74.231010 65.378883,
 29.802221 74.231010 81.929077 42.331039,
 92.014412 65.378883 42.331039 117.473442,

Cross-correlations of the modulus of all oriented sub-bands with all oriented sub-bands at the coarser scale (size QxQ)
 242.974670 182.175858 163.183716 210.421112,
 199.711884 232.653137 207.134705 172.421600,
 156.318207 190.923431 238.180847 206.989655,
 206.451294 159.236572 205.575394 264.033569,
 338.261597 349.075806 258.126862 305.767822,
 295.804840 370.432404 285.708740 255.701202,
 281.354034 363.703827 333.547791 296.750732,
 330.006409 333.490753 291.330261 339.370972,
 119.351891 146.817749 73.081970 97.910187,
 126.040642 187.458130 109.520988 112.207184,
 111.750511 128.148132 94.555908 116.910934,
 102.589096 123.914139 77.535599 111.595161,

Cross-correlations of the real part of each oriented sub-band with both the real and imaginary part of all phase-doubled oriented sub-bands at the next coarser scale (Q matrices of size 1x2Q, which are computed and stored in a matrix of size Qx2Q)
 109.632881 37.603416 4.307203 55.012848 -2.291323 0.628288 0.459277 3.235808,
 41.070820 86.862778 47.160641 4.311002 1.319631 1.960557 -0.884556 0.320034,
 4.098486 43.111916 101.289574 42.698162 0.466153 -0.391492 -3.015112 -0.944431,
 56.817665 5.125977 43.314812 111.330971 -2.993447 -0.660448 0.197967 1.492354,
 -172.704025 -66.672302 -9.702640 -76.491829 6.645077 12.490733 -0.377630 12.964835,
 -72.686241 -148.598404 -73.396339 -6.819361 15.399677 14.156590 -10.899753 1.030514,
 -8.134281 -75.441460 -135.610565 -57.219524 1.693354 5.246646 -23.318769 -2.103025,
 -82.769974 -10.218806 -54.169819 -152.064423 -8.590014 3.445731 -5.779068 9.978952,
 -118.286331 -20.549351 1.458048 -48.001205 -50.359673 17.155283 0.448381 23.682880,
 -41.200207 -11.880931 -24.734079 -4.915011 -4.865840 36.984993 -1.422376 5.603283,
 -0.208203 -4.404983 -60.010597 -21.793755 1.009120 10.459824 -13.720280 9.782091,
 -53.844917 -4.591187 -19.541471 -71.771324 -29.917068 -1.924799 -6.850728 27.646076,
