Low-band skewness and kurtosis
 -2.084697 5.683141,
 -2.151839 6.445065,
 -1.537367 4.444289,
 -1.081037 3.732580,
 -0.743659 2.806892,

High-band variance
 158.347305,

Skewness, kurtosis, variance, mean, maximum and minimum of the reconstructed texture
 -2.071748 5.439623 6993.687988 219.790955 255.000000 0.000000,

Auto-correlations of the low-frequency bands at each scale
 2315.826660 2964.260986 3451.747803 3665.789062 3565.235596 3198.459229 2651.254395 2986.566162 3838.125488 4580.283691 4927.400391 4696.888184 4057.606445 3282.411377 3529.302002 4622.904297 5702.654785 6212.315918 5776.809082 4755.445312 3702.614014 3798.563477 5001.239258 6234.771973 6800.841797 6234.771973 5001.239258 3798.563477 3702.614014 4755.445312 5776.809082 6212.315918 5702.654785 4622.904297 3529.302002 3282.411377 4057.606445 4696.888184 4927.400391 4580.283691 3838.125488 2986.566162 2651.254395 3198.459229 3565.235596 3665.789062 3451.747803 2964.260986 2315.826660,
 1064.288696 945.670776 973.641113 1027.615479 920.638184 776.281128 754.670654 803.946960 1183.045898 2049.061523 2600.444336 2252.225098 1523.701660 1113.977295 951.880737 2080.125732 3975.985107 5033.907227 4187.150879 2470.468506 1379.196899 1298.139893 2778.531006 5084.950195 6282.609375 5084.950195 2778.531006 1298.139893 1379.196899 2470.468506 4187.150879 5033.907227 3975.985107 2080.125732 951.880737 1113.977295 1523.701660 2252.225098 2600.444336 2049.061523 1183.045898 803.946960 754.670654 776.281128 920.638184 1027.615479 973.641113 945.670776 1064.288696,
 993.940430 1085.952515 899.489929 699.867676 608.732971 672.782227 788.673950 841.736755 884.402954 965.448242 945.808716 608.851807 466.890137 636.677673 611.137146 871.688904 2024.390015 2815.468018 1942.907837 775.501160 518.846985 513.877625 1055.014893 2919.324463 4176.625000 2919.324463 1055.014893 513.877625 518.846985 775.501160 1942.907837 2815.468018 2024.390015 871.688904 611.137146 636.677673 466.890137 608.851807 945.808716 965.448242 884.402954 841.736755 788.673950 672.782227 608.732971 699.867676 899.489929 1085.952515 993.940430,
 67.331528 333.174011 374.607178 399.452759 575.654724 681.485596 501.602356 52.539368 418.789703 663.953674 708.393677 642.977966 678.118408 643.055359 123.409912 537.355530 1218.566650 1514.278687 1030.030029 604.743225 573.470215 334.602753 587.187622 1426.035400 2018.113892 1426.035400 587.187622 334.602753 573.470215 604.743225 1030.030029 1514.278687 1218.566650 537.355530 123.409912 643.055359 678.118408 642.977966 708.393677 663.953674 418.789703 52.539368 501.602356 681.485596 575.654724 399.452759 374.607178 333.174011 67.331528,
 -363.725006 -123.729111 98.725639 249.251740 245.651886 3.910690 -339.165314 -484.185089 -211.300919 154.554825 445.774658 455.312073 136.708755 -305.507233 -569.146606 -156.758179 484.488007 918.709839 773.933838 222.817993 -330.762512 -472.163940 84.626907 833.244141 1211.499268 833.244141 84.626907 -472.163940 -330.762512 222.817993 773.933838 918.709839 484.488007 -156.758179 -569.146606 -305.507233 136.708755 455.312073 445.774658 154.554825 -211.300919 -484.185089 -339.165314 3.910690 245.651886 249.251740 98.725639 -123.729111 -363.725006,

Auto-correlations of the modulus of each oriented sub-band
 61.275272 69.168526 76.799591 80.578102 78.740662 72.723763 65.914185 80.499031 93.325378 105.088028 110.273590 106.350174 95.695526 83.699959 100.599144 118.855530 135.282639 142.087448 135.707077 119.732117 101.892662 109.797989 130.650269 149.520615 157.300049 149.520615 130.650269 109.797989 101.892662 119.732117 135.707077 142.087448 135.282639 118.855530 100.599144 83.699959 95.695526 106.350174 110.273590 105.088028 93.325378 80.499031 65.914185 72.723763 78.740662 80.578102 76.799591 69.168526 61.275272,
 110.442062 116.277206 116.366379 110.024200 98.923141 86.117432 74.335464 112.735214 129.158875 139.593140 138.198853 124.940674 105.218475 85.573044 111.583153 137.297379 158.308578 163.424072 149.230118 123.547218 96.805687 106.086441 135.641174 162.601013 174.133362 162.601013 135.641174 106.086441 96.805687 123.547218 149.230118 163.424072 158.308578 137.297379 111.583153 85.573044 105.218475 124.940674 138.198853 139.593140 129.158875 112.735214 74.335464 86.117432 98.923141 110.024200 116.366379 116.277206 110.442062,
 74.935089 95.783806 115.593277 123.452240 113.582535 92.850197 72.366745 81.979866 107.822281 133.377975 144.344086 132.144852 105.923813 80.048317 88.653275 118.991997 149.698761 163.615707 149.151703 118.108925 87.635513 91.122879 123.352745 156.265244 171.616974 156.265244 123.352745 91.122879 87.635513 118.108925 149.151703 163.615707 149.698761 118.991997 88.653275 80.048317 105.923813 132.144852 144.344086 133.377975 107.822281 81.979866 72.366745 92.850197 113.582535 123.452240 115.593277 95.783806 74.935089,
 66.168907 77.543846 88.355431 96.639793 100.479149 99.539680 95.504066 77.875687 97.055542 115.245522 126.707306 126.701347 116.068832 100.989578 89.657173 115.931679 140.654648 154.022888 148.436874 127.601036 102.629768 98.702690 127.768677 154.263123 165.653809 154.263123 127.768677 98.702690 102.629768 127.601036 148.436874 154.022888 140.654648 115.931679 89.657173 100.989578 116.068832 126.701347 126.707306 115.245522 97.055542 77.875687 95.504066 99.539680 100.479149 96.639793 88.355431 77.543846 66.168907,
 185.081955 199.053284 209.841278 216.248901 217.556366 214.354614 207.633591 237.425217 268.586365 292.323456 301.928528 294.659454 274.900208 249.365555 302.759888 357.337433 400.626282 416.941925 398.571350 355.324799 303.415955 332.036377 398.270630 453.569092 476.253571 453.569092 398.270630 332.036377 303.415955 355.324799 398.571350 416.941925 400.626282 357.337433 302.759888 249.365555 274.900208 294.659454 301.928528 292.323456 268.586365 237.425217 207.633591 214.354614 217.556366 216.248901 209.841278 199.053284 185.081955,
 364.837402 398.519897 382.947388 330.972687 271.081726 223.946411 193.531509 378.921387 451.490601 473.365997 431.726715 353.600922 277.129456 221.781250 359.155731 462.174988 535.167664 531.056885 452.473755 349.766663 264.421661 315.035095 421.877960 527.763123 575.613159 527.763123 421.877960 315.035095 264.421661 349.766663 452.473755 531.056885 535.167664 462.174988 359.155731 221.781250 277.129456 353.600922 431.726715 473.365997 451.490601 378.921387 193.531509 223.946411 271.081726 330.972687 382.947388 398.519897 364.837402,
 229.822220 296.923767 364.103363 380.890167 334.758148 269.548401 223.363937 241.123306 321.492279 410.925201 441.913483 386.214935 300.952850 239.666550 249.776871 339.053741 448.235443 496.287964 433.565033 328.016693 250.666183 253.837982 342.352356 458.572235 519.777283 458.572235 342.352356 253.837982 250.666183 328.016693 433.565033 496.287964 448.235443 339.053741 249.776871 239.666550 300.952850 386.214935 441.913483 410.925201 321.492279 241.123306 223.363937 269.548401 334.758148 380.890167 364.103363 296.923767 229.822220,
 158.547974 171.209930 196.177155 231.857117 258.922516 260.579224 237.716125 167.461060 200.591537 252.881287 308.542908 333.014587 311.627686 262.814941 193.359955 253.196014 332.732666 395.666016 394.818481 335.377960 261.277679 231.572021 310.126709 396.189117 437.816162 396.189117 310.126709 231.572021 261.277679 335.377960 394.818481 395.666016 332.732666 253.196014 193.359955 262.814941 311.627686 333.014587 308.542908 252.881287 200.591537 167.461060 237.716125 260.579224 258.922516 231.857117 196.177155 171.209930 158.547974,
 137.146469 172.300079 191.890320 200.023926 200.371735 191.422516 171.530777 142.899338 194.849701 233.249008 250.592514 242.545181 212.408478 171.156845 165.650055 252.173721 331.806976 367.515564 339.080353 264.984070 182.817474 188.666779 297.332123 406.052338 454.587280 406.052338 297.332123 188.666779 182.817474 264.984070 339.080353 367.515564 331.806976 252.173721 165.650055 171.156845 212.408478 242.545181 250.592514 233.249008 194.849701 142.899338 171.530777 191.422516 200.371735 200.023926 191.890320 172.300079 137.146469,
 213.550308 228.745361 234.606750 236.947769 238.381500 225.678497 193.947495 259.381104 319.266663 353.016937 332.900513 282.763519 234.975159 193.185913 271.383118 381.032959 481.550049 485.544098 388.916931 280.425415 205.398682 241.183685 353.959534 497.677399 573.605164 497.677399 353.959534 241.183685 205.398682 280.425415 388.916931 485.544098 481.550049 381.032959 271.383118 193.185913 234.975159 282.763519 332.900513 353.016937 319.266663 259.381104 193.947495 225.678497 238.381500 236.947769 234.606750 228.745361 213.550308,
 144.767471 202.844849 272.139374 329.578857 311.180695 237.071625 191.222763 172.022827 243.367737 349.190552 435.656555 386.779419 266.678162 199.713135 196.949234 279.025116 427.001312 541.170654 453.152618 291.393951 207.309860 208.990402 297.606140 471.329987 589.063110 471.329987 297.606140 208.990402 207.309860 291.393951 453.152618 541.170654 427.001312 279.025116 196.949234 199.713135 266.678162 386.779419 435.656555 349.190552 243.367737 172.022827 191.222763 237.071625 311.180695 329.578857 272.139374 202.844849 144.767471,
 111.686981 166.251877 213.016479 246.514999 249.196045 214.273911 159.757172 132.865555 204.050720 281.077393 345.592346 347.360840 273.593414 174.901535 146.102371 246.363495 373.240906 469.958130 441.660950 309.535431 174.227371 159.481323 292.081818 451.425537 534.504944 451.425537 292.081818 159.481323 174.227371 309.535431 441.660950 469.958130 373.240906 246.363495 146.102371 174.901535 273.593414 347.360840 345.592346 281.077393 204.050720 132.865555 159.757172 214.273911 249.196045 246.514999 213.016479 166.251877 111.686981,
 20.503021 13.434122 4.251422 -4.847639 -11.064245 -14.435871 -19.453773 17.986320 22.985430 25.228836 20.916348 12.643242 2.914602 -9.427197 16.962334 44.668259 74.297806 88.061951 77.763794 51.555122 22.067822 28.664053 70.570358 115.054588 136.220901 115.054588 70.570358 28.664053 22.067822 51.555122 77.763794 88.061951 74.297806 44.668259 16.962334 -9.427197 2.914602 12.643242 20.916348 25.228836 22.985430 17.986320 -19.453773 -14.435871 -11.064245 -4.847639 4.251422 13.434122 20.503021,
 6.434161 16.977020 24.773785 20.660137 7.781826 -7.134457 -21.934042 11.917976 26.958946 42.983692 39.193230 17.834179 -1.984995 -15.989815 12.988090 36.974159 69.493347 75.896683 44.543140 11.407257 -7.326982 4.397182 30.300646 72.439056 98.766212 72.439056 30.300646 4.397182 -7.326982 11.407257 44.543140 75.896683 69.493347 36.974159 12.988090 -15.989815 -1.984995 17.834179 39.193230 42.983692 26.958946 11.917976 -21.934042 -7.134457 7.781826 20.660137 24.773785 16.977020 6.434161,
 14.528323 33.728981 56.554817 50.656799 22.964470 9.428953 6.814258 17.276260 37.462044 73.036964 82.566704 49.100216 20.744019 14.929904 20.435223 40.352482 88.804733 116.546692 76.733353 31.619450 19.831825 21.706894 39.085777 92.835709 132.656097 92.835709 39.085777 21.706894 19.831825 31.619450 76.733353 116.546692 88.804733 40.352482 20.435223 14.929904 20.744019 49.100216 82.566704 73.036964 37.462044 17.276260 6.814258 9.428953 22.964470 50.656799 56.554817 33.728981 14.528323,
 74.181068 64.078110 48.561394 35.523190 23.343412 4.551558 -19.678429 61.825142 83.051590 101.542778 111.671936 99.744148 62.016048 17.056374 59.537918 118.077446 175.304535 208.617401 187.537720 123.008812 52.160973 63.339718 142.434509 219.614136 256.102722 219.614136 142.434509 63.339718 52.160973 123.008812 187.537720 208.617401 175.304535 118.077446 59.537918 17.056374 62.016048 99.744148 111.671936 101.542778 83.051590 61.825142 -19.678429 4.551558 23.343412 35.523190 48.561394 64.078110 74.181068,

Pairwise cross-correlations of the modulus of all oriented sub-bands at the same scale (size QxQ)
 157.300049 109.474678 62.390450 108.055031,
 109.474678 174.133423 116.956879 69.742828,
 62.390450 116.956879 171.616989 109.713669,
 108.055031 69.742828 109.713669 165.653839,
 476.253601 411.079163 352.691132 367.376678,
 411.079163 575.613159 446.783173 340.559967,
 352.691132 446.783173 519.777283 363.252136,
 367.376678 340.559967 363.252136 437.816254,
 454.587280 344.272583 318.450287 352.381775,
 344.272583 573.605164 439.143921 281.639343,
 318.450287 439.143921 589.063171 346.176025,
 352.381775 281.639343 346.176025 534.504944,
 136.220917 59.112297 54.135765 130.529694,
 59.112297 98.766228 62.509720 59.997349,
 54.135765 62.509720 132.656113 122.760361,
 130.529694 59.997349 122.760361 256.102722,

Cross-correlations of the modulus of all oriented sub-bands with all oriented sub-bands at the coarser scale (size QxQ)
 229.869247 204.910355 161.111588 183.246109,
 204.872559 270.871521 216.654541 159.101776,
 163.511581 216.390320 249.133148 186.622665,
 201.996231 174.220779 202.885880 228.711929,
 337.854126 340.751709 319.710693 322.265350,
 336.492554 429.993408 403.637085 304.707153,
 278.199646 339.871460 387.837738 317.364197,
 298.046326 287.941467 342.479919 346.716156,
 125.005890 87.373474 81.045746 118.288208,
 107.040756 99.904312 112.245430 120.428253,
 83.912094 101.858109 111.034256 124.637817,
 133.564697 89.619263 84.846619 192.757538,

Cross-correlations of the real part of each oriented sub-band with both the real and imaginary part of all phase-doubled oriented sub-bands at the next coarser scale (Q matrices of size 1x2Q, which are computed and stored in a matrix of size Qx2Q)
 100.169853 44.414207 5.250236 43.975464 2.194402 1.087838 0.089304 -1.629538,
 44.386658 107.470535 55.179665 4.476047 -0.453954 -0.651612 1.931019 0.032541,
 4.764537 53.249828 104.124641 39.807758 0.466417 -0.498451 1.423818 0.957511,
 45.668312 5.143956 39.185474 93.146065 2.807016 0.680180 -0.328249 -0.010179,
 -127.738724 -65.838058 -10.153062 -68.779503 25.720369 1.510485 -0.575510 -3.446758,
 -57.001419 -171.866425 -89.276733 -8.566067 11.831447 9.659777 -13.737677 -1.361688,
 -12.828935 -90.522629 -168.879272 -59.166748 1.645794 -1.465725 -20.334782 -0.638377,
 -74.131813 -8.714353 -66.964439 -137.277145 10.711739 -3.643083 -1.071839 -4.019519,
 -106.306686 -32.700378 -9.162207 -84.234604 33.197918 3.969403 4.634222 1.395320,
 -33.231014 -50.001308 -42.032131 -4.794646 10.639123 33.629616 14.190432 -2.954469,
 -9.743399 -21.653322 -89.659729 -51.704803 -1.290593 23.904541 8.721817 15.157650,
 -76.031982 -5.966309 -48.562935 -162.179352 14.479530 0.710751 3.696462 34.209396,
