Low-band skewness and kurtosis
 -2.248630 6.380657,
 -2.297907 7.039578,
 -1.810452 5.344873,
 -1.320627 3.657723,
 -1.160718 3.268043,

High-band variance
 134.912415,

Skewness, kurtosis, variance, mean, maximum and minimum of the reconstructed texture
 -2.235599 6.138120 6523.143555 222.997314 255.000000 0.000000,

Auto-correlations of the low-frequency bands at each scale
 2443.214355 3022.781494 3496.634277 3767.541504 3762.028809 3498.048096 3060.000488 3089.675293 3810.601074 4458.898438 4800.523926 4659.044922 4153.478027 3512.013672 3613.806641 4520.461914 5422.288086 5865.562500 5529.370117 4696.346680 3818.867188 3876.572754 4875.084961 5892.150391 6358.217773 5892.150391 4875.084961 3876.572754 3818.867188 4696.346680 5529.370117 5865.562500 5422.288086 4520.461914 3613.806641 3512.013672 4153.478027 4659.044922 4800.523926 4458.898438 3810.601074 3089.675293 3060.000488 3498.048096 3762.028809 3767.541504 3496.634277 3022.781494 2443.214355,
 956.708862 912.478516 1145.558228 1522.641602 1769.696167 1798.160645 1689.784546 936.265381 1347.759766 2208.323975 2872.416504 2774.920166 2178.841553 1661.556885 1301.905762 2327.418457 3941.624023 4885.716309 4272.881836 2829.821289 1766.551758 1696.255005 3025.292969 4939.283203 5908.079102 4939.283203 3025.292969 1696.255005 1766.551758 2829.821289 4272.881836 4885.716309 3941.624023 2327.418457 1301.905762 1661.556885 2178.841553 2774.920166 2872.416504 2208.323975 1347.759766 936.265381 1689.784546 1798.160645 1769.696167 1522.641602 1145.558228 912.478516 956.708862,
 879.753601 1101.332520 1037.265137 1104.326538 1429.240234 1711.269775 1620.353760 1046.717651 1006.310974 1081.008301 1455.170044 1653.155762 1597.148438 1443.375366 1099.763184 1068.807739 2030.359131 3033.958984 2565.295166 1541.710815 1245.082275 1144.031494 1413.918945 3025.236328 4164.143066 3025.236328 1413.918945 1144.031494 1245.082275 1541.710815 2565.295166 3033.958984 2030.359131 1068.807739 1099.763184 1443.375366 1597.148438 1653.155762 1455.170044 1081.008301 1006.310974 1046.717651 1620.353760 1711.269775 1429.240234 1104.326538 1037.265137 1101.332520 879.753601,
 -275.890625 56.595581 292.039093 622.979736 1040.571533 1204.439087 1060.408569 126.209351 389.880829 693.809814 1138.435303 1405.419678 1316.805908 1081.132446 507.755371 794.672852 1344.934204 1892.363525 1783.749878 1302.526123 985.299316 820.648132 1178.902466 1889.671387 2353.283691 1889.671387 1178.902466 820.648132 985.299316 1302.526123 1783.749878 1892.363525 1344.934204 794.672852 507.755371 1081.132446 1316.805908 1405.419678 1138.435303 693.809814 389.880829 126.209351 1060.408569 1204.439087 1040.571533 622.979736 292.039093 56.595581 -275.890625,
 -452.483276 -768.705200 -847.401367 -623.974792 -186.093231 200.121643 265.460693 -736.092041 -797.120483 -416.794128 182.987427 670.787537 787.417114 430.294922 -799.120789 -353.835602 510.413971 1249.698975 1382.030640 910.850952 127.193298 -450.574585 397.619171 1340.948975 1773.102295 1340.948975 397.619171 -450.574585 127.193298 910.850952 1382.030640 1249.698975 510.413971 -353.835602 -799.120789 430.294922 787.417114 670.787537 182.987427 -416.794128 -797.120483 -736.092041 265.460693 200.121643 -186.093231 -623.974792 -847.401367 -768.705200 -452.483276,

Auto-correlations of the modulus of each oriented sub-band
 69.965157 76.324829 82.523346 85.913765 85.139313 81.136810 76.316216 85.349144 96.041168 106.123451 110.970612 108.237419 99.680573 89.742134 101.155930 116.839676 131.255203 137.559692 132.390182 118.677673 103.163437 108.625137 126.804207 143.346146 150.181793 143.346146 126.804207 108.625137 103.163437 118.677673 132.390182 137.559692 131.255203 116.839676 101.155930 89.742134 99.680573 108.237419 110.970612 106.123451 96.041168 85.349144 76.316216 81.136810 85.139313 85.913765 82.523346 76.324829 69.965157,
 101.428513 105.287720 106.585579 104.108795 98.204872 90.687347 83.546906 106.402687 118.651901 127.379463 127.728333 119.202644 105.724747 92.190559 108.356422 128.239227 144.995728 149.555634 139.093842 119.938515 100.218147 106.098907 128.768799 149.878494 159.025238 149.878494 128.768799 106.098907 100.218147 119.938515 139.093842 149.555634 144.995728 128.239227 108.356422 92.190559 105.724747 119.202644 127.728333 127.379463 118.651901 106.402687 83.546906 90.687347 98.204872 104.108795 106.585579 105.287720 101.428513,
 81.617294 97.756378 113.708557 120.839958 114.478455 100.204056 86.612289 89.302223 109.365028 129.933777 139.361771 130.604126 111.537560 93.421684 97.024109 120.403076 144.921265 156.463104 145.291443 121.691910 99.375519 101.028755 125.391754 151.195496 163.561340 151.195496 125.391754 101.028755 99.375519 121.691910 145.291443 156.463104 144.921265 120.403076 97.024109 93.421684 111.537560 130.604126 139.361771 129.933777 109.365028 89.302223 86.612289 100.204056 114.478455 120.839958 113.708557 97.756378 81.617294,
 70.910080 80.375435 89.855392 97.313774 100.676743 99.237038 94.593475 81.335838 96.423470 111.259575 120.833084 120.695198 111.161491 97.869118 90.490791 111.335892 131.728729 142.947327 138.080902 120.171005 99.248131 96.861633 120.554001 142.908691 152.605530 142.908691 120.554001 96.861633 99.248131 120.171005 138.080902 142.947327 131.728729 111.335892 90.490791 97.869118 111.161491 120.695198 120.833084 111.259575 96.423470 81.335838 94.593475 99.237038 100.676743 97.313774 89.855392 80.375435 70.910080,
 178.315201 193.651321 206.492905 215.000778 218.068375 217.591995 216.351852 232.315552 257.056671 278.370483 288.446503 282.514404 266.248383 249.407959 288.840546 329.785645 366.848267 382.022095 364.612183 327.213074 289.549957 311.614929 361.087402 409.088745 430.643463 409.088745 361.087402 311.614929 289.549957 327.213074 364.612183 382.022095 366.848267 329.785645 288.840546 249.407959 266.248383 282.514404 288.446503 278.370483 257.056671 232.315552 216.351852 217.591995 218.068375 215.000778 206.492905 193.651321 178.315201,
 280.551941 309.897949 318.593628 307.374573 290.009888 277.887329 271.131531 310.481781 357.499634 384.497925 373.581543 337.252869 302.832336 282.832489 319.691925 380.673615 435.892700 443.413849 397.001587 337.191803 296.025665 311.047852 370.070496 440.546509 475.559082 440.546509 370.070496 311.047852 296.025665 337.191803 397.001587 443.413849 435.892700 380.673615 319.691925 282.832489 302.832336 337.252869 373.581543 384.497925 357.499634 310.481781 271.131531 277.887329 290.009888 307.374573 318.593628 309.897949 280.551941,
 249.238281 296.413330 344.123047 366.528809 349.991333 313.274658 276.752380 271.406067 327.313446 390.107727 420.411469 393.393127 337.940582 288.174744 289.065308 352.533752 429.577271 468.415344 430.836670 357.525574 296.751099 298.031006 363.947357 446.157532 488.941833 446.157532 363.947357 298.031006 296.751099 357.525574 430.836670 468.415344 429.577271 352.533752 289.065308 288.174744 337.940582 393.393127 420.411469 390.107727 327.313446 271.406067 276.752380 313.274658 349.991333 366.528809 344.123047 296.413330 249.238281,
 153.221344 168.904846 196.882431 235.513657 269.501648 280.236572 266.824097 179.860977 210.802475 257.737274 308.188721 333.138824 317.973877 281.641602 216.739059 264.962402 329.274872 381.162079 380.314606 331.919067 276.597595 252.808914 312.030823 380.220947 414.243683 380.220947 312.030823 252.808914 276.597595 331.919067 380.314606 381.162079 329.274872 264.962402 216.739059 281.641602 317.973877 333.138824 308.188721 257.737274 210.802475 179.860977 266.824097 280.236572 269.501648 235.513657 196.882431 168.904846 153.221344,
 148.776505 198.727356 240.404633 272.689240 292.125702 295.645020 284.298218 196.437119 248.442139 292.911804 319.861023 324.495605 311.835266 291.249207 266.499115 340.015869 407.944580 438.600830 416.921082 362.662720 306.774750 313.910767 401.142944 488.362366 527.862061 488.362366 401.142944 313.910767 306.774750 362.662720 416.921082 438.600830 407.944580 340.015869 266.499115 291.249207 311.835266 324.495605 319.861023 292.911804 248.442139 196.437119 284.298218 295.645020 292.125702 272.689240 240.404633 198.727356 148.776505,
 235.788086 311.339172 368.966583 395.328888 395.319122 382.313538 369.713013 309.959808 406.781555 479.699646 492.285980 464.805725 430.048035 398.693024 368.358093 481.922699 593.051880 617.109741 551.595215 471.544952 410.885010 401.134003 498.338531 619.618408 684.196777 619.618408 498.338531 401.134003 410.885010 471.544952 551.595215 617.109741 593.051880 481.922699 368.358093 398.693024 430.048035 464.805725 492.285980 479.699646 406.781555 309.959808 369.713013 382.313538 395.319122 395.328888 368.966583 311.339172 235.788086,
 95.025047 144.952637 221.781036 273.640808 275.526337 253.642029 233.805054 139.026764 201.912415 308.108704 378.146240 348.765259 279.446777 234.985443 176.322815 253.766312 392.174683 481.843628 412.269409 290.612427 222.706848 203.429092 284.435364 433.745636 528.486206 433.745636 284.435364 203.429092 222.706848 290.612427 412.269409 481.843628 392.174683 253.766312 176.322815 234.985443 279.446777 348.765259 378.146240 308.108704 201.912415 139.026764 233.805054 253.642029 275.526337 273.640808 221.781036 144.952637 95.025047,
 123.122391 166.721619 214.975266 260.371124 283.284668 270.891968 238.641434 159.046539 210.138931 272.602142 332.667114 351.631989 313.129883 252.033630 186.428635 256.239716 349.737549 428.650024 422.364014 337.150848 246.229477 217.848190 309.688660 423.052795 482.909363 423.052795 309.688660 217.848190 246.229477 337.150848 422.364014 428.650024 349.737549 256.239716 186.428635 252.033630 313.129883 351.631989 332.667114 272.602142 210.138931 159.046539 238.641434 270.891968 283.284668 260.371124 214.975266 166.721619 123.122391,
 -37.473961 -19.648647 1.447643 21.828968 38.209232 49.106815 53.473045 -20.115120 5.658804 31.444742 51.383411 62.515862 65.479721 61.575249 12.706438 47.913185 78.874397 94.563278 90.776207 73.608177 51.983147 36.740025 75.187744 110.343300 125.511375 110.343300 75.187744 36.740025 51.983147 73.608177 90.776207 94.563278 78.874397 47.913185 12.706438 61.575249 65.479721 62.515862 51.383411 31.444742 5.658804 -20.115120 53.473045 49.106815 38.209232 21.828968 1.447643 -19.648647 -37.473961,
 -6.062057 14.814819 26.292379 25.638147 29.324408 44.608341 54.013794 11.776100 40.898132 66.326714 67.528877 57.986202 58.252686 62.086838 30.397003 60.766819 99.457993 110.188133 87.580826 67.352997 58.787148 47.296013 69.497604 107.212410 131.186157 107.212410 69.497604 47.296013 58.787148 67.352997 87.580826 110.188133 99.457993 60.766819 30.397003 62.086838 58.252686 57.986202 67.528877 66.326714 40.898132 11.776100 54.013794 44.608341 29.324408 25.638147 26.292379 14.814819 -6.062057,
 -26.007614 -14.350271 12.992332 36.987637 48.457123 41.890671 23.661793 -17.084049 9.370691 51.595070 79.067612 78.409660 57.784187 26.229572 -3.870135 34.463543 87.505203 118.615128 100.895920 62.615131 21.617630 10.547647 54.091301 106.109100 136.076584 106.109100 54.091301 10.547647 21.617630 62.615131 100.895920 118.615128 87.505203 34.463543 -3.870135 26.229572 57.784187 78.409660 79.067612 51.595070 9.370691 -17.084049 23.661793 41.890671 48.457123 36.987637 12.992332 -14.350271 -26.007614,
 -36.932159 -24.984776 -2.766348 20.723930 39.315048 45.955219 39.508675 -25.674158 -4.626480 24.272350 53.002369 66.690140 55.518860 35.013523 -5.814661 20.584637 56.736320 88.502975 86.511528 54.965046 26.840376 14.045631 43.112320 83.710304 106.752380 83.710304 43.112320 14.045631 26.840376 54.965046 86.511528 88.502975 56.736320 20.584637 -5.814661 35.013523 55.518860 66.690140 53.002369 24.272350 -4.626480 -25.674158 39.508675 45.955219 39.315048 20.723930 -2.766348 -24.984776 -36.932159,

Pairwise cross-correlations of the modulus of all oriented sub-bands at the same scale (size QxQ)
 150.181824 109.952110 69.515968 104.901749,
 109.952110 159.025223 108.331863 73.818970,
 69.515968 108.331863 163.561356 111.889679,
 104.901749 73.818970 111.889679 152.605560,
 430.643463 364.911804 304.978607 325.021240,
 364.911804 475.559113 372.534821 307.913971,
 304.978607 372.534821 488.941833 364.052094,
 325.021240 307.913971 364.052094 414.243713,
 527.862122 460.162994 330.452332 386.002075,
 460.162994 684.196899 433.179260 361.645569,
 330.452332 433.179260 528.486206 387.638062,
 386.002075 361.645569 387.638062 482.909424,
 125.511398 78.047440 28.390919 62.818375,
 78.047440 131.186157 65.324799 60.777267,
 28.390919 65.324799 136.076584 82.425171,
 62.818375 60.777267 82.425171 106.752380,

Cross-correlations of the modulus of all oriented sub-bands with all oriented sub-bands at the coarser scale (size QxQ)
 217.396072 195.242523 161.097107 173.598175,
 191.982788 240.009430 197.377182 151.945236,
 142.936905 190.084808 242.893845 187.936707,
 178.354156 163.096680 202.230911 213.596954,
 363.584778 374.299530 295.199524 297.759003,
 369.224976 466.931793 353.354340 309.083862,
 332.525116 428.014343 413.211426 370.371246,
 346.776917 346.282227 338.979340 356.504822,
 182.151581 154.484909 89.376465 141.057312,
 193.717377 203.013428 130.949371 136.791779,
 139.229065 157.111633 138.609573 144.846649,
 152.883423 130.281326 93.015297 137.396576,

Cross-correlations of the real part of each oriented sub-band with both the real and imaginary part of all phase-doubled oriented sub-bands at the next coarser scale (Q matrices of size 1x2Q, which are computed and stored in a matrix of size Qx2Q)
 72.785332 34.390766 3.495064 29.794140 6.455873 -0.202187 0.548399 0.578611,
 33.584538 73.704750 35.527397 4.693003 4.090387 -2.535696 -0.648917 -0.565301,
 2.224552 34.232231 86.487511 37.097046 0.268379 -1.329514 0.404872 1.402686,
 29.701675 4.470356 39.114254 72.424004 1.242452 -0.041789 1.855426 3.629742,
 -67.394287 -52.511044 -6.793643 -32.965157 3.276701 5.024738 -1.495616 -0.645042,
 -35.916714 -136.038803 -72.499954 -8.465902 5.301209 8.069098 -0.564408 -0.228009,
 -4.020399 -68.340340 -139.638718 -35.088242 2.840577 -0.118960 8.303821 7.600812,
 -29.519426 -6.955070 -51.377316 -65.828552 6.057416 0.516385 3.152586 13.443058,
 -42.995228 14.942234 0.068503 -27.791794 9.538277 39.365086 2.220993 4.052889,
 6.739339 12.829445 -36.358120 -4.481809 36.877522 66.654343 -3.773417 -3.992769,
 2.538829 -21.110504 -75.489639 -10.363268 5.656437 14.598496 -34.903130 -4.221505,
 -31.895439 -5.387709 -26.130569 -35.748962 -9.987805 -0.534114 -14.778630 15.714516,
