Low-band skewness and kurtosis
 -2.242876 6.378522,
 -2.307557 7.175851,
 -1.739469 5.079616,
 -1.404530 4.426339,
 -1.257907 3.549749,

High-band variance
 145.203140,

Skewness, kurtosis, variance, mean, maximum and minimum of the reconstructed texture
 -2.227901 6.113017 6516.172852 222.845825 255.000000 0.000000,

Auto-correlations of the low-frequency bands at each scale
 2606.297119 3127.204834 3508.351562 3661.069336 3534.561523 3187.758545 2727.714600 3086.941895 3819.773438 4451.216309 4720.375000 4468.486816 3883.238281 3229.614746 3462.643555 4430.550293 5391.811035 5826.960449 5400.409668 4472.580566 3560.669434 3644.680664 4706.723633 5821.771973 6339.165039 5821.771973 4706.723633 3644.680664 3560.669434 4472.580566 5400.409668 5826.960449 5391.811035 4430.550293 3462.643555 3229.614746 3883.238281 4468.486816 4720.375000 4451.216309 3819.773438 3086.941895 2727.714600 3187.758545 3534.561523 3661.069336 3508.351562 3127.204834 2606.297119,
 1295.332886 1329.662476 1409.859497 1451.058594 1375.972290 1327.182983 1394.248413 1241.036987 1662.639526 2388.557373 2788.436523 2446.491455 1819.161255 1464.852661 1331.775879 2327.902100 3939.750244 4801.885742 4028.427490 2513.497803 1541.339600 1497.870117 2786.680664 4795.576660 5836.319336 4795.576660 2786.680664 1497.870117 1541.339600 2513.497803 4028.427490 4801.885742 3939.750244 2327.902100 1331.775879 1464.852661 1819.161255 2446.491455 2788.436523 2388.557373 1662.639526 1241.036987 1394.248413 1327.182983 1375.972290 1451.058594 1409.859497 1329.662476 1295.332886,
 1374.458984 1409.447632 1027.213745 791.733459 1030.731567 1364.605591 1311.486084 1153.374512 1148.382080 1112.624512 1180.943970 1205.404297 1272.298096 1284.955566 882.743042 1100.180908 2149.109131 2928.585938 2274.196045 1340.631592 1181.100708 975.684875 1346.282959 2985.730957 4112.651367 2985.730957 1346.282959 975.684875 1181.100708 1340.631592 2274.196045 2928.585938 2149.109131 1100.180908 882.743042 1284.955566 1272.298096 1205.404297 1180.943970 1112.624512 1148.382080 1153.374512 1311.486084 1364.605591 1030.731567 791.733459 1027.213745 1409.447632 1374.458984,
 207.873016 383.474152 504.602631 695.502686 817.612671 775.137939 628.576416 604.214478 733.849426 837.498657 1026.454224 1061.963745 908.818420 709.711914 755.513977 985.218140 1415.578857 1767.102783 1512.619385 993.786133 675.547180 697.435608 1058.182861 1774.572144 2229.836426 1774.572144 1058.182861 697.435608 675.547180 993.786133 1512.619385 1767.102783 1415.578857 985.218140 755.513977 709.711914 908.818420 1061.963745 1026.454224 837.498657 733.849426 604.214478 628.576416 775.137939 817.612671 695.502686 504.602631 383.474152 207.873016,
 -599.861877 -551.732422 -319.873535 -72.165100 -51.059982 -245.779572 -438.914978 -506.226562 -321.744934 103.050110 484.586731 503.713867 181.689163 -198.234375 -331.210327 78.635162 766.294617 1221.131104 1047.189209 461.389679 -72.563278 -142.322067 422.113922 1204.343750 1595.730225 1204.343750 422.113922 -142.322067 -72.563278 461.389679 1047.189209 1221.131104 766.294617 78.635162 -331.210327 -198.234375 181.689163 503.713867 484.586731 103.050110 -321.744934 -506.226562 -438.914978 -245.779572 -51.059982 -72.165100 -319.873535 -551.732422 -599.861877,

Auto-correlations of the modulus of each oriented sub-band
 78.899490 87.896721 97.105560 102.345169 101.023956 94.246956 85.975021 95.810532 109.600334 123.069214 130.072403 127.089600 116.000252 102.653488 113.283318 132.071976 149.736099 158.012878 152.512344 136.385696 117.753792 122.576118 143.728699 162.998520 170.956924 162.998520 143.728699 122.576118 117.753792 136.385696 152.512344 158.012878 149.736099 132.071976 113.283318 102.653488 116.000252 127.089600 130.072403 123.069214 109.600334 95.810532 85.975021 94.246956 101.023956 102.345169 97.105560 87.896721 78.899490,
 103.751205 108.685776 109.949982 105.708572 96.395782 84.632217 73.332260 108.168747 122.679817 132.694748 132.241104 120.746941 102.982567 84.942184 108.935997 132.194778 151.623199 156.568024 143.779053 120.492950 96.164864 104.763672 131.642426 156.393036 167.057220 156.393036 131.642426 104.763672 96.164864 120.492950 143.779053 156.568024 151.623199 132.194778 108.935997 84.942184 102.982567 120.746941 132.241104 132.694748 122.679817 108.168747 73.332260 84.632217 96.395782 105.708572 109.949982 108.685776 103.751205,
 79.409630 94.964577 110.304276 117.288841 110.805801 95.620232 80.339745 88.071877 108.141045 128.499786 138.122925 129.574982 109.688377 89.839043 96.616257 120.720848 145.413269 157.177826 146.266235 121.948509 97.957367 100.698532 126.407097 152.714783 165.057404 152.714783 126.407097 100.698532 97.957367 121.948509 146.266235 157.177826 145.413269 120.720848 96.616257 89.839043 109.688377 129.574982 138.122925 128.499786 108.141045 88.071877 80.339745 95.620232 110.805801 117.288841 110.304276 94.964577 79.409630,
 86.984138 100.596169 111.782974 118.815536 120.983780 118.931648 114.363457 99.496384 120.153816 137.644363 147.075836 145.477768 134.311890 119.256546 111.006302 137.665619 160.825623 172.134674 166.033875 145.943329 121.617416 119.000954 147.562103 172.382675 182.697235 172.382675 147.562103 119.000954 121.617416 145.943329 166.033875 172.134674 160.825623 137.665619 111.006302 119.256546 134.311890 145.477768 147.075836 137.644363 120.153816 99.496384 114.363457 118.931648 120.983780 118.815536 111.782974 100.596169 86.984138,
 189.690277 204.044296 217.913483 226.123688 224.553680 215.586685 204.091034 243.754959 271.539917 295.527161 306.139954 297.986145 276.485229 250.747482 301.439667 347.177460 387.544922 404.138031 386.918701 346.661041 301.555511 326.492981 382.537903 433.792786 455.847321 433.792786 382.537903 326.492981 301.555511 346.661041 386.918701 404.138031 387.544922 347.177460 301.439667 250.747482 276.485229 297.986145 306.139954 295.527161 271.539917 243.754959 204.091034 215.586685 224.553680 226.123688 217.913483 204.044296 189.690277,
 278.628937 297.462097 288.729462 258.596588 222.134979 193.019684 177.245575 306.731812 355.594543 371.942932 346.560913 293.763489 238.957260 199.523819 305.129028 381.964081 436.375427 435.832458 379.337341 301.372223 234.625488 275.578461 359.439758 440.439148 476.320129 440.439148 359.439758 275.578461 234.625488 301.372223 379.337341 435.832458 436.375427 381.964081 305.129028 199.523819 238.957260 293.763489 346.560913 371.942932 355.594543 306.731812 177.245575 193.019684 222.134979 258.596588 288.729462 297.462097 278.628937,
 194.544693 238.300720 283.058441 305.298218 282.847198 236.237488 196.715500 206.873215 262.047089 324.136292 356.481628 324.411804 260.953339 209.032852 217.583450 281.994934 360.351318 402.784027 361.027832 282.017273 219.252121 222.624420 290.358429 375.950500 422.832947 375.950500 290.358429 222.624420 219.252121 282.017273 361.027832 402.784027 360.351318 281.994934 217.583450 209.032852 260.953339 324.411804 356.481628 324.136292 262.047089 206.873215 196.715500 236.237488 282.847198 305.298218 283.058441 238.300720 194.544693,
 171.114563 197.323105 228.150177 259.754761 283.033905 286.514709 265.738647 194.875076 234.881454 285.863495 332.715149 351.808319 331.632141 284.510925 224.017563 285.576477 360.207336 413.939087 409.949768 353.316040 281.226349 256.764618 334.450928 415.443939 453.138885 415.443939 334.450928 256.764618 281.226349 353.316040 409.949768 413.939087 360.207336 285.576477 224.017563 284.510925 331.632141 351.808319 332.715149 285.863495 234.881454 194.875076 265.738647 286.514709 283.033905 259.754761 228.150177 197.323105 171.114563,
 93.867897 103.947380 114.007774 118.155449 114.885902 107.788399 101.608757 124.500854 151.302872 173.257263 182.496094 174.421875 151.735641 123.641022 167.486664 236.629852 301.174347 331.386597 307.830414 242.902222 169.561310 197.811066 298.589905 395.048615 436.919739 395.048615 298.589905 197.811066 169.561310 242.902222 307.830414 331.386597 301.174347 236.629852 167.486664 123.641022 151.735641 174.421875 182.496094 173.257263 151.302872 124.500854 101.608757 107.788399 114.885902 118.155449 114.007774 103.947380 93.867897,
 186.892059 235.642456 276.585602 286.807861 270.102325 238.141541 196.902252 239.585190 319.677734 386.159332 390.038025 341.167694 280.854248 224.278885 270.102020 373.984558 479.928772 504.713898 430.839294 331.900696 253.041824 272.339355 373.301514 496.009674 559.186157 496.009674 373.301514 272.339355 253.041824 331.900696 430.839294 504.713898 479.928772 373.984558 270.102020 224.278885 280.854248 341.167694 390.038025 386.159332 319.677734 239.585190 196.902252 238.141541 270.102325 286.807861 276.585602 235.642456 186.892059,
 165.367035 200.206451 245.482590 275.147919 244.028122 193.497101 173.595062 178.106888 232.039139 314.429749 369.509521 312.874695 225.757248 184.297958 187.706833 258.834412 381.247284 464.279785 379.460358 256.163879 193.869644 194.492935 268.905518 409.206238 507.040222 409.206238 268.905518 194.492935 193.869644 256.163879 379.460358 464.279785 381.247284 258.834412 187.706833 184.297958 225.757248 312.874695 369.509521 314.429749 232.039139 178.106888 173.595062 193.497101 244.028122 275.147919 245.482590 200.206451 165.367035,
 166.908234 195.913330 223.454041 247.563187 255.257935 234.044006 203.238800 197.240677 243.344345 300.452209 354.424744 361.926453 309.662842 243.974899 225.758301 300.083740 403.884521 486.134399 467.508545 364.828125 264.096741 252.157578 354.657104 485.804077 554.320496 485.804077 354.657104 252.157578 264.096741 364.828125 467.508545 486.134399 403.884521 300.083740 225.758301 243.974899 309.662842 361.926453 354.424744 300.452209 243.344345 197.240677 203.238800 234.044006 255.257935 247.563187 223.454041 195.913330 166.908234,
 9.817911 16.892256 13.889802 5.685759 -0.681975 -1.847149 0.387509 11.359433 22.596392 25.588764 20.119549 11.712049 5.890011 4.260535 10.242162 32.213902 51.385269 55.077835 42.092102 23.327694 9.462256 14.398448 42.572617 74.206764 89.102234 74.206764 42.572617 14.398448 9.462256 23.327694 42.092102 55.077835 51.385269 32.213902 10.242162 4.260535 5.890011 11.712049 20.119549 25.588764 22.596392 11.359433 0.387509 -1.847149 -0.681975 5.685759 13.889802 16.892256 9.817911,
 -16.612062 -8.195549 6.038476 21.971121 35.884899 47.345612 51.852234 13.765841 30.514692 43.552406 47.524582 43.917030 40.447113 38.052036 28.936787 62.754833 91.103020 95.951004 75.057472 47.221622 24.314106 25.778961 64.150345 104.211266 124.005043 104.211266 64.150345 25.778961 24.314106 47.221622 75.057472 95.951004 91.103020 62.754833 28.936787 38.052036 40.447113 43.917030 47.524582 43.552406 30.514692 13.765841 51.852234 47.345612 35.884899 21.971121 6.038476 -8.195549 -16.612062,
 -2.251054 7.510569 20.778584 31.624695 26.996731 11.282803 6.635053 5.597320 12.172369 33.518173 57.276100 48.247818 21.976164 13.492723 14.179156 21.509836 56.171455 90.693253 69.106651 30.507437 19.105480 19.634628 30.199961 73.346832 107.599548 73.346832 30.199961 19.634628 19.105480 30.507437 69.106651 90.693253 56.171455 21.509836 14.179156 13.492723 21.976164 48.247818 57.276100 33.518173 12.172369 5.597320 6.635053 11.282803 26.996731 31.624695 20.778584 7.510569 -2.251054,
 32.775146 47.738205 47.686001 37.304634 20.759525 6.852890 2.576231 28.710373 52.030861 67.170441 70.684433 53.180218 24.450432 4.408761 18.549953 52.484024 91.762665 114.510750 92.094910 44.552490 8.294641 11.637240 53.042465 108.139801 138.135071 108.139801 53.042465 11.637240 8.294641 44.552490 92.094910 114.510750 91.762665 52.484024 18.549953 4.408761 24.450432 53.180218 70.684433 67.170441 52.030861 28.710373 2.576231 6.852890 20.759525 37.304634 47.686001 47.738205 32.775146,

Pairwise cross-correlations of the modulus of all oriented sub-bands at the same scale (size QxQ)
 170.956940 111.554886 70.955582 122.202850,
 111.554886 167.057236 115.525040 73.643982,
 70.955582 115.525040 165.057388 115.912964,
 122.202850 73.643982 115.912964 182.697250,
 455.847351 361.822479 308.573029 354.816010,
 361.822479 476.320190 366.336334 324.676239,
 308.573029 366.336334 422.833008 347.251526,
 354.816010 324.676239 347.251526 453.138916,
 436.919708 393.039490 272.179169 366.092529,
 393.039490 559.186279 381.569275 370.389709,
 272.179169 381.569275 507.040283 376.802673,
 366.092529 370.389709 376.802673 554.320557,
 89.102249 51.880161 44.847584 73.859192,
 51.880161 124.005051 55.417019 52.047516,
 44.847584 55.417019 107.599556 86.279289,
 73.859192 52.047516 86.279289 138.135101,

Cross-correlations of the modulus of all oriented sub-bands with all oriented sub-bands at the coarser scale (size QxQ)
 240.989120 192.509323 157.999847 196.887787,
 190.289810 240.348572 195.649033 160.897690,
 151.083908 201.334900 226.249924 195.358353,
 201.801254 165.764511 195.328156 250.916367,
 340.998657 359.272888 304.594604 361.652618,
 295.315399 386.329498 328.718048 329.716736,
 268.284485 355.200256 349.998962 326.994629,
 298.680267 325.914368 330.670471 364.945282,
 105.393974 130.760132 73.653244 114.931114,
 101.711800 177.585327 107.382370 134.757492,
 99.125046 125.543091 142.252869 151.393372,
 120.788651 121.348923 116.305061 171.784149,

Cross-correlations of the real part of each oriented sub-band with both the real and imaginary part of all phase-doubled oriented sub-bands at the next coarser scale (Q matrices of size 1x2Q, which are computed and stored in a matrix of size Qx2Q)
 109.543457 44.692188 5.246803 49.839508 0.599323 -0.166658 0.396694 0.750134,
 47.385185 98.380287 44.945522 5.213548 0.736216 -2.580446 -1.427313 1.207432,
 6.226962 44.301277 89.832451 39.330444 -0.157268 -0.693059 3.334531 2.295138,
 52.088402 4.817527 39.227242 100.094887 -0.275663 0.248754 5.107162 -0.096684,
 -141.012070 -48.603783 -6.071991 -55.125290 -3.275476 2.464687 -3.221412 17.771893,
 -66.630608 -109.595284 -60.994705 -6.911470 2.783056 -18.840385 -20.850609 -1.416490,
 -7.919695 -55.785004 -112.866516 -47.387882 -1.558477 -20.953346 -21.653149 -10.837250,
 -58.793777 -5.389294 -39.974983 -112.407486 -7.058343 -1.596312 -5.755303 16.718006,
 -23.200262 -14.801451 -1.456789 -23.397749 28.563774 14.325363 -5.142257 -20.129757,
 -13.279692 -7.321035 -13.215564 0.475047 22.157471 10.704176 -28.887360 -0.094685,
 -0.563798 4.763003 -34.277538 -10.000714 6.579832 -6.955890 -70.368378 -28.789886,
 -8.200273 -0.954146 -16.261385 -41.217392 15.828803 -0.499991 -36.652119 -63.239372,
