Low-band skewness and kurtosis
 -2.203490 6.190519,
 -2.252019 6.861451,
 -1.784038 5.443929,
 -1.532272 5.371335,
 -1.211920 3.943138,

High-band variance
 143.456589,

Skewness, kurtosis, variance, mean, maximum and minimum of the reconstructed texture
 -2.191290 5.949273 6634.058594 222.161682 255.000000 0.000000,

Auto-correlations of the low-frequency bands at each scale
 2779.918945 3291.244141 3647.786377 3752.505859 3573.260986 3169.329102 2634.854492 3300.198486 4016.622314 4614.007324 4841.123047 4557.641113 3940.486084 3233.237061 3664.973145 4617.458496 5545.700684 5951.065430 5516.527832 4587.199707 3654.397461 3803.995117 4861.377930 5954.906738 6459.386719 5954.906738 4861.377930 3803.995117 3654.397461 4587.199707 5516.527832 5951.065430 5545.700684 4617.458496 3664.973145 3233.237061 3940.486084 4557.641113 4841.123047 4614.007324 4016.622314 3300.198486 2634.854492 3169.329102 3573.260986 3752.505859 3647.786377 3291.244141 2779.918945,
 1331.210449 1287.110596 1405.889160 1426.790405 1241.434326 1103.568115 1131.090088 1450.300415 1792.279053 2498.104004 2829.621826 2351.022461 1617.528564 1237.084839 1544.928101 2545.067627 4133.012207 4927.519531 4056.073730 2457.716553 1433.330688 1564.179199 2914.308838 4947.840820 5993.955078 4947.840820 2914.308838 1564.179199 1433.330688 2457.716553 4056.073730 4927.519531 4133.012207 2545.067627 1544.928101 1237.084839 1617.528564 2351.022461 2829.621826 2498.104004 1792.279053 1450.300415 1131.090088 1103.568115 1241.434326 1426.790405 1405.889160 1287.110596 1331.210449,
 838.704102 1019.092163 1032.610840 886.105469 770.453796 772.453979 747.213745 1023.360596 1094.551758 1235.703735 1269.365845 992.737976 767.032898 699.861694 953.370972 1316.864990 2328.157715 2968.610352 2158.812988 1000.128967 516.977905 621.837708 1351.421631 3065.505615 4160.868164 3065.505615 1351.421631 621.837708 516.977905 1000.128967 2158.812988 2968.610352 2328.157715 1316.864990 953.370972 699.861694 767.032898 992.737976 1269.365845 1235.703735 1094.551758 1023.360596 747.213745 772.453979 770.453796 886.105469 1032.610840 1019.092163 838.704102,
 -106.345535 198.564423 536.715942 789.878052 865.339722 721.168945 512.361511 169.188156 420.758484 770.648743 946.732056 835.396179 701.039734 655.133362 249.058029 595.233582 1364.051270 1733.103882 1161.416992 533.070740 461.382263 270.296722 576.325806 1618.891602 2312.255371 1618.891602 576.325806 270.296722 461.382263 533.070740 1161.416992 1733.103882 1364.051270 595.233582 249.058029 655.133362 701.039734 835.396179 946.732056 770.648743 420.758484 169.188156 512.361511 721.168945 865.339722 789.878052 536.715942 198.564423 -106.345535,
 -557.375854 -557.809937 -311.673889 -36.717407 18.879074 -27.691315 -152.320328 -585.832458 -463.464325 38.196060 493.853546 501.961304 279.674225 -18.375916 -422.194336 -141.479645 565.805237 1092.824585 887.046326 374.061859 -28.166245 -182.157654 211.281952 936.748779 1371.966553 936.748779 211.281952 -182.157654 -28.166245 374.061859 887.046326 1092.824585 565.805237 -141.479645 -422.194336 -18.375916 279.674225 501.961304 493.853546 38.196060 -463.464325 -585.832458 -152.320328 -27.691315 18.879074 -36.717407 -311.673889 -557.809937 -557.375854,

Auto-correlations of the modulus of each oriented sub-band
 68.364189 74.929520 80.572144 82.183014 78.444550 71.035233 63.458851 85.390808 96.931068 107.032417 110.711304 105.746620 94.477074 82.141739 102.046341 118.850418 133.715057 139.608856 133.274628 117.909714 100.701065 109.032532 128.443283 145.856262 152.988800 145.856262 128.443283 109.032532 100.701065 117.909714 133.274628 139.608856 133.715057 118.850418 102.046341 82.141739 94.477074 105.746620 110.711304 107.032417 96.931068 85.390808 63.458851 71.035233 78.444550 82.183014 80.572144 74.929520 68.364189,
 94.433426 97.982140 98.868713 95.359657 87.245895 76.151009 64.400299 100.226799 113.679878 123.282745 123.238541 112.495087 95.196953 76.894600 101.661537 124.189270 143.025024 147.996857 135.672546 112.824844 88.552803 97.443542 123.934067 148.090332 158.420441 148.090332 123.934067 97.443542 88.552803 112.824844 135.672546 147.996857 143.025024 124.189270 101.661537 76.894600 95.196953 112.495087 123.238541 123.282745 113.679878 100.226799 64.400299 76.151009 87.245895 95.359657 98.868713 97.982140 94.433426,
 67.890572 84.874664 101.186348 107.965553 99.754326 82.187225 64.613853 74.548721 96.261192 117.537651 126.651138 116.152962 93.903297 71.955551 80.532013 106.429977 132.369064 143.986694 131.423935 104.974625 79.065384 82.504242 110.049477 138.085403 151.227814 138.085403 110.049477 82.504242 79.065384 104.974625 131.423935 143.986694 132.369064 106.429977 80.532013 71.955551 93.903297 116.152962 126.651138 117.537651 96.261192 74.548721 64.613853 82.187225 99.754326 107.965553 101.186348 84.874664 67.890572,
 69.331619 80.928680 91.958282 99.971039 103.329895 102.012604 97.631973 81.934418 100.759270 117.757362 127.818283 127.424156 117.488503 103.300339 93.719475 118.652832 140.910553 152.426117 147.329834 128.603867 105.508247 102.249123 129.317459 152.978683 162.925919 152.978683 129.317459 102.249123 105.508247 128.603867 147.329834 152.426117 140.910553 118.652832 93.719475 103.300339 117.488503 127.424156 127.818283 117.757362 100.759270 81.934418 97.631973 102.012604 103.329895 99.971039 91.958282 80.928680 69.331619,
 185.847946 197.757858 203.957001 202.194138 192.566498 179.013351 165.055099 245.880249 273.596313 292.959106 295.820374 279.359924 250.957138 220.190033 303.079041 353.407104 394.079529 407.447876 384.919861 338.273743 285.579041 321.828125 385.102905 440.013519 463.076782 440.013519 385.102905 321.828125 285.579041 338.273743 384.919861 407.447876 394.079529 353.407104 303.079041 220.190033 250.957138 279.359924 295.820374 292.959106 273.596313 245.880249 165.055099 179.013351 192.566498 202.194138 203.957001 197.757858 185.847946,
 257.231354 276.737976 269.089417 238.925415 201.302628 169.728958 147.701691 295.104767 341.835480 357.017761 330.434387 276.558105 221.084320 179.476517 299.409332 374.013153 426.451111 424.296478 366.930603 289.327484 223.157196 269.520508 351.637665 431.622345 467.429230 431.622345 351.637665 269.520508 223.157196 289.327484 366.930603 424.296478 426.451111 374.013153 299.409332 179.476517 221.084320 276.558105 330.434387 357.017761 341.835480 295.104767 147.701691 169.728958 201.302628 238.925415 269.089417 276.737976 257.231354,
 164.442795 209.620255 272.453217 304.788147 270.505035 200.714310 146.523392 176.673538 235.468735 319.405975 365.786774 322.914642 234.674973 168.155502 186.659576 258.580292 361.584656 419.310303 366.205994 261.101349 184.335602 190.539581 269.858307 381.640076 442.020691 381.640076 269.858307 190.539581 184.335602 261.101349 366.205994 419.310303 361.584656 258.580292 186.659576 168.155502 234.674973 322.914642 365.786774 319.405975 235.468735 176.673538 146.523392 200.714310 270.505035 304.788147 272.453217 209.620255 164.442795,
 190.886780 199.134369 217.664978 248.146851 275.453339 280.186493 257.961243 204.875534 234.928238 284.347687 337.532227 362.116974 340.150757 287.487335 230.424667 289.554016 367.985016 428.611633 427.029327 365.302185 287.524414 263.098755 342.977020 429.218811 469.866943 429.218811 342.977020 263.098755 287.524414 365.302185 427.029327 428.611633 367.985016 289.554016 230.424667 287.487335 340.150757 362.116974 337.532227 284.347687 234.928238 204.875534 257.961243 280.186493 275.453339 248.146851 217.664978 199.134369 190.886780,
 111.163994 125.348267 136.057068 141.130646 140.662781 134.713440 122.843575 143.288116 169.820328 191.239319 199.944092 193.739441 175.791336 151.442230 173.879440 236.783142 296.062256 322.231140 299.096802 241.735596 179.951736 187.080185 275.868439 365.978729 406.715698 365.978729 275.868439 187.080185 179.951736 241.735596 299.096802 322.231140 296.062256 236.783142 173.879440 151.442230 175.791336 193.739441 199.944092 191.239319 169.820328 143.288116 122.843575 134.713440 140.662781 141.130646 136.057068 125.348267 111.163994,
 144.120041 185.263245 209.946091 195.758118 155.147781 126.046967 123.013901 195.302017 257.191925 305.817963 295.531982 230.603607 170.162323 143.115280 230.368378 314.550598 402.268280 417.267548 335.719391 239.245346 182.518890 221.908020 305.357300 419.005005 480.736389 419.005005 305.357300 221.908020 182.518890 239.245346 335.719391 417.267548 402.268280 314.550598 230.368378 143.115280 170.162323 230.603607 295.531982 305.817963 257.191925 195.302017 123.013901 126.046967 155.147781 195.758118 209.946091 185.263245 144.120041,
 77.638496 118.832741 175.014313 196.681046 163.182556 126.703178 113.410637 122.315315 177.899658 269.362274 315.042297 252.694244 172.573334 136.066116 158.427902 224.856400 353.222168 431.468353 341.335693 217.657822 159.668289 171.140640 240.080460 384.216217 483.756104 384.216217 240.080460 171.140640 159.668289 217.657822 341.335693 431.468353 353.222168 224.856400 158.427902 136.066116 172.573334 252.694244 315.042297 269.362274 177.899658 122.315315 113.410637 126.703178 163.182556 196.681046 175.014313 118.832741 77.638496,
 145.509720 177.292740 212.433929 230.205658 216.907196 184.090256 163.953445 188.246124 220.096436 268.089813 308.910889 300.206818 246.960449 204.877228 218.577621 263.886139 352.875183 430.133453 404.220154 307.385712 235.954086 235.788284 306.962891 428.165833 499.375214 428.165833 306.962891 235.788284 235.954086 307.385712 404.220154 430.133453 352.875183 263.886139 218.577621 204.877228 246.960449 300.206818 308.910889 268.089813 220.096436 188.246124 163.953445 184.090256 216.907196 230.205658 212.433929 177.292740 145.509720,
 -24.574924 -6.525152 10.986962 25.781593 34.421207 34.795731 26.993084 12.249155 45.805321 75.323540 92.008987 90.510750 72.972527 47.051765 59.122131 109.205452 153.081543 173.381073 160.644379 122.934807 76.793182 84.783043 144.290436 197.638306 220.201736 197.638306 144.290436 84.783043 76.793182 122.934807 160.644379 173.381073 153.081543 109.205452 59.122131 47.051765 72.972527 90.510750 92.008987 75.323540 45.805321 12.249155 26.993084 34.795731 34.421207 25.781593 10.986962 -6.525152 -24.574924,
 22.226938 35.067940 45.969097 49.854843 45.556980 35.159653 20.736982 39.331028 59.097305 72.139893 71.524826 61.099751 46.751274 28.828686 47.869827 77.830582 103.732643 105.541016 84.257591 60.387131 37.592636 45.815872 75.931778 109.921333 128.830154 109.921333 75.931778 45.815872 37.592636 60.387131 84.257591 105.541016 103.732643 77.830582 47.869827 28.828686 46.751274 61.099751 71.524826 72.139893 59.097305 39.331028 20.736982 35.159653 45.556980 49.854843 45.969097 35.067940 22.226938,
 -1.709035 5.924883 19.535097 30.502151 32.496048 34.133743 30.503704 22.771103 36.165348 60.133919 78.485161 68.479362 53.804585 39.886665 41.166687 60.872871 97.461479 125.622925 101.381172 68.509880 46.809677 48.616211 72.096893 114.134003 146.560333 114.134003 72.096893 48.616211 46.809677 68.509880 101.381172 125.622925 97.461479 60.872871 41.166687 39.886665 53.804585 68.479362 78.485161 60.133919 36.165348 22.771103 30.503704 34.133743 32.496048 30.502151 19.535097 5.924883 -1.709035,
 11.002838 59.563461 96.833473 114.437675 113.650871 102.331833 88.385765 56.517937 102.852829 139.819824 164.891663 167.851288 147.065643 116.125618 88.124191 135.800568 190.489288 233.227173 228.172699 178.973846 123.754852 110.367157 168.895447 238.094162 273.331299 238.094162 168.895447 110.367157 123.754852 178.973846 228.172699 233.227173 190.489288 135.800568 88.124191 116.125618 147.065643 167.851288 164.891663 139.819824 102.852829 56.517937 88.385765 102.331833 113.650871 114.437675 96.833473 59.563461 11.002838,

Pairwise cross-correlations of the modulus of all oriented sub-bands at the same scale (size QxQ)
 152.988800 105.194893 62.590549 106.974167,
 105.194893 158.420456 107.999893 67.601875,
 62.590549 107.999893 151.227844 102.438690,
 106.974167 67.601875 102.438690 162.925888,
 463.076874 389.167908 323.181213 374.801300,
 389.167908 467.429291 367.783569 340.600281,
 323.181213 367.783569 442.020752 355.943604,
 374.801300 340.600281 355.943604 469.867004,
 406.715729 324.608429 252.757721 324.947784,
 324.608429 480.736420 362.202271 314.476440,
 252.757721 362.202271 483.756165 353.243134,
 324.947784 314.476440 353.243134 499.375244,
 220.201752 89.075394 78.814850 165.134933,
 89.075394 128.830170 89.343964 94.651237,
 78.814850 89.343964 146.560333 121.270752,
 165.134933 94.651237 121.270752 273.331299,

Cross-correlations of the modulus of all oriented sub-bands with all oriented sub-bands at the coarser scale (size QxQ)
 225.031906 188.904724 142.979172 194.075470,
 197.478531 231.146408 190.639847 164.783203,
 153.902496 188.202698 221.280914 186.884933,
 194.365158 161.284988 184.182190 241.256836,
 316.665100 336.179901 302.746185 337.058990,
 280.260376 353.871277 327.262543 309.843536,
 253.498779 331.142334 358.905029 326.181244,
 280.017975 314.745728 336.546387 372.709442,
 161.333817 99.744446 112.215775 186.904144,
 166.070511 136.157898 143.079712 195.217865,
 166.638397 133.615204 153.369217 182.790710,
 166.248444 130.888535 143.159149 233.356277,

Cross-correlations of the real part of each oriented sub-band with both the real and imaginary part of all phase-doubled oriented sub-bands at the next coarser scale (Q matrices of size 1x2Q, which are computed and stored in a matrix of size Qx2Q)
 85.638275 35.603889 3.337765 37.801922 -0.313911 -0.152306 0.105169 2.180005,
 35.616238 84.679329 36.695274 2.744022 1.505581 0.803781 -0.624023 0.380293,
 2.578112 37.943165 78.444405 35.061363 -0.419994 1.602863 -1.502437 1.370536,
 36.973091 3.229676 33.270958 85.000290 -2.803411 0.263184 -0.705655 4.322394,
 -107.810684 -50.996429 -10.373979 -56.273251 5.559896 -1.995132 2.447752 -4.868533,
 -46.064079 -114.600807 -56.036533 -9.955525 -1.538547 13.668640 1.630064 0.904471,
 -7.681693 -57.526436 -121.886681 -64.694801 -2.519685 8.446309 21.223557 30.577183,
 -50.125580 -9.951957 -63.375164 -123.256332 1.681775 -0.554652 22.607262 32.477818,
 -57.411201 -25.822416 -4.334770 -39.429794 12.468118 -2.250718 2.639350 21.640175,
 -17.901119 -61.971008 -39.810425 -8.790600 2.348236 -5.261793 -9.181433 -0.051800,
 -6.649499 -38.654743 -112.355545 -65.554771 -3.386292 -2.247734 -17.515007 13.648464,
 -44.584465 -6.364531 -62.140221 -98.111275 -5.407142 -0.708590 4.989131 45.854614,
