Low-band skewness and kurtosis
 -2.115306 5.811151,
 -2.166524 6.500318,
 -1.642277 4.842439,
 -1.121712 3.304230,
 -1.088462 3.177996,

High-band variance
 156.660324,

Skewness, kurtosis, variance, mean, maximum and minimum of the reconstructed texture
 -2.099906 5.556481 6908.806641 220.376709 255.000000 0.000000,

Auto-correlations of the low-frequency bands at each scale
 2677.900391 3215.929932 3602.327881 3744.112793 3595.778564 3206.224365 2664.344238 3275.808594 4018.458984 4656.687500 4924.116211 4650.521484 4009.958008 3262.269043 3718.543945 4708.754395 5698.986816 6149.330078 5698.401855 4708.308105 3713.364258 3888.554688 5004.802734 6174.508789 6717.458984 6174.508789 5004.802734 3888.554688 3713.364258 4708.308105 5698.401855 6149.330078 5698.986816 4708.754395 3718.543945 3262.269043 4009.958008 4650.521484 4924.116211 4656.687500 4018.458984 3275.808594 2664.344238 3206.224365 3595.778564 3744.112793 3602.327881 3215.929932 2677.900391,
 1208.177002 1026.928467 1102.458862 1279.323853 1332.548218 1324.190918 1392.333496 1314.850098 1614.685791 2318.139648 2737.083008 2349.645508 1640.503662 1330.734131 1490.865356 2496.846924 4158.744141 5027.903320 4135.684570 2460.109619 1483.643188 1603.219116 2946.229248 5092.906250 6208.055664 5092.906250 2946.229248 1603.219116 1483.643188 2460.109619 4135.684570 5027.903320 4158.744141 2496.846924 1490.865356 1330.734131 1640.503662 2349.645508 2737.083008 2318.139648 1614.685791 1314.850098 1392.333496 1324.190918 1332.548218 1279.323853 1102.458862 1026.928467 1208.177002,
 845.200562 976.963074 867.819702 960.732727 1267.148804 1394.931519 1325.315308 1064.801392 954.381836 921.678223 1193.349609 1318.954590 1284.526855 1328.928589 1126.400024 1248.832275 2139.578125 2926.594727 2325.009277 1390.267822 1239.059448 1155.949463 1533.417969 3088.549561 4182.552734 3088.549561 1533.417969 1155.949463 1239.059448 1390.267822 2325.009277 2926.594727 2139.578125 1248.832275 1126.400024 1328.928589 1284.526855 1318.954590 1193.349609 921.678223 954.381836 1064.801392 1325.315308 1394.931519 1267.148804 960.732727 867.819702 976.963074 845.200562,
 -139.412659 235.072235 578.859985 772.292603 898.969971 978.019287 898.987610 249.336975 483.336609 804.241821 1078.648315 1091.649780 966.094788 897.052917 534.189087 756.700989 1326.632812 1803.748047 1581.515625 1131.202393 1027.989502 895.960632 1118.380859 1829.619629 2315.025146 1829.619629 1118.380859 895.960632 1027.989502 1131.202393 1581.515625 1803.748047 1326.632812 756.700989 534.189087 897.052917 966.094788 1091.649780 1078.648315 804.241821 483.336609 249.336975 898.987610 978.019287 898.969971 772.292603 578.859985 235.072235 -139.412659,
 -584.912964 -741.534546 -726.718567 -473.035095 -94.594116 89.042267 -47.694000 -645.797974 -609.780762 -237.720245 299.445740 637.222046 527.418457 79.924530 -446.946472 -64.028107 631.650879 1215.337891 1231.853271 706.688477 37.361893 -155.118912 500.282471 1278.932129 1646.105957 1278.932129 500.282471 -155.118912 37.361893 706.688477 1231.853271 1215.337891 631.650879 -64.028107 -446.946472 79.924530 527.418457 637.222046 299.445740 -237.720245 -609.780762 -645.797974 -47.694000 89.042267 -94.594116 -473.035095 -726.718567 -741.534546 -584.912964,

Auto-correlations of the modulus of each oriented sub-band
 73.239136 81.076248 88.071411 90.776497 87.929214 81.516174 75.199432 90.158707 102.921608 114.434135 119.173355 114.853279 104.176231 92.717056 108.587280 126.749657 143.141235 149.886627 143.523926 127.744209 110.376068 117.549362 138.157730 156.934189 164.675232 156.934189 138.157730 117.549362 110.376068 127.744209 143.523926 149.886627 143.141235 126.749657 108.587280 92.717056 104.176231 114.853279 119.173355 114.434135 102.921608 90.158707 75.199432 81.516174 87.929214 90.776497 88.071411 81.076248 73.239136,
 106.047440 110.725639 111.924141 107.480133 97.773613 85.290077 73.246506 111.129745 126.945282 138.060989 137.791946 125.383919 105.796143 85.509689 112.461365 138.238312 159.663147 165.180634 151.244629 125.573402 98.225464 108.028023 138.003265 165.192047 176.848846 165.192047 138.003265 108.028023 98.225464 125.573402 151.244629 165.180634 159.663147 138.238312 112.461365 85.509689 105.796143 125.383919 137.791946 138.060989 126.945282 111.129745 73.246506 85.290077 97.773613 107.480133 111.924141 110.725639 106.047440,
 81.060112 98.650291 116.793953 125.561951 119.389458 104.185600 89.077003 90.262344 112.692101 135.795517 146.534302 137.055527 115.939629 95.752701 99.136284 125.481598 152.945709 165.781494 153.351837 126.901871 101.934944 103.653313 131.049683 159.985733 173.737808 159.985733 131.049683 103.653313 101.934944 126.901871 153.351837 165.781494 152.945709 125.481598 99.136284 95.752701 115.939629 137.055527 146.534302 135.795517 112.692101 90.262344 89.077003 104.185600 119.389458 125.561951 116.793953 98.650291 81.060112,
 79.073044 90.282959 100.963753 109.601242 114.097572 113.422241 109.038788 89.539734 107.272980 124.461922 135.855072 136.499466 126.558014 112.269302 99.887970 124.035278 147.420502 160.550980 155.608612 135.878754 112.613037 108.278259 135.221222 160.419739 171.382111 160.419739 135.221222 108.278259 112.613037 135.878754 155.608612 160.550980 147.420502 124.035278 99.887970 112.269302 126.558014 136.499466 135.855072 124.461922 107.272980 89.539734 109.038788 113.422241 114.097572 109.601242 100.963753 90.282959 79.073044,
 212.375641 226.717117 237.719864 243.165848 243.592270 242.066849 240.263275 264.055328 293.532410 316.921936 327.189423 322.427124 308.131958 290.069122 326.041840 377.081543 419.843414 438.059998 423.878754 387.320679 343.560150 362.598694 423.165222 475.691895 497.804321 475.691895 423.165222 362.598694 343.560150 387.320679 423.878754 438.059998 419.843414 377.081543 326.041840 290.069122 308.131958 322.427124 327.189423 316.921936 293.532410 264.055328 240.263275 242.066849 243.592270 243.165848 237.719864 226.717117 212.375641,
 273.457275 290.862610 284.561432 261.182495 237.853348 225.880173 223.728302 303.596527 349.858673 366.103424 340.911865 293.435150 252.478424 231.436737 303.794495 377.271790 433.236481 432.064758 373.611420 300.950500 249.096146 278.641785 354.685547 437.058105 476.067444 437.058105 354.685547 278.641785 249.096146 300.950500 373.611420 432.064758 433.236481 377.271790 303.794495 231.436737 252.478424 293.435150 340.911865 366.103424 349.858673 303.596527 223.728302 225.880173 237.853348 261.182495 284.561432 290.862610 273.457275,
 223.680191 270.929291 331.022888 372.880005 363.146667 315.705292 267.927368 239.569290 299.381775 378.537170 431.081909 408.929382 339.390991 276.733429 255.622849 327.368042 423.761017 482.740234 443.087372 351.648010 277.209778 269.291016 347.251282 449.680695 504.726257 449.680695 347.251282 269.291016 277.209778 351.648010 443.087372 482.740234 423.761017 327.368042 255.622849 276.733429 339.390991 408.929382 431.081909 378.537170 299.381775 239.569290 267.927368 315.705292 363.146667 372.880005 331.022888 270.929291 223.680191,
 220.958282 252.849731 298.272461 345.026306 375.314941 375.423523 347.371796 249.357559 299.963013 368.038147 429.907410 453.909973 428.137817 373.432465 288.365173 360.846130 450.001556 515.330139 512.269714 447.808899 367.633057 333.000244 419.796722 511.288147 554.269287 511.288147 419.796722 333.000244 367.633057 447.808899 512.269714 515.330139 450.001556 360.846130 288.365173 373.432465 428.137817 453.909973 429.907410 368.038147 299.963013 249.357559 347.371796 375.423523 375.314941 345.026306 298.272461 252.849731 220.958282,
 82.269730 102.221046 122.141167 139.058395 152.480133 160.970581 161.946579 104.134895 140.313141 179.164856 207.537613 219.200562 214.185699 194.984070 157.535004 230.691650 305.033630 345.708038 335.391602 288.109253 228.726990 217.547852 308.619110 396.825134 435.935181 396.825134 308.619110 217.547852 228.726990 288.109253 335.391602 345.708038 305.033630 230.691650 157.535004 194.984070 214.185699 219.200562 207.537613 179.164856 140.313141 104.134895 161.946579 160.970581 152.480133 139.058395 122.141167 102.221046 82.269730,
 173.672684 230.487183 260.989594 258.702209 245.875702 228.960815 200.757339 209.858887 299.999634 362.265137 350.175476 298.438721 256.920166 222.914551 230.380386 339.102875 452.301758 467.943848 380.590576 289.456940 233.657516 235.977875 326.864319 456.851685 530.012207 456.851685 326.864319 235.977875 233.657516 289.456940 380.590576 467.943848 452.301758 339.102875 230.380386 222.914551 256.920166 298.438721 350.175476 362.265137 299.999634 209.858887 200.757339 228.960815 245.875702 258.702209 260.989594 230.487183 173.672684,
 148.461700 209.652588 286.437775 329.473419 314.504608 275.939575 242.407562 189.576477 262.020996 370.980957 433.137848 388.898560 314.535645 262.845612 230.164780 307.006592 441.759521 527.931030 450.328125 336.172241 270.233948 259.455536 333.913605 472.485596 568.674805 472.485596 333.913605 259.455536 270.233948 336.172241 450.328125 527.931030 441.759521 307.006592 230.164780 262.845612 314.535645 388.898560 433.137848 370.980957 262.020996 189.576477 242.407562 275.939575 314.504608 329.473419 286.437775 209.652588 148.461700,
 168.641098 200.859055 229.627548 246.580841 250.358963 246.132034 243.170517 207.814377 247.958221 298.272858 342.604736 347.027740 310.529816 273.590027 241.764633 301.413696 392.247742 466.326843 446.396545 358.382324 286.843323 272.660004 351.573792 466.816162 532.242798 466.816162 351.573792 272.660004 286.843323 358.382324 446.396545 466.326843 392.247742 301.413696 241.764633 273.590027 310.529816 347.027740 342.604736 298.272858 247.958221 207.814377 243.170517 246.132034 250.358963 246.580841 229.627548 200.859055 168.641098,
 -22.936348 -15.098052 -3.468964 8.871967 18.778793 24.695023 26.454323 -8.472420 3.601625 19.360415 33.560257 41.870140 44.129860 41.767174 29.746580 51.464916 74.891335 90.116982 90.543983 80.521957 67.119751 69.182816 93.896667 118.297173 129.525589 118.297173 93.896667 69.182816 67.119751 80.521957 90.543983 90.116982 74.891335 51.464916 29.746580 41.767174 44.129860 41.870140 33.560257 19.360415 3.601625 -8.472420 26.454323 24.695023 18.778793 8.871967 -3.468964 -15.098052 -22.936348,
 -17.835346 2.998452 16.969009 19.849625 25.728966 31.622677 25.503082 -5.171309 25.935402 50.538185 42.537247 27.432959 27.404316 29.558819 -0.695292 37.406693 86.611412 88.101181 46.242699 18.194557 15.743618 1.789896 25.374603 81.733925 118.015396 81.733925 25.374603 1.789896 15.743618 18.194557 46.242699 88.101181 86.611412 37.406693 -0.695292 29.558819 27.404316 27.432959 42.537247 50.538185 25.935402 -5.171309 25.503082 31.622677 25.728966 19.849625 16.969009 2.998452 -17.835346,
 -42.677773 -30.811853 1.109798 34.418983 48.430340 49.381279 46.807495 -28.534563 -7.682367 36.794277 73.333557 72.888885 56.756256 44.209072 -8.511783 18.080105 69.576431 105.897110 88.691238 53.780048 32.255199 13.279967 40.218071 88.884605 119.438698 88.884605 40.218071 13.279967 32.255199 53.780048 88.691238 105.897110 69.576431 18.080105 -8.511783 44.209072 56.756256 72.888885 73.333557 36.794277 -7.682367 -28.534563 46.807495 49.381279 48.430340 34.418983 1.109798 -30.811853 -42.677773,
 -16.998878 -19.737900 -15.160680 -0.433241 17.427067 30.013809 35.844608 -13.067337 -9.678696 6.041258 32.198875 51.574303 53.446213 46.913208 -4.732403 11.875448 45.335419 81.268227 87.628799 64.452675 39.427303 15.940389 44.843117 86.504349 110.172699 86.504349 44.843117 15.940389 39.427303 64.452675 87.628799 81.268227 45.335419 11.875448 -4.732403 46.913208 53.446213 51.574303 32.198875 6.041258 -9.678696 -13.067337 35.844608 30.013809 17.427067 -0.433241 -15.160680 -19.737900 -16.998878,

Pairwise cross-correlations of the modulus of all oriented sub-bands at the same scale (size QxQ)
 164.675262 116.454590 71.419075 114.416367,
 116.454590 176.848877 116.040436 75.619537,
 71.419075 116.040436 173.737808 120.139977,
 114.416367 75.619537 120.139977 171.382141,
 497.804291 381.591095 356.574158 422.743683,
 381.591095 476.067444 395.498383 385.584198,
 356.574158 395.498383 504.726318 423.352936,
 422.743683 385.584198 423.352936 554.269287,
 435.935181 343.613403 268.965118 337.648773,
 343.613403 530.012207 376.832031 286.654541,
 268.965118 376.832031 568.674805 391.133118,
 337.648773 286.654541 391.133118 532.242920,
 129.525604 77.716133 78.170181 82.497925,
 77.716133 118.015396 68.077194 47.757030,
 78.170181 68.077194 119.438713 82.045135,
 82.497925 47.757030 82.045135 110.172714,

Cross-correlations of the modulus of all oriented sub-bands with all oriented sub-bands at the coarser scale (size QxQ)
 243.103241 196.265869 170.504669 218.561813,
 208.429245 246.795029 213.643631 193.729019,
 167.184753 207.172363 255.073883 224.257401,
 213.711060 173.837540 214.439499 263.163696,
 352.984985 344.374084 335.235657 346.321472,
 296.182800 382.265503 363.509796 308.835052,
 278.437134 359.798767 420.380798 328.900146,
 327.336060 338.214600 391.283722 401.246948,
 133.622818 98.414429 126.015312 120.099251,
 127.771698 132.969925 141.405823 104.616226,
 136.490356 125.995026 138.312195 106.175301,
 141.313354 106.728218 126.868042 125.721214,

Cross-correlations of the real part of each oriented sub-band with both the real and imaginary part of all phase-doubled oriented sub-bands at the next coarser scale (Q matrices of size 1x2Q, which are computed and stored in a matrix of size Qx2Q)
 92.901360 43.993237 3.586317 40.638920 -0.874814 -1.681082 -0.748332 -0.277328,
 41.964760 93.721909 35.997269 3.588461 0.018622 -1.928618 0.291552 -0.323955,
 3.342648 39.074558 85.526886 41.426628 0.854670 -0.351357 1.212702 -2.921140,
 39.391235 4.052657 40.996120 94.033302 0.337670 -0.107612 -0.887288 -4.620059,
 -109.767975 -52.866940 -8.882165 -53.380623 2.124767 -15.490862 -0.906098 -8.700395,
 -52.999714 -119.267685 -44.185055 -4.676080 -11.945158 -25.511587 8.128345 1.595815,
 -6.851985 -55.904388 -72.051819 -40.853443 -0.391595 -5.590317 30.183647 7.902951,
 -50.709541 -7.505466 -32.532600 -108.037231 8.590358 0.410545 14.814361 -8.337136,
 -30.122976 -24.285255 -1.651266 -22.717241 44.661903 7.484238 -0.599294 10.349034,
 -21.911842 -101.694305 -49.448517 -2.297329 37.784691 -23.772697 -20.656151 -0.688354,
 -5.391068 -58.875374 -105.175774 -20.378988 -1.277415 -25.431152 -32.879478 -8.057677,
 -12.245499 -2.704147 -35.696358 -47.239368 -3.343700 -1.287535 -6.628941 -0.020804,
