Low-band skewness and kurtosis
 -2.203979 6.187563,
 -2.265342 6.923499,
 -1.761158 5.242605,
 -1.493113 4.623450,
 -1.188546 3.446062,

High-band variance
 141.356445,

Skewness, kurtosis, variance, mean, maximum and minimum of the reconstructed texture
 -2.191194 5.945962 6645.663086 222.147522 255.000000 0.000000,

Auto-correlations of the low-frequency bands at each scale
 2990.914307 3446.448486 3737.096436 3789.095703 3583.073975 3184.144287 2673.347412 3466.529053 4147.218262 4693.566895 4867.362793 4542.221191 3904.699951 3199.664307 3769.148926 4699.889648 5599.359863 5969.087402 5499.520996 4545.291992 3608.906738 3821.043701 4871.511230 5967.317383 6473.413086 5967.317383 4871.511230 3821.043701 3608.906738 4545.291992 5499.520996 5969.087402 5599.359863 4699.889648 3769.148926 3199.664307 3904.699951 4542.221191 4867.362793 4693.566895 4147.218262 3466.529053 2673.347412 3184.144287 3583.073975 3789.095703 3737.096436 3446.448486 2990.914307,
 1472.343262 1572.954102 1589.395020 1512.122681 1380.411133 1352.322266 1457.210938 1630.218628 2083.768066 2688.545410 2893.462402 2391.270020 1711.607422 1461.320435 1738.557129 2733.969482 4247.826660 4955.025391 4034.297363 2453.416260 1586.025391 1731.383911 2963.938965 4962.564453 6003.362793 4962.564453 2963.938965 1731.383911 1586.025391 2453.416260 4034.297363 4955.025391 4247.826660 2733.969482 1738.557129 1461.320435 1711.607422 2391.270020 2893.462402 2688.545410 2083.768066 1630.218628 1457.210938 1352.322266 1380.411133 1512.122681 1589.395020 1572.954102 1472.343262,
 1131.578247 951.705017 788.886292 936.983765 1179.087891 1283.751221 1199.334351 1216.249023 1088.317139 1207.040527 1384.967041 1208.870117 1114.638672 1267.999023 1212.478149 1396.359497 2411.398193 3091.518799 2308.259033 1409.330444 1395.328003 1348.092407 1663.439941 3176.149902 4246.623535 3176.149902 1663.439941 1348.092407 1395.328003 1409.330444 2308.259033 3091.518799 2411.398193 1396.359497 1212.478149 1267.999023 1114.638672 1208.870117 1384.967041 1207.040527 1088.317139 1216.249023 1199.334351 1283.751221 1179.087891 936.983765 788.886292 951.705017 1131.578247,
 204.702469 325.537231 459.787292 715.306885 884.134583 787.464966 618.911560 435.827576 523.558350 716.364380 1025.773071 1139.960815 1014.879150 896.392883 526.205811 851.100952 1428.496460 1853.307617 1622.236450 1118.217529 867.416260 665.586914 1124.422607 1952.133789 2439.751465 1952.133789 1124.422607 665.586914 867.416260 1118.217529 1622.236450 1853.307617 1428.496460 851.100952 526.205811 896.392883 1014.879150 1139.960815 1025.773071 716.364380 523.558350 435.827576 618.911560 787.464966 884.134583 715.306885 459.787292 325.537231 204.702469,
 -756.560852 -701.614380 -489.285278 -283.380310 -141.377991 -119.016815 -270.284851 -569.488159 -426.776855 -22.961258 336.088684 450.588379 339.931885 55.502472 -290.722900 80.233795 756.811890 1221.576172 1082.705200 586.128906 108.714676 -52.667847 493.354370 1271.355225 1676.421387 1271.355225 493.354370 -52.667847 108.714676 586.128906 1082.705200 1221.576172 756.811890 80.233795 -290.722900 55.502472 339.931885 450.588379 336.088684 -22.961258 -426.776855 -569.488159 -270.284851 -119.016815 -141.377991 -283.380310 -489.285278 -701.614380 -756.560852,

Auto-correlations of the modulus of each oriented sub-band
 74.811890 81.427673 87.148750 89.168236 86.230705 79.730255 72.774063 90.141495 101.537308 111.563774 115.547104 111.466484 101.554443 90.649002 106.268532 122.655647 137.304413 143.282440 137.498474 123.262383 107.526390 114.157661 132.678711 149.587753 156.585693 149.587753 132.678711 114.157661 107.526390 123.262383 137.498474 143.282440 137.304413 122.655647 106.268532 90.649002 101.554443 111.466484 115.547104 111.563774 101.537308 90.141495 72.774063 79.730255 86.230705 89.168236 87.148750 81.427673 74.811890,
 88.574516 94.638702 98.012451 96.603027 90.333435 80.851349 70.288963 94.284126 108.666718 119.708923 121.479736 112.736771 97.260910 80.135796 97.492264 119.497604 138.350220 144.223557 133.501343 112.393890 89.349411 95.824036 121.147415 144.119690 153.956802 144.119690 121.147415 95.824036 89.349411 112.393890 133.501343 144.223557 138.350220 119.497604 97.492264 80.135796 97.260910 112.736771 121.479736 119.708923 108.666718 94.284126 70.288963 80.851349 90.333435 96.603027 98.012451 94.638702 88.574516,
 72.968643 87.764473 103.307213 111.067322 105.246895 89.475044 72.464890 79.638794 99.510300 120.108566 129.906647 121.149506 100.217758 78.779068 85.666740 110.049789 135.218979 147.076782 135.624466 110.243210 85.054115 87.914032 114.349655 141.462219 154.188568 141.462219 114.349655 87.914032 85.054115 110.243210 135.624466 147.076782 135.218979 110.049789 85.666740 78.779068 100.217758 121.149506 129.906647 120.108566 99.510300 79.638794 72.464890 89.475044 105.246895 111.067322 103.307213 87.764473 72.968643,
 95.779221 107.980690 118.418213 124.893433 126.219574 123.008995 117.310883 106.668144 125.341354 141.454056 150.088928 148.158218 137.239670 122.820473 116.245110 140.291885 161.528427 172.038086 166.155411 147.402756 125.026497 122.793442 148.676392 171.574326 181.298767 171.574326 148.676392 122.793442 125.026497 147.402756 166.155411 172.038086 161.528427 140.291885 116.245110 122.820473 137.239670 148.158218 150.088928 141.454056 125.341354 106.668144 117.310883 123.008995 126.219574 124.893433 118.418213 107.980690 95.779221,
 187.558395 199.959732 210.755539 217.080322 215.832077 207.399368 195.341751 237.071884 260.632629 281.531464 292.751465 288.406647 270.458374 246.051193 298.628357 340.667328 377.830109 396.037933 385.173431 351.071808 307.882324 333.776367 387.420197 433.218201 452.367828 433.218201 387.420197 333.776367 307.882324 351.071808 385.173431 396.037933 377.830109 340.667328 298.628357 246.051193 270.458374 288.406647 292.751465 281.531464 260.632629 237.071884 195.341751 207.399368 215.832077 217.080322 210.755539 199.959732 187.558395,
 243.861481 267.504578 267.755615 243.437561 209.705414 182.461838 165.130066 267.216797 314.465912 337.143219 316.153320 265.314117 215.526276 181.646423 266.105286 334.070343 390.809631 393.239624 336.415955 263.763092 208.681168 241.582489 312.239410 390.927032 429.043518 390.927032 312.239410 241.582489 208.681168 263.763092 336.415955 393.239624 390.809631 334.070343 266.105286 181.646423 215.526276 265.314117 316.153320 337.143219 314.465912 267.216797 165.130066 182.461838 209.705414 243.437561 267.755615 267.504578 243.861481,
 192.087067 232.146332 285.593567 318.850220 300.061157 255.517181 217.505219 203.242874 254.548355 326.216888 369.312378 336.731110 270.396698 219.388718 213.472137 275.020569 363.379578 415.387268 368.805115 282.815369 221.179565 219.897827 285.808075 380.758392 435.372253 380.758392 285.808075 219.897827 221.179565 282.815369 368.805115 415.387268 363.379578 275.020569 213.472137 219.388718 270.396698 336.731110 369.312378 326.216888 254.548355 203.242874 217.505219 255.517181 300.061157 318.850220 285.593567 232.146332 192.087067,
 224.631622 259.175110 301.132477 345.406769 376.691864 378.821472 351.212982 255.838287 307.585205 369.992249 427.244080 451.392029 429.250977 376.178925 296.428040 369.045898 450.939117 509.798828 507.831390 449.458191 371.248047 339.598724 425.109100 508.772064 546.711426 508.772064 425.109100 339.598724 371.248047 449.458191 507.831390 509.798828 450.939117 369.045898 296.428040 376.178925 429.250977 451.392029 427.244080 369.992249 307.585205 255.838287 351.212982 378.821472 376.691864 345.406769 301.132477 259.175110 224.631622,
 127.305901 146.848053 163.220306 175.842651 181.660431 177.300781 163.791107 155.416000 185.292068 208.514191 220.124481 218.479248 204.786484 182.263046 216.774597 280.502167 337.105957 360.368042 340.449829 291.567841 235.379608 264.268311 346.984863 426.009094 460.739685 426.009094 346.984863 264.268311 235.379608 291.567841 340.449829 360.368042 337.105957 280.502167 216.774597 182.263046 204.786484 218.479248 220.124481 208.514191 185.292068 155.416000 163.791107 177.300781 181.660431 175.842651 163.220306 146.848053 127.305901,
 140.837448 173.204224 185.691177 177.263916 164.043686 159.084167 156.709854 180.285446 244.457230 277.566895 252.751190 198.705139 162.433640 149.594223 187.301224 283.707886 371.482971 372.746582 285.302673 195.835022 148.828201 167.044403 254.166321 374.207642 439.308685 374.207642 254.166321 167.044403 148.828201 195.835022 285.302673 372.746582 371.482971 283.707886 187.301224 149.594223 162.433640 198.705139 252.751190 277.566895 244.457230 180.285446 156.709854 159.084167 164.043686 177.263916 185.691177 173.204224 140.837448,
 126.438599 181.763016 241.838959 300.438812 296.865143 229.704605 166.147125 157.225418 222.839539 313.818909 389.775085 354.403748 253.759033 178.951004 183.745438 265.752289 391.412781 482.464813 411.373108 278.118134 190.376083 194.800278 286.960388 431.751556 524.727234 431.751556 286.960388 194.800278 190.376083 278.118134 411.373108 482.464813 391.412781 265.752289 183.745438 178.951004 253.759033 354.403748 389.775085 313.818909 222.839539 157.225418 166.147125 229.704605 296.865143 300.438812 241.838959 181.763016 126.438599,
 148.589752 182.383942 229.077454 283.979553 300.540833 254.749084 188.314514 175.699326 226.303436 300.329468 374.832092 378.218750 301.722137 214.709030 207.913696 283.124390 396.547607 490.498199 462.663696 343.557739 234.339539 231.279877 334.633118 475.390503 553.414673 475.390503 334.633118 231.279877 234.339539 343.557739 462.663696 490.498199 396.547607 283.124390 207.913696 214.709030 301.722137 378.218750 374.832092 300.329468 226.303436 175.699326 188.314514 254.749084 300.540833 283.979553 229.077454 182.383942 148.589752,
 0.749177 9.102904 16.912178 24.131670 29.092995 30.022545 25.911098 10.754456 24.287697 36.446396 44.456230 46.636353 43.991943 37.420567 26.971386 52.142883 76.891937 89.891869 85.476944 69.012421 48.769855 45.426647 77.802330 109.546364 123.830780 109.546364 77.802330 45.426647 48.769855 69.012421 85.476944 89.891869 76.891937 52.142883 26.971386 37.420567 43.991943 46.636353 44.456230 36.446396 24.287697 10.754456 25.911098 30.022545 29.092995 24.131670 16.912178 9.102904 0.749177,
 23.068811 36.582695 52.518578 68.407440 71.525642 57.111076 39.762619 45.613579 73.572800 96.230843 100.846268 91.356590 75.661087 58.780022 54.532879 92.409607 138.221344 147.182236 114.114868 80.031769 63.884693 58.428146 86.958664 141.753220 174.235580 141.753220 86.958664 58.428146 63.884693 80.031769 114.114868 147.182236 138.221344 92.409607 54.532879 58.780022 75.661087 91.356590 100.846268 96.230843 73.572800 45.613579 39.762619 57.111076 71.525642 68.407440 52.518578 36.582695 23.068811,
 5.281551 8.191263 37.132641 55.482300 44.232014 37.618729 34.019840 22.518929 38.133984 85.951355 111.604279 82.428925 53.205967 42.535339 34.784443 60.765842 127.751015 166.804916 121.541603 65.885117 45.073803 42.225780 70.104225 141.949280 191.768799 141.949280 70.104225 42.225780 45.073803 65.885117 121.541603 166.804916 127.751015 60.765842 34.784443 42.535339 53.205967 82.428925 111.604279 85.951355 38.133984 22.518929 34.019840 37.618729 44.232014 55.482300 37.132641 8.191263 5.281551,
 13.076030 15.166834 23.990757 41.676533 52.956715 48.590866 37.647614 26.324800 33.718620 53.863781 79.266830 88.353531 75.110855 56.551682 37.536480 58.448822 96.102470 129.886292 128.438477 97.097595 66.740997 55.815456 89.157562 135.199982 159.848450 135.199982 89.157562 55.815456 66.740997 97.097595 128.438477 129.886292 96.102470 58.448822 37.536480 56.551682 75.110855 88.353531 79.266830 53.863781 33.718620 26.324800 37.647614 48.590866 52.956715 41.676533 23.990757 15.166834 13.076030,

Pairwise cross-correlations of the modulus of all oriented sub-bands at the same scale (size QxQ)
 156.585754 103.388184 65.092110 115.610626,
 103.388184 153.956833 104.059746 72.796234,
 65.092110 104.059746 154.188599 116.628296,
 115.610626 72.796234 116.628296 181.298767,
 452.367859 357.070465 316.310242 405.052612,
 357.070465 429.043549 327.915466 339.646942,
 316.310242 327.915466 435.372284 377.635895,
 405.052612 339.646942 377.635895 546.711426,
 460.739685 337.600159 330.153748 368.828583,
 337.600159 439.308716 361.237091 336.956299,
 330.153748 361.237091 524.727295 428.118896,
 368.828583 336.956299 428.118896 553.414795,
 123.830795 103.903915 80.497200 81.971008,
 103.903915 174.235596 91.465775 96.238770,
 80.497200 91.465775 191.768814 121.880959,
 81.971008 96.238770 121.880959 159.848450,

Cross-correlations of the modulus of all oriented sub-bands with all oriented sub-bands at the coarser scale (size QxQ)
 228.613281 179.818375 148.299164 210.602188,
 191.453506 219.266052 179.499802 173.609772,
 162.004608 176.416580 220.189651 209.507065,
 210.099243 157.579773 201.123032 275.041473,
 337.385834 314.711609 319.941498 351.224030,
 304.382294 330.372253 333.953583 331.362457,
 298.942688 302.940613 368.696594 346.451996,
 348.603088 314.533386 373.428680 418.550720,
 130.596603 143.589951 168.119232 165.030670,
 117.255089 164.295746 146.972855 163.009094,
 122.287766 136.432480 216.071259 183.291748,
 151.840179 149.954346 188.738312 201.558060,

Cross-correlations of the real part of each oriented sub-band with both the real and imaginary part of all phase-doubled oriented sub-bands at the next coarser scale (Q matrices of size 1x2Q, which are computed and stored in a matrix of size Qx2Q)
 92.027039 33.530132 6.163827 47.118587 -0.017736 -2.730619 1.208721 0.746849,
 35.093647 76.612869 37.507351 4.484812 -2.514670 -0.723235 1.947566 -0.268328,
 5.217320 33.517143 91.320694 48.749073 -0.223610 1.575813 1.099014 -0.079103,
 49.506763 3.592100 46.979446 109.905098 1.534104 0.033762 1.252864 2.585609,
 -76.468285 -32.447365 -7.819149 -38.851082 -15.819420 0.301459 -0.936159 -1.551672,
 -33.925354 -80.574074 -45.863567 -3.602234 -1.920668 -13.916009 5.804742 0.829207,
 -4.036753 -42.775665 -106.014328 -57.995300 0.050550 -12.691188 42.196945 9.398875,
 -32.957615 -5.685402 -52.998482 -119.712509 -8.787579 -0.163309 23.855473 7.404594,
 -18.632936 7.375468 -3.504653 -14.140930 -72.567673 -47.471027 -0.209295 7.190781,
 5.571047 -29.859070 -62.168034 -2.125654 -55.313911 -80.922783 -5.886446 3.787504,
 1.519880 -46.102558 -92.945251 -12.039590 -2.838448 -27.794235 -5.609813 21.912014,
 -15.187972 -3.944227 -19.384375 -34.760727 -8.356664 -5.115089 0.099309 30.611771,
