Low-band skewness and kurtosis
 -2.150107 5.948089,
 -2.208565 6.649699,
 -1.673767 4.779879,
 -1.488420 4.623009,
 -1.579808 4.754704,

High-band variance
 147.736649,

Skewness, kurtosis, variance, mean, maximum and minimum of the reconstructed texture
 -2.136656 5.708920 6814.505371 221.099487 255.000000 0.000000,

Auto-correlations of the low-frequency bands at each scale
 2716.203613 3262.701172 3714.666016 3962.834229 3902.371094 3544.566895 3001.361816 3281.782227 4002.945068 4667.163086 5004.614258 4801.894531 4198.007812 3464.690918 3722.429688 4671.049805 5643.860840 6116.310547 5714.793457 4772.722656 3814.039062 3922.948730 4989.972656 6112.552734 6634.755859 6112.552734 4989.972656 3922.948730 3814.039062 4772.722656 5714.793457 6116.310547 5643.860840 4671.049805 3722.429688 3464.690918 4198.007812 4801.894531 5004.614258 4667.163086 4002.945068 3281.782227 3001.361816 3544.566895 3902.371094 3962.834229 3714.666016 3262.701172 2716.203613,
 1377.371460 1348.464966 1613.192383 1961.658691 2021.037109 1810.107300 1568.858032 1439.762573 1710.367432 2510.056885 3123.894531 2866.093994 2092.335205 1533.969849 1655.630493 2529.637695 4143.033691 5090.389648 4326.868652 2706.150391 1638.210327 1758.197266 3029.913574 5070.841797 6136.750000 5070.841797 3029.913574 1758.197266 1638.210327 2706.150391 4326.868652 5090.389648 4143.033691 2529.637695 1655.630493 1533.969849 2092.335205 2866.093994 3123.894531 2510.056885 1710.367432 1439.762573 1568.858032 1810.107300 2021.037109 1961.658691 1613.192383 1348.464966 1377.371460,
 1296.420532 1254.322510 1300.979858 1456.163940 1464.798950 1374.180908 1393.822144 1413.388062 1193.269897 1403.676270 1829.324707 1630.730469 1292.862427 1454.454956 1508.501343 1417.783447 2377.721191 3308.426514 2562.803223 1489.676514 1494.685181 1547.293701 1664.571289 3167.283203 4318.717773 3167.283203 1664.571289 1547.293701 1494.685181 1489.676514 2562.803223 3308.426514 2377.721191 1417.783447 1508.501343 1454.454956 1292.862427 1630.730469 1829.324707 1403.676270 1193.269897 1413.388062 1393.822144 1374.180908 1464.798950 1456.163940 1300.979858 1254.322510 1296.420532,
 415.700256 695.683960 944.102966 1087.376587 989.182678 798.764038 641.450256 634.770203 839.236511 1177.240967 1443.452515 1317.686768 1099.217407 1003.174377 781.606140 1050.467285 1659.712158 2119.186035 1845.875732 1388.213379 1199.490723 1047.302368 1362.975464 2077.929443 2552.529053 2077.929443 1362.975464 1047.302368 1199.490723 1388.213379 1845.875732 2119.186035 1659.712158 1050.467285 781.606140 1003.174377 1099.217407 1317.686768 1443.452515 1177.240967 839.236511 634.770203 641.450256 798.764038 989.182678 1087.376587 944.102966 695.683960 415.700256,
 -896.828918 -679.575928 -283.794769 1.160461 -90.336578 -432.390381 -741.022888 -652.415771 -334.041290 254.808289 682.755188 578.687378 105.763702 -355.159698 -288.129974 215.835587 1026.301880 1535.797363 1294.514771 595.214355 -20.703583 -1.161346 646.978027 1518.006226 1950.197998 1518.006226 646.978027 -1.161346 -20.703583 595.214355 1294.514771 1535.797363 1026.301880 215.835587 -288.129974 -355.159698 105.763702 578.687378 682.755188 254.808289 -334.041290 -652.415771 -741.022888 -432.390381 -90.336578 1.160461 -283.794769 -679.575928 -896.828918,

Auto-correlations of the modulus of each oriented sub-band
 79.574249 87.996132 95.828278 98.950920 95.549194 87.526436 79.000214 96.833168 109.835838 121.661964 126.383705 121.410011 109.442406 96.393639 113.761810 131.838989 148.184265 154.693024 147.769653 131.261810 113.227905 120.885880 141.400787 160.208832 168.007019 160.208832 141.400787 120.885880 113.227905 131.261810 147.769653 154.693024 148.184265 131.838989 113.761810 96.393639 109.442406 121.410011 126.383705 121.661964 109.835838 96.833168 79.000214 87.526436 95.549194 98.950920 95.828278 87.996132 79.574249,
 110.777130 114.849106 115.644569 111.990997 104.561806 95.059311 85.145660 115.788750 129.547058 138.873154 138.447861 128.201157 112.458084 96.032997 117.094505 139.668884 158.347900 162.965424 150.762238 128.892670 106.060844 113.588150 139.440521 163.290741 173.577301 163.290741 139.440521 113.588150 106.060844 128.892670 150.762238 162.965424 158.347900 139.668884 117.094505 96.032997 112.458084 128.201157 138.447861 138.873154 129.547058 115.788750 85.145660 95.059311 104.561806 111.990997 115.644569 114.849106 110.777130,
 76.140366 95.949051 115.598610 124.895615 117.887962 100.680191 83.230087 84.029106 108.561798 133.529495 145.361877 135.517410 112.661072 89.999855 92.217369 120.632919 149.970306 163.928802 151.122925 123.006638 95.626305 96.772324 126.388321 157.074570 171.587830 157.074570 126.388321 96.772324 95.626305 123.006638 151.122925 163.928802 149.970306 120.632919 92.217369 89.999855 112.661072 135.517410 145.361877 133.529495 108.561798 84.029106 83.230087 100.680191 117.887962 124.895615 115.598610 95.949051 76.140366,
 74.493370 85.192314 95.058815 101.430954 102.518745 98.838478 93.112801 84.417976 102.029633 118.387726 127.704155 125.616730 113.467987 98.066429 93.437302 117.532959 140.258789 152.041504 145.570984 124.715424 100.789169 99.363388 126.440804 151.661194 162.596420 151.661194 126.440804 99.363388 100.789169 124.715424 145.570984 152.041504 140.258789 117.532959 93.437302 98.066429 113.467987 125.616730 127.704155 118.387726 102.029633 84.417976 93.112801 98.838478 102.518745 101.430954 95.058815 85.192314 74.493370,
 217.985123 226.393509 231.156937 232.499695 230.062271 224.910080 218.369431 262.902985 286.628723 303.802917 308.906464 299.754333 281.366150 260.372406 316.754486 360.828033 397.340027 410.715576 393.293518 355.051605 312.154449 339.988556 394.801636 443.642090 464.310425 443.642090 394.801636 339.988556 312.154449 355.051605 393.293518 410.715576 397.340027 360.828033 316.754486 260.372406 281.366150 299.754333 308.906464 303.802917 286.628723 262.902985 218.369431 224.910080 230.062271 232.499695 231.156937 226.393509 217.985123,
 305.975555 328.506409 323.813751 291.686584 247.057083 208.901489 187.653473 334.308289 381.796600 399.791687 373.650818 315.389099 254.499786 211.358566 331.132812 405.255981 460.426666 459.875549 399.285736 317.588867 250.096680 296.490692 378.629791 461.776794 499.924896 461.776794 378.629791 296.490692 250.096680 317.588867 399.285736 459.875549 460.426666 405.255981 331.132812 211.358566 254.499786 315.389099 373.650818 399.791687 381.796600 334.308289 187.653473 208.901489 247.057083 291.686584 323.813751 328.506409 305.975555,
 222.637283 282.561737 350.280579 379.050415 344.825317 274.874176 210.719406 229.067886 304.536377 393.240997 433.845886 389.056976 299.102051 220.797592 234.146759 322.720398 429.649353 481.739868 427.506165 319.982849 230.075592 235.107574 329.348785 444.071625 501.922089 444.071625 329.348785 235.107574 230.075592 319.982849 427.506165 481.739868 429.649353 322.720398 234.146759 220.797592 299.102051 389.056976 433.845886 393.240997 304.536377 229.067886 210.719406 274.874176 344.825317 379.050415 350.280579 282.561737 222.637283,
 176.566086 188.522003 211.001312 241.846039 267.562378 272.304230 253.840652 186.552292 215.774216 262.916382 313.149353 336.783936 318.062561 272.381042 207.113907 260.832428 333.834167 391.541870 391.268005 335.203827 264.883209 237.349701 310.110504 390.531433 428.766418 390.531433 310.110504 237.349701 264.883209 335.203827 391.268005 391.541870 333.834167 260.832428 207.113907 272.381042 318.062561 336.783936 313.149353 262.916382 215.774216 186.552292 253.840652 272.304230 267.562378 241.846039 211.001312 188.522003 176.566086,
 226.046829 239.057846 241.467651 234.087006 221.385376 209.029556 199.989914 248.280670 282.649536 308.621368 316.692627 303.651581 273.796509 236.038605 285.146820 361.786957 430.037018 459.979736 435.411469 367.401947 285.057465 307.590027 412.818329 506.964050 546.093323 506.964050 412.818329 307.590027 285.057465 367.401947 435.411469 459.979736 430.037018 361.786957 285.146820 236.038605 273.796509 303.651581 316.692627 308.621368 282.649536 248.280670 199.989914 209.029556 221.385376 234.087006 241.467651 239.057846 226.046829,
 175.887772 203.539566 216.329834 197.265991 168.185486 154.714767 150.867599 204.838806 270.676971 312.672028 286.808655 222.569550 178.646667 163.030579 209.741974 309.977020 412.941040 417.627869 319.043640 222.474457 178.946381 194.673767 280.432190 415.175049 491.578583 415.175049 280.432190 194.673767 178.946381 222.474457 319.043640 417.627869 412.941040 309.977020 209.741974 163.030579 178.646667 222.569550 286.808655 312.672028 270.676971 204.838806 150.867599 154.714767 168.185486 197.265991 216.329834 203.539566 175.887772,
 148.778427 177.583496 232.430435 263.518341 234.351425 181.252808 143.593948 169.481506 208.333969 293.210449 346.018341 295.545288 214.067612 168.337769 184.606720 235.739471 354.623077 433.788635 357.368744 241.531799 186.539154 191.919586 249.968353 383.452209 474.749146 383.452209 249.968353 191.919586 186.539154 241.531799 357.368744 433.788635 354.623077 235.739471 184.606720 168.337769 214.067612 295.545288 346.018341 293.210449 208.333969 169.481506 143.593948 181.252808 234.351425 263.518341 232.430435 177.583496 148.778427,
 164.514343 167.192780 158.058304 155.198578 164.493729 165.564301 151.699646 157.268997 170.190491 194.085693 235.218811 258.605652 231.404968 181.473129 157.070160 200.562775 277.729218 356.583557 354.530304 270.492767 184.244171 168.563232 248.880890 361.694519 424.173157 361.694519 248.880890 168.563232 184.244171 270.492767 354.530304 356.583557 277.729218 200.562775 157.070160 181.473129 231.404968 258.605652 235.218811 194.085693 170.190491 157.268997 151.699646 165.564301 164.493729 155.198578 158.058304 167.192780 164.514343,
 22.796268 32.995472 36.935974 35.549438 28.528229 16.545662 2.599111 40.485882 58.576984 71.180168 75.707016 68.473732 50.514027 27.881817 55.384071 84.854095 109.661110 120.864029 111.070641 84.317047 51.650322 61.379906 98.882622 132.081680 146.179565 132.081680 98.882622 61.379906 51.650322 84.317047 111.070641 120.864029 109.661110 84.854095 55.384071 27.881817 50.514027 68.473732 75.707016 71.180168 58.576984 40.485882 2.599111 16.545662 28.528229 35.549438 36.935974 32.995472 22.796268,
 44.859001 55.804443 52.591812 44.796005 40.147263 28.099182 1.384703 48.969460 77.884369 83.465965 64.663353 44.637093 33.279400 14.122641 34.938667 80.455124 116.165154 107.436905 67.215370 35.641308 17.405115 19.705683 55.373871 106.740158 136.765717 106.740158 55.373871 19.705683 17.405115 35.641308 67.215370 107.436905 116.165154 80.455124 34.938667 14.122641 33.279400 44.637093 64.663353 83.465965 77.884369 48.969460 1.384703 28.099182 40.147263 44.796005 52.591812 55.804443 44.859001,
 30.615837 37.748653 45.159485 38.510288 26.527618 27.134830 25.866550 45.094105 55.240150 75.300140 77.025688 54.778839 43.166336 40.109219 55.570335 67.964088 99.902634 115.305328 86.085434 60.345024 53.251228 59.240334 70.478363 105.290855 132.618073 105.290855 70.478363 59.240334 53.251228 60.345024 86.085434 115.305328 99.902634 67.964088 55.570335 40.109219 43.166336 54.778839 77.025688 75.300140 55.240150 45.094105 25.866550 27.134830 26.527618 38.510288 45.159485 37.748653 30.615837,
 13.714036 17.839382 20.400766 23.380150 22.904718 15.608620 5.799405 19.142570 21.988028 27.108135 36.227997 39.702297 30.336206 17.912479 26.597775 36.195351 53.426281 73.950943 73.521225 51.748909 31.958050 34.900253 54.834702 83.940620 102.245750 83.940620 54.834702 34.900253 31.958050 51.748909 73.521225 73.950943 53.426281 36.195351 26.597775 17.912479 30.336206 39.702297 36.227997 27.108135 21.988028 19.142570 5.799405 15.608620 22.904718 23.380150 20.400766 17.839382 13.714036,

Pairwise cross-correlations of the modulus of all oriented sub-bands at the same scale (size QxQ)
 168.007034 122.331779 70.175568 110.940155,
 122.331779 173.577332 114.811424 78.383110,
 70.175568 114.811424 171.587860 114.721390,
 110.940155 78.383110 114.721390 162.596436,
 464.310394 395.411194 327.040344 345.622223,
 395.411194 499.924927 382.499451 323.211334,
 327.040344 382.499451 501.922180 379.972198,
 345.622223 323.211334 379.972198 428.766449,
 546.093384 404.473938 356.550049 376.180573,
 404.473938 491.578613 366.812805 306.335083,
 356.550049 366.812805 474.749176 335.416687,
 376.180573 306.335083 335.416687 424.173126,
 146.179565 97.020134 94.257698 80.365646,
 97.020134 136.765717 91.604202 51.178642,
 94.257698 91.604202 132.618073 67.621300,
 80.365646 51.178642 67.621300 102.245758,

Cross-correlations of the modulus of all oriented sub-bands with all oriented sub-bands at the coarser scale (size QxQ)
 241.088211 208.429337 165.447266 184.493256,
 211.915207 255.998444 207.992462 165.512970,
 159.650711 198.665833 249.772583 194.335541,
 194.825607 167.840652 206.133804 226.192535,
 393.857147 336.555328 307.017059 316.217224,
 380.847778 388.252136 348.220093 305.993652,
 366.315704 336.609802 359.996887 319.041199,
 348.696991 291.446838 306.314514 319.495117,
 164.011490 133.242493 155.033020 115.753197,
 158.325897 156.594818 163.719727 110.078094,
 133.467392 127.962479 149.665817 105.339027,
 132.345963 109.428581 141.271561 116.767441,

Cross-correlations of the real part of each oriented sub-band with both the real and imaginary part of all phase-doubled oriented sub-bands at the next coarser scale (Q matrices of size 1x2Q, which are computed and stored in a matrix of size Qx2Q)
 98.007179 51.713097 4.092770 35.796825 3.667709 -0.974037 -0.068179 -0.057308,
 50.785393 106.832603 46.909935 5.577157 -0.207666 -3.077755 -1.742155 1.123202,
 4.424268 46.354664 106.070534 45.418545 -0.416196 -1.380799 -0.146422 4.017205,
 35.953926 6.158962 45.106510 86.769958 2.704995 -0.020228 2.159002 2.426391,
 -146.029251 -56.403164 -5.627284 -54.958862 23.802095 -6.204668 0.999086 -0.635139,
 -69.256363 -114.548927 -45.238693 -5.048519 3.526043 -20.730841 3.964530 -0.226593,
 -6.217752 -47.458088 -86.681328 -37.744991 -2.104280 -7.650919 9.841936 2.657618,
 -56.522228 -6.547266 -35.632069 -103.335693 8.378983 2.131491 5.075292 6.272653,
 -28.249138 -49.867970 -3.651958 -9.869772 25.079306 -3.785181 2.556446 -0.614290,
 -35.439266 -119.506531 -29.817017 0.057152 7.247756 12.065426 21.805418 -4.890260,
 -3.646705 -52.938938 -42.778069 -45.010548 -0.446802 20.547344 28.823517 3.524594,
 0.411902 -2.953232 -24.269812 -70.776550 9.367984 2.798159 6.890739 18.158226,
