Low-band skewness and kurtosis
 -2.271035 6.478323,
 -2.305194 7.052008,
 -1.852417 5.397883,
 -1.611970 4.882230,
 -1.339027 3.629262,

High-band variance
 134.841843,

Skewness, kurtosis, variance, mean, maximum and minimum of the reconstructed texture
 -2.257215 6.236936 6464.592285 223.374146 255.000000 0.000000,

Auto-correlations of the low-frequency bands at each scale
 3089.804932 3533.373291 3839.659912 3950.436035 3822.064697 3479.737549 2996.854248 3553.121826 4162.466309 4679.611816 4887.517578 4640.893066 4088.240723 3454.601807 3870.434570 4677.444824 5490.525391 5853.006348 5457.672852 4623.265137 3808.589844 3967.498291 4872.726562 5843.433594 6299.542969 5843.433594 4872.726562 3967.498291 3808.589844 4623.265137 5457.672852 5853.006348 5490.525391 4677.444824 3870.434570 3454.601807 4088.240723 4640.893066 4887.517578 4679.611816 4162.466309 3553.121826 2996.854248 3479.737549 3822.064697 3950.436035 3839.659912 3533.373291 3089.804932,
 1532.083130 1619.833008 1795.469971 1924.763916 1854.838867 1685.133545 1611.187866 1733.873413 2166.955322 2823.061523 3170.022461 2790.667969 2087.634521 1674.261841 1951.687134 2896.324463 4264.404297 4958.376953 4206.833984 2788.051514 1857.635132 2017.755859 3215.820801 4962.499023 5861.335938 4962.499023 3215.820801 2017.755859 1857.635132 2788.051514 4206.833984 4958.376953 4264.404297 2896.324463 1951.687134 1674.261841 2087.634521 2790.667969 3170.022461 2823.061523 2166.955322 1733.873413 1611.187866 1685.133545 1854.838867 1924.763916 1795.469971 1619.833008 1532.083130,
 1224.746826 1215.533569 1152.753540 1182.499268 1243.425659 1428.373169 1635.663818 1151.470947 1140.076416 1378.444458 1621.401611 1494.718384 1439.145508 1608.764893 864.848145 1332.384277 2546.334229 3313.008301 2583.977783 1525.193115 1214.777100 862.138916 1585.677490 3347.300781 4438.655273 3347.300781 1585.677490 862.138916 1214.777100 1525.193115 2583.977783 3313.008301 2546.334229 1332.384277 864.848145 1608.764893 1439.145508 1494.718384 1621.401611 1378.444458 1140.076416 1151.470947 1635.663818 1428.373169 1243.425659 1182.499268 1152.753540 1215.533569 1224.746826,
 -373.498901 -5.056885 352.970520 531.790161 700.232727 977.796021 1076.350586 -16.611572 346.074158 877.232727 1208.144287 1187.494995 1150.336914 1160.949219 377.471710 728.853027 1559.553589 2111.279785 1730.527222 1161.682495 1034.631592 741.695862 1022.672302 1963.525269 2595.449463 1963.525269 1022.672302 741.695862 1034.631592 1161.682495 1730.527222 2111.279785 1559.553589 728.853027 377.471710 1160.949219 1150.336914 1187.494995 1208.144287 877.232727 346.074158 -16.611572 1076.350586 977.796021 700.232727 531.790161 352.970520 -5.056885 -373.498901,
 -544.279602 -766.162048 -763.005981 -477.241455 -32.316864 217.787048 96.716721 -619.988159 -706.924255 -391.852783 192.799561 678.378174 716.562805 294.863342 -636.097412 -253.682861 534.246704 1239.209106 1322.822998 783.219849 21.913483 -432.011658 371.179260 1339.047852 1800.505005 1339.047852 371.179260 -432.011658 21.913483 783.219849 1322.822998 1239.209106 534.246704 -253.682861 -636.097412 294.863342 716.562805 678.378174 192.799561 -391.852783 -706.924255 -619.988159 96.716721 217.787048 -32.316864 -477.241455 -763.005981 -766.162048 -544.279602,

Auto-correlations of the modulus of each oriented sub-band
 76.851936 84.915810 92.031204 94.579887 91.041458 83.146111 74.524345 89.731560 102.213554 113.279121 117.553093 112.660927 100.986458 87.863106 102.576103 120.231232 135.856277 142.112762 135.679733 119.830826 101.850502 108.410751 128.733521 146.780029 154.126282 146.780029 128.733521 108.410751 101.850502 119.830826 135.679733 142.112762 135.856277 120.231232 102.576103 87.863106 100.986458 112.660927 117.553093 113.279121 102.213554 89.731560 74.524345 83.146111 91.041458 94.579887 92.031204 84.915810 76.851936,
 91.967377 96.781982 98.443687 95.298935 87.797768 77.892136 67.678207 97.213013 110.462120 119.620377 119.615425 110.103897 94.973198 79.012161 99.445801 120.435974 137.717728 142.134415 131.146988 110.877808 89.357025 96.729973 120.750648 142.601807 151.889313 142.601807 120.750648 96.729973 89.357025 110.877808 131.146988 142.134415 137.717728 120.435974 99.445801 79.012161 94.973198 110.103897 119.615425 119.620377 110.462120 97.213013 67.678207 77.892136 87.797768 95.298935 98.443687 96.781982 91.967377,
 69.145569 83.807167 98.314636 105.159943 99.629761 85.977562 72.024429 76.153481 94.807106 113.997147 123.123917 114.887985 95.988594 77.353279 82.347946 104.682915 128.184326 139.491211 128.614594 105.132957 82.606552 84.828423 108.771706 134.084015 146.246826 134.084015 108.771706 84.828423 82.606552 105.132957 128.614594 139.491211 128.184326 104.682915 82.347946 77.353279 95.988594 114.887985 123.123917 113.997147 94.807106 76.153481 72.024429 85.977562 99.629761 105.159943 98.314636 83.807167 69.145569,
 78.943527 89.742393 100.046974 107.312103 109.679634 107.165031 102.119293 90.651443 107.682022 123.604645 133.243622 132.550812 122.236435 108.123215 101.763130 124.591721 145.780609 157.030121 151.917297 133.411911 111.302498 109.301117 134.563095 157.455811 167.228058 157.455811 134.563095 109.301117 111.302498 133.411911 151.917297 157.030121 145.780609 124.591721 101.763130 108.123215 122.236435 132.550812 133.243622 123.604645 107.682022 90.651443 102.119293 107.165031 109.679634 107.312103 100.046974 89.742393 78.943527,
 155.848984 167.579880 178.479355 187.055710 191.557480 191.010025 185.643631 200.350983 222.220947 241.282379 252.675232 252.195892 240.188202 221.146942 250.583633 287.787048 319.980194 335.693542 326.814545 297.730225 260.704224 276.576233 322.950958 362.717255 379.218201 362.717255 322.950958 276.576233 260.704224 297.730225 326.814545 335.693542 319.980194 287.787048 250.583633 221.146942 240.188202 252.195892 252.675232 241.282379 222.220947 200.350983 185.643631 191.010025 191.557480 187.055710 178.479355 167.579880 155.848984,
 207.427200 227.783859 226.781418 203.093658 170.891342 143.225174 123.463913 227.186935 266.557739 284.156403 263.006378 216.564056 171.317078 138.909500 223.530624 280.895905 327.991791 328.117676 277.878571 214.679657 165.576431 198.365570 259.276733 326.157288 358.501953 326.157288 259.276733 198.365570 165.576431 214.679657 277.878571 328.117676 327.991791 280.895905 223.530624 138.909500 171.317078 216.564056 263.006378 284.156403 266.557739 227.186935 123.463913 143.225174 170.891342 203.093658 226.781418 227.783859 207.427200,
 151.190689 197.900406 254.053879 281.773712 258.970886 206.387253 158.145370 158.802612 216.595657 288.944153 325.994385 295.143982 227.482132 168.467896 166.583649 234.650330 321.246704 366.242920 325.909729 242.640228 173.972534 172.852432 245.428070 336.824341 383.644043 336.824341 245.428070 172.852432 173.972534 242.640228 325.909729 366.242920 321.246704 234.650330 166.583649 168.467896 227.482132 295.143982 325.994385 288.944153 216.595657 158.802612 158.145370 206.387253 258.970886 281.773712 254.053879 197.900406 151.190689,
 152.160522 177.786926 212.501404 248.920853 272.609467 273.466675 253.533234 166.040207 207.475311 262.196167 311.916229 331.550781 313.058014 270.354431 191.897232 253.027664 326.369904 379.147095 377.463470 326.430054 259.829041 227.511734 301.182129 376.295563 410.841400 376.295563 301.182129 227.511734 259.829041 326.430054 377.463470 379.147095 326.369904 253.027664 191.897232 270.354431 313.058014 331.550781 311.916229 262.196167 207.475311 166.040207 253.533234 273.466675 272.609467 248.920853 212.501404 177.786926 152.160522,
 115.764496 142.592453 160.866425 172.264908 178.840332 176.438461 165.138092 135.622391 174.491959 209.399109 229.268112 231.328491 217.672409 191.795364 173.700073 239.559601 305.204346 338.157166 321.344543 272.369171 214.746155 211.273331 292.208923 371.591064 407.899445 371.591064 292.208923 211.273331 214.746155 272.369171 321.344543 338.157166 305.204346 239.559601 173.700073 191.795364 217.672409 231.328491 229.268112 209.399109 174.491959 135.622391 165.138092 176.438461 178.840332 172.264908 160.866425 142.592453 115.764496,
 204.000580 253.858292 274.461517 257.875488 221.535492 188.057571 164.126373 240.964462 321.529999 368.823425 350.835358 286.152100 219.860504 177.830673 243.770599 361.145416 462.454590 469.889221 379.918274 265.178070 187.771484 212.390106 328.539886 468.080597 535.176514 468.080597 328.539886 212.390106 187.771484 265.178070 379.918274 469.889221 462.454590 361.145416 243.770599 177.830673 219.860504 286.152100 350.835358 368.823425 321.529999 240.964462 164.126373 188.057571 221.535492 257.875488 274.461517 253.858292 204.000580,
 106.237923 170.128891 258.664185 280.134003 228.178818 174.158676 147.683823 122.150360 191.949142 320.081543 377.542664 303.240967 202.287033 151.847809 131.782806 211.000229 375.328735 468.497467 368.501160 219.437576 147.669159 139.794083 221.904251 396.545746 507.432129 396.545746 221.904251 139.794083 147.669159 219.437576 368.501160 468.497467 375.328735 211.000229 131.782806 151.847809 202.287033 303.240967 377.542664 320.081543 191.949142 122.150360 147.683823 174.158676 228.178818 280.134003 258.664185 170.128891 106.237923,
 191.426239 216.895035 229.841263 249.647827 275.661072 285.471893 263.574890 204.016449 237.413635 288.517029 352.485901 389.344788 367.280396 301.564270 219.805130 291.815216 398.529968 489.041046 493.309082 407.674896 298.788391 258.646179 369.417847 497.290070 558.225769 497.290070 369.417847 258.646179 298.788391 407.674896 493.309082 489.041046 398.529968 291.815216 219.805130 301.564270 367.280396 389.344788 352.485901 288.517029 237.413635 204.016449 263.574890 285.471893 275.661072 249.647827 229.841263 216.895035 191.426239,
 -2.687740 17.590727 35.756996 50.996811 62.187569 65.898720 59.639111 20.322470 43.504379 62.838295 75.427200 79.987511 76.162659 64.489410 55.485207 89.725601 121.532722 138.465866 133.196289 110.807449 82.352898 85.571411 128.166260 168.036407 185.234375 168.036407 128.166260 85.571411 82.352898 110.807449 133.196289 138.465866 121.532722 89.725601 55.485207 64.489410 76.162659 79.987511 75.427200 62.838295 43.504379 20.322470 59.639111 65.898720 62.187569 50.996811 35.756996 17.590727 -2.687740,
 -3.871409 14.850292 32.452282 33.889351 19.136898 6.584454 5.007009 6.517540 36.141323 71.005394 81.784180 61.903328 41.437756 34.528664 30.796389 68.887215 121.465851 144.110245 114.011719 74.097649 54.457993 52.061806 86.531464 143.208893 176.413498 143.208893 86.531464 52.061806 54.457993 74.097649 114.011719 144.110245 121.465851 68.887215 30.796389 34.528664 41.437756 61.903328 81.784180 71.005394 36.141323 6.517540 5.007009 6.584454 19.136898 33.889351 32.452282 14.850292 -3.871409,
 -14.115081 -1.614960 12.128957 12.314498 8.607865 10.189474 18.612526 -12.179395 4.338641 32.245525 42.784546 29.501400 19.750340 22.347191 -4.473970 14.087226 55.206131 80.372498 54.106758 26.192318 18.991814 7.959669 23.838791 65.916191 98.847000 65.916191 23.838791 7.959669 18.991814 26.192318 54.106758 80.372498 55.206131 14.087226 -4.473970 22.347191 19.750340 29.501400 42.784546 32.245525 4.338641 -12.179395 18.612526 10.189474 8.607865 12.314498 12.128957 -1.614960 -14.115081,
 -14.391879 0.301374 16.625668 33.634945 46.490368 48.607780 39.919117 4.300737 28.142746 57.200909 82.758759 88.912689 73.702286 51.780762 29.507891 66.494049 116.466499 152.784180 142.639923 99.653488 60.079788 53.371876 99.605682 160.248886 192.216400 160.248886 99.605682 53.371876 60.079788 99.653488 142.639923 152.784180 116.466499 66.494049 29.507891 51.780762 73.702286 88.912689 82.758759 57.200909 28.142746 4.300737 39.919117 48.607780 46.490368 33.634945 16.625668 0.301374 -14.391879,

Pairwise cross-correlations of the modulus of all oriented sub-bands at the same scale (size QxQ)
 154.126282 110.540504 69.284203 112.569191,
 110.540504 151.889328 102.950546 76.209114,
 69.284203 102.950546 146.246857 109.110443,
 112.569191 76.209114 109.110443 167.228104,
 379.218201 297.266083 264.676849 304.854492,
 297.266083 358.501953 284.517151 252.151657,
 264.676849 284.517151 383.644073 319.219238,
 304.854492 252.151657 319.219238 410.841431,
 407.899475 330.807495 305.781921 369.955322,
 330.807495 535.176575 406.844727 342.102051,
 305.781921 406.844727 507.432190 422.954956,
 369.955322 342.102051 422.954956 558.225830,
 185.234390 115.320343 64.709396 124.008606,
 115.320343 176.413513 72.306648 66.248535,
 64.709396 72.306648 98.847015 85.618362,
 124.008606 66.248535 85.618362 192.216400,

Cross-correlations of the modulus of all oriented sub-bands with all oriented sub-bands at the coarser scale (size QxQ)
 209.812149 167.144028 134.800674 173.883438,
 181.004425 201.491272 164.905838 146.407120,
 140.160507 158.248505 200.503906 172.736252,
 180.685059 139.557190 176.509201 222.988541,
 311.296326 314.814423 296.679565 337.161224,
 267.748260 341.487030 307.289093 276.356140,
 249.291473 327.157013 364.115112 330.006073,
 273.168457 282.371948 329.338257 365.289307,
 163.753418 84.023521 94.263565 171.227570,
 155.605392 152.695923 137.863434 160.865341,
 146.570038 116.921738 138.619904 180.044250,
 171.673035 112.396484 125.920631 211.021240,

Cross-correlations of the real part of each oriented sub-band with both the real and imaginary part of all phase-doubled oriented sub-bands at the next coarser scale (Q matrices of size 1x2Q, which are computed and stored in a matrix of size Qx2Q)
 84.352623 34.327183 3.293027 41.120625 1.837728 -3.507079 0.556071 -4.947062,
 38.372540 70.077118 30.315739 4.134784 -0.714176 -7.046797 -2.053774 -0.123929,
 3.836870 28.366447 73.876144 38.746315 1.034466 -3.099593 1.073995 2.309049,
 37.408165 2.820636 34.445316 91.184196 5.196981 -0.751113 4.043499 -3.085629,
 -133.239517 -52.370560 -2.028888 -56.001026 1.853038 -22.581852 -6.260025 5.194077,
 -54.798725 -103.519836 -50.957539 -6.601974 -11.469875 -63.413109 -8.202145 3.167208,
 -6.588490 -50.014900 -133.774338 -47.006500 -4.357254 -21.671196 21.786804 3.030247,
 -62.593380 -8.863274 -59.514465 -114.173569 4.419550 1.184201 11.142567 0.729521,
 -91.001640 -34.880718 -9.943026 -43.498558 -62.039974 -15.302910 -2.638817 40.386181,
 -31.561188 -104.028854 -38.387665 -1.963497 -27.931204 -42.224003 -42.158710 0.261770,
 -3.805605 -41.888184 -63.074123 -41.777065 -2.909451 -28.565819 -35.479847 11.946423,
 -49.037941 1.513020 -31.119411 -101.252190 -25.515743 -5.043968 5.893351 57.885410,
