Low-band skewness and kurtosis
 -2.147369 5.955106,
 -2.211511 6.732464,
 -1.644491 4.877348,
 -1.133470 3.766575,
 -1.307845 4.065483,

High-band variance
 151.742813,

Skewness, kurtosis, variance, mean, maximum and minimum of the reconstructed texture
 -2.134731 5.706655 6798.599121 221.033997 255.000000 0.000000,

Auto-correlations of the low-frequency bands at each scale
 2574.830566 3198.059082 3642.660400 3777.458496 3535.104248 2998.625488 2317.216797 3099.059570 3928.051025 4631.521484 4904.772949 4558.493164 3800.723389 2947.600586 3480.488525 4554.315918 5609.948730 6074.793945 5574.409668 4496.968262 3420.747803 3613.695312 4805.742188 6043.571777 6614.332031 6043.571777 4805.742188 3613.695312 3420.747803 4496.968262 5574.409668 6074.793945 5609.948730 4554.315918 3480.488525 2947.600586 3800.723389 4558.493164 4904.772949 4631.521484 3928.051025 3099.059570 2317.216797 2998.625488 3535.104248 3777.458496 3642.660400 3198.059082 2574.830566,
 788.225037 1043.964233 1367.599121 1430.192383 1082.750000 712.241028 664.209290 840.357300 1454.498657 2417.716064 2835.228516 2161.745850 1140.424194 680.677368 1038.787720 2230.471191 4072.636719 4983.677734 3935.936523 2064.384277 957.358276 1156.546387 2623.903320 4906.415527 6095.678223 4906.415527 2623.903320 1156.546387 957.358276 2064.384277 3935.936523 4983.677734 4072.636719 2230.471191 1038.787720 680.677368 1140.424194 2161.745850 2835.228516 2417.716064 1454.498657 840.357300 664.209290 712.241028 1082.750000 1430.192383 1367.599121 1043.964233 788.225037,
 643.911865 645.282654 752.005615 722.218628 544.263916 623.170715 970.906982 578.265137 495.493683 885.744263 1134.646973 714.316284 480.236786 847.010010 450.506104 679.779114 2038.721680 2930.843262 1874.279297 574.140686 502.754822 346.975098 809.935852 2803.772461 4168.388184 2803.772461 809.935852 346.975098 502.754822 574.140686 1874.279297 2930.843262 2038.721680 679.779114 450.506104 847.010010 480.236786 714.316284 1134.646973 885.744263 495.493683 578.265137 970.906982 623.170715 544.263916 722.218628 752.005615 645.282654 643.911865,
 251.630966 480.763245 545.919922 499.184753 567.440430 685.002747 499.506714 470.951050 501.035614 561.542664 613.060120 643.117126 763.861084 620.383423 481.970398 519.137390 1012.739380 1411.595215 1094.853882 726.965515 534.045593 441.502167 616.970154 1372.759644 1953.645508 1372.759644 616.970154 441.502167 534.045593 726.965515 1094.853882 1411.595215 1012.739380 519.137390 481.970398 620.383423 763.861084 643.117126 613.060120 561.542664 501.035614 470.951050 499.506714 685.002747 567.440430 499.184753 545.919922 480.763245 251.630966,
 -576.377502 -268.737610 100.836052 280.284363 157.749649 -155.461624 -468.003967 -496.852386 -149.636002 313.359985 568.759583 434.547302 53.432053 -323.502350 -360.838196 56.005829 628.495850 946.343201 742.398560 229.366180 -224.260437 -240.486053 235.666779 845.698608 1143.122803 845.698608 235.666779 -240.486053 -224.260437 229.366180 742.398560 946.343201 628.495850 56.005829 -360.838196 -323.502350 53.432053 434.547302 568.759583 313.359985 -149.636002 -496.852386 -468.003967 -155.461624 157.749649 280.284363 100.836052 -268.737610 -576.377502,

Auto-correlations of the modulus of each oriented sub-band
 71.710037 81.444305 90.536629 94.279617 90.541283 81.423798 71.621811 93.108177 107.742874 120.983124 126.326096 120.891510 107.611450 92.945900 112.943825 132.836472 150.599625 157.746582 150.477951 132.694992 112.824028 121.325966 143.768539 163.941544 172.205627 163.941544 143.768539 121.325966 112.824028 132.694992 150.477951 157.746582 150.599625 132.836472 112.943825 92.945900 107.611450 120.891510 126.326096 120.983124 107.742874 93.108177 71.621811 81.423798 90.541283 94.279617 90.536629 81.444305 71.710037,
 97.824219 104.422913 107.784218 105.483887 96.912865 83.592957 68.377335 102.444023 119.594345 132.178329 133.699417 122.667717 102.968094 80.743629 103.781761 130.389267 152.404922 158.912292 146.156174 120.671753 92.193474 100.369354 131.085022 158.217682 169.574463 158.217682 131.085022 100.369354 92.193474 120.671753 146.156174 158.912292 152.404922 130.389267 103.781761 80.743629 102.968094 122.667717 133.699417 132.178329 119.594345 102.444023 68.377335 83.592957 96.912865 105.483887 107.784218 104.422913 97.824219,
 69.839951 90.342354 108.463501 115.052681 105.168655 84.803017 63.220230 77.450851 103.007599 126.484138 135.848633 123.755669 98.440369 72.133499 83.973373 113.904526 142.256271 154.529022 140.687302 111.293716 80.985092 85.631104 117.414093 148.098038 162.169479 148.098038 117.414093 85.631104 80.985092 111.293716 140.687302 154.529022 142.256271 113.904526 83.973373 72.133499 98.440369 123.755669 135.848633 126.484138 103.007599 77.450851 63.220230 84.803017 105.168655 115.052681 108.463501 90.342354 69.839951,
 70.660393 83.299477 95.297729 104.512657 108.924316 108.066200 103.395851 83.231033 102.604042 120.552856 131.734177 132.032959 122.153618 107.590347 94.788864 120.164948 143.392975 155.729950 150.710541 131.492188 107.952454 103.523941 131.019012 155.487366 165.835632 155.487366 131.019012 103.523941 107.952454 131.492188 150.710541 155.729950 143.392975 120.164948 94.788864 107.590347 122.153618 132.032959 131.734177 120.552856 102.604042 83.231033 103.395851 108.066200 108.924316 104.512657 95.297729 83.299477 70.660393,
 158.537949 176.578888 193.307953 203.435059 203.069244 194.229370 180.473099 216.669464 251.633087 283.778992 301.068848 295.402649 272.252838 241.717041 287.808838 342.938904 393.390533 417.544281 401.587128 357.440125 305.390991 327.578156 391.721191 449.623718 474.679749 449.623718 391.721191 327.578156 305.390991 357.440125 401.587128 417.544281 393.390533 342.938904 287.808838 241.717041 272.252838 295.402649 301.068848 283.778992 251.633087 216.669464 180.473099 194.229370 203.069244 203.435059 193.307953 176.578888 158.537949,
 224.634735 252.966156 246.009354 209.637100 165.395035 130.879761 107.187370 238.363403 298.733948 320.748291 289.129578 225.117538 163.964096 123.071228 223.116669 311.192566 378.068542 376.431305 306.389404 217.125793 148.942352 186.752167 276.980804 373.265045 418.162048 373.265045 276.980804 186.752167 148.942352 217.125793 306.389404 376.431305 378.068542 311.192566 223.116669 123.071228 163.964096 225.117538 289.129578 320.748291 298.733948 238.363403 107.187370 130.879761 165.395035 209.637100 246.009354 252.966156 224.634735,
 146.888458 220.070023 295.022461 329.409668 301.108765 232.032242 161.565582 161.182922 250.443741 346.008698 392.295837 355.529388 265.812347 176.558411 173.872406 277.525146 391.408478 446.948364 398.975067 288.490540 183.606232 182.206421 292.626312 413.382690 470.031494 413.382690 292.626312 182.206421 183.606232 288.490540 398.975067 446.948364 391.408478 277.525146 173.872406 176.558411 265.812347 355.529388 392.295837 346.008698 250.443741 161.182922 161.565582 232.032242 301.108765 329.409668 295.022461 220.070023 146.888458,
 128.074203 147.293442 181.209808 227.700775 269.981689 284.060852 259.347290 144.655487 186.161835 250.988876 320.530518 358.496124 339.897186 279.402618 178.090103 249.030731 342.769287 416.934143 420.941284 353.489288 264.255188 223.619019 315.887268 414.747986 460.768372 414.747986 315.887268 223.619019 264.255188 353.489288 420.941284 416.934143 342.769287 249.030731 178.090103 279.402618 339.897186 358.496124 320.530518 250.988876 186.161835 144.655487 259.347290 284.060852 269.981689 227.700775 181.209808 147.293442 128.074203,
 122.114639 122.573898 121.158363 122.799316 126.845406 124.543320 111.463730 143.091965 183.579407 218.485184 238.004913 235.404343 209.120178 164.129593 191.351318 289.124756 382.286163 426.154938 396.655182 314.746948 218.700867 231.516235 358.980530 482.859924 538.494995 482.859924 358.980530 231.516235 218.700867 314.746948 396.655182 426.154938 382.286163 289.124756 191.351318 164.129593 209.120178 235.404343 238.004913 218.485184 183.579407 143.091965 111.463730 124.543320 126.845406 122.799316 121.158363 122.573898 122.114639,
 170.994598 183.847015 167.587540 121.882019 73.906570 54.127846 63.060307 188.533676 247.766968 274.792969 234.901840 154.254272 92.206612 71.309708 175.882263 279.038757 376.052094 377.655273 273.564728 157.511429 93.341682 134.987732 238.719894 379.904663 453.937927 379.904663 238.719894 134.987732 93.341682 157.511429 273.564728 377.655273 376.052094 279.038757 175.882263 71.309708 92.206612 154.254272 234.901840 274.792969 247.766968 188.533676 63.060307 54.127846 73.906570 121.882019 167.587540 183.847015 170.994598,
 186.501099 199.756729 227.006241 246.385742 210.394119 153.980789 133.505798 190.163544 218.122375 287.539429 334.024780 267.833008 171.372192 140.388062 182.379013 225.525833 342.204559 421.865906 329.466888 196.494064 152.742294 168.140289 217.745529 361.115356 461.591919 361.115356 217.745529 168.140289 152.742294 196.494064 329.466888 421.865906 342.204559 225.525833 182.379013 140.388062 171.372192 267.833008 334.024780 287.539429 218.122375 190.163544 133.505798 153.980789 210.394119 246.385742 227.006241 199.756729 186.501099,
 151.065063 148.151245 153.824921 177.711075 203.473236 212.352386 205.971252 146.330231 156.827652 209.850098 286.532410 324.041382 296.451050 243.346100 152.339890 209.650482 332.953644 450.568268 449.222504 342.000275 236.885574 190.900482 297.463074 456.076508 543.441528 456.076508 297.463074 190.900482 236.885574 342.000275 449.222504 450.568268 332.953644 209.650482 152.339890 243.346100 296.451050 324.041382 286.532410 209.850098 156.827652 146.330231 205.971252 212.352386 203.473236 177.711075 153.824921 148.151245 151.065063,
 37.126556 44.661201 43.524799 36.702389 27.716045 16.609983 2.410585 37.155693 47.607201 45.585960 35.394485 23.984535 13.607567 0.298370 42.331898 74.064072 94.599854 93.538177 71.913757 42.293652 12.677060 38.140846 85.513763 130.663696 151.104095 130.663696 85.513763 38.140846 12.677060 42.293652 71.913757 93.538177 94.599854 74.064072 42.331898 0.298370 13.607567 23.984535 35.394485 45.585960 47.607201 37.155693 2.410585 16.609983 27.716045 36.702389 43.524799 44.661201 37.126556,
 38.069843 57.403168 69.606041 68.042068 56.796368 39.175095 9.477923 50.350708 81.513336 104.862961 101.666595 77.744339 49.766293 19.257317 56.951607 100.205231 141.836258 148.987747 114.958786 70.622009 32.752991 49.112007 94.936325 147.517639 174.364594 147.517639 94.936325 49.112007 32.752991 70.622009 114.958786 148.987747 141.836258 100.205231 56.951607 19.257317 49.766293 77.744339 101.666595 104.862961 81.513336 50.350708 9.477923 39.175095 56.796368 68.042068 69.606041 57.403168 38.069843,
 9.816981 24.388580 46.697685 61.688606 63.373672 55.035538 18.669975 10.075982 28.740820 65.588264 90.234428 75.562706 49.497002 12.433141 8.183016 32.517452 86.756073 125.103081 89.853241 41.389057 7.225875 6.078982 35.916298 96.688797 142.553696 96.688797 35.916298 6.078982 7.225875 41.389057 89.853241 125.103081 86.756073 32.517452 8.183016 12.433141 49.497002 75.562706 90.234428 65.588264 28.740820 10.075982 18.669975 55.035538 63.373672 61.688606 46.697685 24.388580 9.816981,
 26.839420 35.870888 30.302504 31.777954 40.306725 33.626724 6.846447 20.951611 19.854233 26.649300 53.424553 70.223732 47.816689 9.768272 5.501606 13.648945 52.250031 101.202057 101.293945 49.792080 6.004843 -0.456781 30.258686 92.669197 130.527725 92.669197 30.258686 -0.456781 6.004843 49.792080 101.293945 101.202057 52.250031 13.648945 5.501606 9.768272 47.816689 70.223732 53.424553 26.649300 19.854233 20.951611 6.846447 33.626724 40.306725 31.777954 30.302504 35.870888 26.839420,

Pairwise cross-correlations of the modulus of all oriented sub-bands at the same scale (size QxQ)
 172.205643 111.020546 56.942425 111.175705,
 111.020546 169.574432 111.854782 66.836868,
 56.942425 111.854782 162.169479 102.939606,
 111.175705 66.836868 102.939606 165.835648,
 474.679749 332.907562 331.740204 375.136475,
 332.907562 418.162048 351.277313 280.460297,
 331.740204 351.277313 470.031555 366.026245,
 375.136475 280.460297 366.026245 460.768433,
 538.494995 365.327332 279.999054 370.597412,
 365.327332 453.937958 321.994019 274.888672,
 279.999054 321.994019 461.591919 360.253723,
 370.597412 274.888672 360.253723 543.441528,
 151.104095 84.656296 70.041550 81.643097,
 84.656296 174.364594 111.494049 52.446621,
 70.041550 111.494049 142.553696 64.897186,
 81.643097 52.446621 64.897186 130.527725,

Cross-correlations of the modulus of all oriented sub-bands with all oriented sub-bands at the coarser scale (size QxQ)
 242.725739 176.619385 154.585175 188.432648,
 197.454468 228.887955 205.107330 153.935089,
 151.173172 180.117050 237.608276 179.768616,
 204.250320 142.694565 196.222977 241.590424,
 354.758118 290.623657 275.067413 324.677521,
 316.049133 317.493286 292.170471 280.370911,
 301.721130 297.505554 334.126923 328.081818,
 313.415131 269.886169 315.032654 356.988129,
 128.638901 137.798859 107.115128 145.909653,
 87.921936 125.355743 109.956039 115.737892,
 91.711395 128.784882 122.679489 119.147072,
 127.272293 137.491150 108.056999 143.487549,

Cross-correlations of the real part of each oriented sub-band with both the real and imaginary part of all phase-doubled oriented sub-bands at the next coarser scale (Q matrices of size 1x2Q, which are computed and stored in a matrix of size Qx2Q)
 117.852570 47.695328 3.323189 46.010082 -3.043209 -4.516697 -1.240240 -3.556414,
 49.783417 100.903084 46.109604 5.829043 -4.550905 -4.026571 -1.292152 0.185688,
 3.889086 47.307945 99.538483 35.877613 0.786162 0.615272 0.582033 -0.698992,
 50.643021 6.646156 38.876278 86.506760 3.783413 -0.471993 -1.009643 -6.469454,
 -189.963211 -69.326241 -4.161817 -59.195232 -3.200596 -9.183982 -1.450102 -0.393257,
 -79.915337 -126.911438 -62.067081 -12.005733 -4.838194 -19.993935 10.140368 1.023102,
 -4.968143 -59.586781 -141.044754 -51.289932 3.402475 -4.789768 54.017529 -2.751214,
 -77.074203 -10.769049 -54.436752 -104.738228 9.086911 2.459296 23.985258 -10.986536,
 -106.272377 -25.412239 -3.209965 -45.250839 11.618888 -8.268433 0.866238 -10.460703,
 -39.547676 -45.757427 -47.783882 -5.176851 0.537014 -0.765022 19.037436 1.631421,
 -4.637415 -25.800320 -101.945099 -40.836105 0.823168 10.477665 42.240166 2.477070,
 -55.110733 -5.346452 -42.533718 -98.728096 9.734852 1.374832 19.145685 -17.796759,
