Low-band skewness and kurtosis
 -2.140707 5.925584,
 -2.196975 6.646222,
 -1.635667 4.743450,
 -1.012710 2.983314,
 -0.815711 2.408253,

High-band variance
 151.190262,

Skewness, kurtosis, variance, mean, maximum and minimum of the reconstructed texture
 -2.129675 5.685703 6812.746582 220.924744 255.000000 0.000000,

Auto-correlations of the low-frequency bands at each scale
 2440.318848 3109.188232 3588.715088 3779.329102 3633.140869 3192.041260 2546.758301 2979.347412 3844.795898 4588.978516 4927.795898 4666.917969 3966.127930 3105.405029 3398.406738 4498.681152 5584.556152 6095.058105 5644.782715 4586.358887 3482.211426 3590.469482 4809.942383 6057.751953 6629.076660 6057.751953 4809.942383 3590.469482 3482.211426 4586.358887 5644.782715 6095.058105 5584.556152 4498.681152 3398.406738 3105.405029 3966.127930 4666.917969 4927.795898 4588.978516 3844.795898 2979.347412 2546.758301 3192.041260 3633.140869 3779.329102 3588.715088 3109.188232 2440.318848,
 1052.562134 1144.289551 1400.399902 1431.705811 1092.927002 768.190613 829.874878 878.934998 1345.985718 2317.183105 2839.634766 2310.749512 1362.294556 918.811340 913.299500 2052.059082 3976.946533 5012.890137 4074.558350 2194.527832 1023.357361 1033.301025 2547.726562 4917.745117 6131.035156 4917.745117 2547.726562 1033.301025 1023.357361 2194.527832 4074.558350 5012.890137 3976.946533 2052.059082 913.299500 918.811340 1362.294556 2310.749512 2839.634766 2317.183105 1345.985718 878.934998 829.874878 768.190613 1092.927002 1431.705811 1400.399902 1144.289551 1052.562134,
 1148.090576 928.909485 946.845154 952.310059 808.240784 915.813660 953.834717 1191.668579 978.011047 1183.607666 1306.848145 879.247314 776.066345 946.423279 1016.210938 1024.902222 2099.172607 2886.967773 1923.166138 920.583008 884.238037 832.354004 1077.908203 2742.439941 4010.284424 2742.439941 1077.908203 832.354004 884.238037 920.583008 1923.166138 2886.967773 2099.172607 1024.902222 1016.210938 946.423279 776.066345 879.247314 1306.848145 1183.607666 978.011047 1191.668579 953.834717 915.813660 808.240784 952.310059 946.845154 928.909485 1148.090576,
 152.744415 500.762939 685.400696 771.677246 865.773499 883.944336 641.974976 315.288788 763.799072 972.763916 972.124390 918.867920 874.494019 659.074707 372.395081 825.952698 1379.363770 1594.074951 1215.790527 782.090027 581.844543 464.361816 805.642334 1557.031982 2036.100098 1557.031982 805.642334 464.361816 581.844543 782.090027 1215.790527 1594.074951 1379.363770 825.952698 372.395081 659.074707 874.494019 918.867920 972.124390 972.763916 763.799072 315.288788 641.974976 883.944336 865.773499 771.677246 685.400696 500.762939 152.744415,
 -699.706421 -436.787964 -147.425552 60.249756 209.439224 192.365112 -164.660431 -724.578674 -375.755188 183.006729 553.135620 588.230408 383.124023 -53.618408 -615.156189 -99.508591 706.074585 1159.968872 917.526001 337.819092 -206.091248 -437.129639 167.405212 1014.990479 1451.345093 1014.990479 167.405212 -437.129639 -206.091248 337.819092 917.526001 1159.968872 706.074585 -99.508591 -615.156189 -53.618408 383.124023 588.230408 553.135620 183.006729 -375.755188 -724.578674 -164.660431 192.365112 209.439224 60.249756 -147.425552 -436.787964 -699.706421,

Auto-correlations of the modulus of each oriented sub-band
 76.983559 83.716515 90.596619 93.690933 91.004196 83.989006 76.198311 94.430351 105.241631 115.754128 120.424591 116.512032 106.205269 94.722084 112.720238 128.370056 142.973846 149.154846 143.380737 128.929352 113.018227 121.007355 139.250687 156.107742 163.107880 156.107742 139.250687 121.007355 113.018227 128.929352 143.380737 149.154846 142.973846 128.370056 112.720238 94.722084 106.205269 116.512032 120.424591 115.754128 105.241631 94.430351 76.198311 83.989006 91.004196 93.690933 90.596619 83.716515 76.983559,
 117.401581 122.239487 123.170494 118.502182 108.658165 96.129562 83.793015 121.461220 136.876068 147.371216 146.915558 134.685608 115.568291 95.910439 121.769196 146.705261 167.242950 172.584473 159.171173 134.257324 107.821075 117.093140 146.114944 172.350952 183.515488 172.350952 146.114944 117.093140 107.821075 134.257324 159.171173 172.584473 167.242950 146.705261 121.769196 95.910439 115.568291 134.685608 146.915558 147.371216 136.876068 121.461220 83.793015 96.129562 108.658165 118.502182 123.170494 122.239487 117.401581,
 72.239853 88.866348 104.400444 110.348358 102.340309 85.569946 68.250534 77.599922 98.973930 120.042366 129.039932 119.010551 97.449440 75.691933 83.257927 108.808342 134.784683 146.660614 134.477188 108.394600 82.675377 85.621689 112.896194 140.880768 154.058395 140.880768 112.896194 85.621689 82.675377 108.394600 134.477188 146.660614 134.784683 108.808342 83.257927 75.691933 97.449440 119.010551 129.039932 120.042366 98.973930 77.599922 68.250534 85.569946 102.340309 110.348358 104.400444 88.866348 72.239853,
 67.398415 78.505302 89.858665 98.706223 102.783928 101.698662 97.341728 78.027847 96.640846 114.630989 126.266518 127.036461 117.501183 103.453476 90.006683 115.042030 138.472000 151.339050 146.821823 127.998192 104.886642 100.017685 127.242233 151.667877 162.045227 151.667877 127.242233 100.017685 104.886642 127.998192 146.821823 151.339050 138.472000 115.042030 90.006683 103.453476 117.501183 127.036461 126.266518 114.630989 96.640846 78.027847 97.341728 101.698662 102.783928 98.706223 89.858665 78.505302 67.398415,
 279.087799 290.917847 297.358521 296.398804 287.140015 271.763794 253.296341 329.519806 356.029297 374.561310 378.827454 365.135101 338.165894 305.882782 384.494720 433.552002 472.852356 487.361603 467.627319 422.960266 369.845001 405.054504 467.979095 521.167114 543.390930 521.167114 467.979095 405.054504 369.845001 422.960266 467.627319 487.361603 472.852356 433.552002 384.494720 305.882782 338.165894 365.135101 378.827454 374.561310 356.029297 329.519806 253.296341 271.763794 287.140015 296.398804 297.358521 290.917847 279.087799,
 353.261841 389.279816 392.270630 362.492432 316.211304 272.474396 242.527817 377.765564 440.722473 469.141785 444.996582 382.862000 314.674255 262.971985 374.097626 463.316010 532.184631 535.590271 468.671173 375.894318 298.575592 341.532043 436.399628 533.737061 578.451782 533.737061 436.399628 341.532043 298.575592 375.894318 468.671173 535.590271 532.184631 463.316010 374.097626 262.971985 314.674255 382.862000 444.996582 469.141785 440.722473 377.765564 242.527817 272.474396 316.211304 362.492432 392.270630 389.279816 353.261841,
 212.711075 279.243744 348.701782 370.639221 328.691162 258.821869 204.937607 219.667358 297.522064 388.723938 425.068970 372.366089 281.545319 215.572998 225.001694 311.069000 422.446747 475.305542 413.104889 302.188324 223.841171 227.125061 313.672974 433.537323 497.476440 433.537323 313.672974 227.125061 223.841171 302.188324 413.104889 475.305542 422.446747 311.069000 225.001694 215.572998 281.545319 372.366089 425.068970 388.723938 297.522064 219.667358 204.937607 258.821869 328.691162 370.639221 348.701782 279.243744 212.711075,
 210.388046 218.723251 231.240280 253.799667 278.944580 289.205994 273.337372 213.987198 237.732620 278.144775 326.024231 353.881287 340.656036 293.798126 227.742004 279.404022 351.907349 411.850830 415.726562 360.587921 285.476868 255.996719 332.374756 415.289124 454.365295 415.289124 332.374756 255.996719 285.476868 360.587921 415.726562 411.850830 351.907349 279.404022 227.742004 293.798126 340.656036 353.881287 326.024231 278.144775 237.732620 213.987198 273.337372 289.205994 278.944580 253.799667 231.240280 218.723251 210.388046,
 171.035263 199.625702 216.289352 220.963913 216.499863 205.716583 188.589920 237.137543 293.708130 330.305969 334.562500 307.929749 263.723999 214.327179 293.154236 394.352570 477.410950 501.911133 451.013367 354.336334 254.693222 294.933899 422.189484 544.479126 598.580627 544.479126 422.189484 294.933899 254.693222 354.336334 451.013367 501.911133 477.410950 394.352570 293.154236 214.327179 263.723999 307.929749 334.562500 330.305969 293.708130 237.137543 188.589920 205.716583 216.499863 220.963913 216.289352 199.625702 171.035263,
 182.985672 221.750504 249.012100 253.208588 239.860275 219.068161 190.729294 212.045349 275.192383 326.195404 331.109070 297.358429 255.120239 212.540039 240.152390 338.175110 434.061066 454.795227 387.557831 300.008118 230.504227 241.443146 342.996460 466.664368 531.268005 466.664368 342.996460 241.443146 230.504227 300.008118 387.557831 454.795227 434.061066 338.175110 240.152390 212.540039 255.120239 297.358429 331.109070 326.195404 275.192383 212.045349 190.729294 219.068161 239.860275 253.208588 249.012100 221.750504 182.985672,
 164.281616 196.828949 260.507477 297.521790 242.794983 170.077118 138.095825 165.394928 214.939697 312.772888 381.337830 312.572998 209.351471 154.121704 165.939163 236.897888 371.987671 469.977539 377.673584 240.129456 163.560562 166.490875 249.621490 402.461975 510.822723 402.461975 249.621490 166.490875 163.560562 240.129456 377.673584 469.977539 371.987671 236.897888 165.939163 154.121704 209.351471 312.572998 381.337830 312.772888 214.939697 165.394928 138.095825 170.077118 242.794983 297.521790 260.507477 196.828949 164.281616,
 199.519852 227.759064 254.360168 269.230652 259.948975 228.881195 190.830338 204.662048 251.125519 307.613220 353.622864 353.438660 297.440887 222.700562 214.156219 290.390747 398.058990 484.876404 465.392181 352.989624 238.817383 229.933289 340.436188 484.661438 561.182983 484.661438 340.436188 229.933289 238.817383 352.989624 465.392181 484.876404 398.058990 290.390747 214.156219 222.700562 297.440887 353.438660 353.622864 307.613220 251.125519 204.662048 190.830338 228.881195 259.948975 269.230652 254.360168 227.759064 199.519852,
 12.684896 22.822536 27.719721 27.703472 23.464933 16.500465 8.946819 15.376589 26.546177 33.116776 34.018307 28.158304 17.977779 7.263639 13.722352 32.573231 54.049988 66.642303 58.769592 34.536274 9.745511 14.660528 47.946358 86.205414 104.976448 86.205414 47.946358 14.660528 9.745511 34.536274 58.769592 66.642303 54.049988 32.573231 13.722352 7.263639 17.977779 28.158304 34.018307 33.116776 26.546177 15.376589 8.946819 16.500465 23.464933 27.703472 27.719721 22.822536 12.684896,
 -10.852600 7.137796 13.672222 11.075926 13.563768 24.596626 31.176521 -2.977020 23.253124 39.721809 34.255081 21.681456 21.102657 27.662296 4.460022 35.247662 67.445663 70.788269 45.358551 24.093143 19.334843 11.066069 33.323112 70.899200 92.838974 70.899200 33.323112 11.066069 19.334843 24.093143 45.358551 70.788269 67.445663 35.247662 4.460022 27.662296 21.102657 21.681456 34.255081 39.721809 23.253124 -2.977020 31.176521 24.596626 13.563768 11.075926 13.672222 7.137796 -10.852600,
 19.657988 30.413235 30.212614 31.689861 24.243078 21.755386 10.911173 14.588167 29.106867 43.092236 58.962860 46.370785 27.270353 8.801022 9.470764 29.291687 61.767258 91.578323 67.515396 30.679810 6.668906 6.627637 30.756268 73.670357 107.155174 73.670357 30.756268 6.627637 6.668906 30.679810 67.515396 91.578323 61.767258 29.291687 9.470764 8.801022 27.270353 46.370785 58.962860 43.092236 29.106867 14.588167 10.911173 21.755386 24.243078 31.689861 30.212614 30.413235 19.657988,
 13.147826 40.303059 59.328754 72.648422 77.610832 66.247864 41.888767 13.117310 51.407593 84.113304 108.649773 111.625648 85.761215 47.479454 20.239494 70.637192 120.771721 154.904953 144.851135 96.162827 42.384357 31.262314 89.001045 149.173859 178.273010 149.173859 89.001045 31.262314 42.384357 96.162827 144.851135 154.904953 120.771721 70.637192 20.239494 47.479454 85.761215 111.625648 108.649773 84.113304 51.407593 13.117310 41.888767 66.247864 77.610832 72.648422 59.328754 40.303059 13.147826,

Pairwise cross-correlations of the modulus of all oriented sub-bands at the same scale (size QxQ)
 163.107895 117.955978 64.497330 109.977890,
 117.955978 183.515503 112.044418 70.811989,
 64.497330 112.044418 154.058395 104.852180,
 109.977890 70.811989 104.852180 162.045212,
 543.390930 430.633911 370.930634 401.940369,
 430.633911 578.451904 435.553375 352.575836,
 370.930634 435.553375 497.476532 365.650391,
 401.940369 352.575836 365.650391 454.365265,
 598.580688 397.088745 309.166016 424.669678,
 397.088745 531.268066 384.840454 321.177063,
 309.166016 384.840454 510.822754 353.962219,
 424.669678 321.177063 353.962219 561.182983,
 104.976456 47.165390 44.358036 98.171448,
 47.165390 92.838966 49.819031 64.625961,
 44.358036 49.819031 107.155174 88.229843,
 98.171448 64.625961 88.229843 178.273010,

Cross-correlations of the modulus of all oriented sub-bands with all oriented sub-bands at the coarser scale (size QxQ)
 256.075195 213.347641 161.735626 189.319763,
 226.038269 276.002533 211.657944 156.990234,
 166.850281 209.761612 233.159851 177.881714,
 218.332855 176.913864 197.627121 232.384171,
 446.360168 378.564148 298.265503 402.158020,
 371.506958 414.410706 359.619019 355.821045,
 324.199860 356.941467 364.113159 349.500610,
 345.468536 290.085205 291.393066 396.415802,
 113.003616 114.590408 92.660194 166.699112,
 94.648491 148.429459 115.514633 137.433136,
 79.542145 129.463058 136.721207 156.907593,
 111.591934 116.714180 137.030365 200.891937,

Cross-correlations of the real part of each oriented sub-band with both the real and imaginary part of all phase-doubled oriented sub-bands at the next coarser scale (Q matrices of size 1x2Q, which are computed and stored in a matrix of size Qx2Q)
 97.412872 45.909031 3.336585 40.857037 -1.181145 -0.754163 -0.815997 -0.062076,
 45.112549 105.403648 38.253963 3.588433 -1.362930 -1.150631 -1.958791 0.583627,
 4.849427 43.506516 74.700249 28.941713 -0.320446 -0.406558 2.172650 2.260667,
 42.354301 3.759068 27.438568 77.086044 -0.088160 -0.158495 2.005348 0.987489,
 -127.262337 -37.647861 -7.366284 -62.407440 -11.769523 -27.321114 -0.608735 -1.377327,
 -50.193211 -79.463310 -42.404598 -10.910073 -10.887739 -32.550438 -8.570643 -1.266523,
 -9.424767 -43.194870 -101.753067 -51.839314 -2.285126 -5.687722 -9.618183 7.175555,
 -68.345085 -8.996725 -50.662922 -113.793663 -2.144937 -3.421496 0.343246 10.093034,
 -12.848866 -26.566143 -5.394584 -45.711433 34.628117 -18.585365 -3.063146 -25.777927,
 -0.479194 -93.518105 -38.450745 -4.600310 -0.707041 -28.063301 15.619743 -0.880035,
 -3.361901 -50.720882 -73.008492 -47.630638 1.061963 1.960912 46.534893 -1.866970,
 -17.965385 -2.200555 -33.392975 -110.663391 30.152079 1.541062 15.730233 -33.973526,
