Low-band skewness and kurtosis
 -2.117912 5.837804,
 -2.190522 6.666291,
 -1.537025 4.312228,
 -1.074011 3.167408,
 -0.860543 2.948768,

High-band variance
 163.138901,

Skewness, kurtosis, variance, mean, maximum and minimum of the reconstructed texture
 -2.101248 5.566722 6880.694336 220.421082 255.000000 0.000000,

Auto-correlations of the low-frequency bands at each scale
 2605.752441 3175.604004 3558.967773 3671.623779 3462.555664 2979.916504 2332.757324 3149.213379 3942.507080 4603.356934 4852.133789 4505.520020 3758.075928 2905.213379 3522.399902 4592.900391 5644.156738 6101.243652 5580.105957 4478.356445 3377.752441 3611.319824 4828.657227 6095.006836 6681.546875 6095.006836 4828.657227 3611.319824 3377.752441 4478.356445 5580.105957 6101.243652 5644.156738 4592.900391 3522.399902 2905.213379 3758.075928 4505.520020 4852.133789 4603.356934 3942.507080 3149.213379 2332.757324 2979.916504 3462.555664 3671.623779 3558.967773 3175.604004 2605.752441,
 934.465576 1113.950684 1322.915771 1418.913818 1332.533936 1278.397217 1408.283447 1016.031006 1551.778931 2359.661621 2725.080078 2177.033691 1323.391968 961.654419 1088.492065 2275.945068 4078.413330 4956.490723 3905.992920 2017.096924 901.419312 1055.501343 2573.381836 4926.802246 6141.329590 4926.802246 2573.381836 1055.501343 901.419312 2017.096924 3905.992920 4956.490723 4078.413330 2275.945068 1088.492065 961.654419 1323.391968 2177.033691 2725.080078 2359.661621 1551.778931 1016.031006 1408.283447 1278.397217 1332.533936 1418.913818 1322.915771 1113.950684 934.465576,
 642.099121 519.397583 593.868469 835.217102 1034.695557 1127.703247 1055.546875 656.389954 497.140198 873.744080 1361.476807 1420.075684 1299.052979 1066.232422 417.921051 616.521484 1968.816650 2960.314941 2232.545654 1097.333984 656.242065 317.397491 847.905701 2743.936279 4011.741943 2743.936279 847.905701 317.397491 656.242065 1097.333984 2232.545654 2960.314941 1968.816650 616.521484 417.921051 1066.232422 1299.052979 1420.075684 1361.476807 873.744080 497.140198 656.389954 1055.546875 1127.703247 1034.695557 835.217102 593.868469 519.397583 642.099121,
 -96.113220 165.184631 232.735199 304.330109 556.001587 811.291199 789.323364 221.530624 306.501831 415.136200 688.832886 837.507202 800.233887 694.441101 396.841095 499.405090 1034.756836 1594.506348 1309.506348 697.453430 494.015472 421.931396 635.164062 1513.705322 2143.732422 1513.705322 635.164062 421.931396 494.015472 697.453430 1309.506348 1594.506348 1034.756836 499.405090 396.841095 694.441101 800.233887 837.507202 688.832886 415.136200 306.501831 221.530624 789.323364 811.291199 556.001587 304.330109 232.735199 165.184631 -96.113220,
 -454.860901 -632.662964 -552.313416 -326.796875 -133.278748 -6.401459 4.389053 -477.589996 -474.496185 -164.591721 231.778534 431.210510 391.592743 141.662384 -312.325378 -67.245712 462.728790 907.718994 883.959351 527.929932 101.701309 -71.194107 349.846802 927.875427 1235.928833 927.875427 349.846802 -71.194107 101.701309 527.929932 883.959351 907.718994 462.728790 -67.245712 -312.325378 141.662384 391.592743 431.210510 231.778534 -164.591721 -474.496185 -477.589996 4.389053 -6.401459 -133.278748 -326.796875 -552.313416 -632.662964 -454.860901,

Auto-correlations of the modulus of each oriented sub-band
 75.879356 84.411377 92.404259 95.049866 90.341103 80.752747 71.232552 94.320335 108.185844 120.753586 125.263268 118.926331 105.167885 90.941414 113.397568 132.962616 150.687576 157.545486 149.641586 131.373657 111.829346 121.585846 143.905777 164.539398 173.118744 164.539398 143.905777 121.585846 111.829346 131.373657 149.641586 157.545486 150.687576 132.962616 113.397568 90.941414 105.167885 118.926331 125.263268 120.753586 108.185844 94.320335 71.232552 80.752747 90.341103 95.049866 92.404259 84.411377 75.879356,
 103.575836 108.175720 109.263077 105.532532 97.816391 87.578552 75.904724 108.425613 124.211861 135.200928 135.493622 124.868317 107.614067 88.301346 110.186150 135.805695 156.900528 162.628326 149.876450 125.890747 99.390724 107.197098 136.698441 162.972214 174.158875 162.972214 136.698441 107.197098 99.390724 125.890747 149.876450 162.628326 156.900528 135.805695 110.186150 88.301346 107.614067 124.868317 135.493622 135.200928 124.211861 108.425613 75.904724 87.578552 97.816391 105.532532 109.263077 108.175720 103.575836,
 75.295670 97.153564 119.550491 130.187439 121.627762 100.327667 78.701920 83.083504 110.608086 138.759613 151.905396 140.377960 113.123207 85.784538 90.444809 122.834991 156.037079 171.495453 156.985565 124.288498 91.969971 93.971275 128.277817 163.382385 179.549469 163.382385 128.277817 93.971275 91.969971 124.288498 156.985565 171.495453 156.037079 122.834991 90.444809 85.784538 113.123207 140.377960 151.905396 138.759613 110.608086 83.083504 78.701920 100.327667 121.627762 130.187439 119.550491 97.153564 75.295670,
 83.077950 97.272881 111.088249 121.919312 127.195107 125.676277 118.751534 95.559158 117.076988 137.354340 150.327850 150.766022 138.842957 121.041031 107.243736 135.384323 161.563690 175.795364 169.993805 147.688309 120.572823 116.018066 146.834534 174.660583 186.590942 174.660583 146.834534 116.018066 120.572823 147.688309 169.993805 175.795364 161.563690 135.384323 107.243736 121.041031 138.842957 150.766022 150.327850 137.354340 117.076988 95.559158 118.751534 125.676277 127.195107 121.919312 111.088249 97.272881 83.077950,
 208.749359 231.642014 250.706543 262.882172 264.909607 255.806046 237.131226 252.841583 285.912598 314.336121 330.466339 327.649719 306.945068 275.190887 312.755096 365.557465 411.339233 433.861603 421.643799 381.883514 330.534393 351.647949 415.502777 469.659241 492.350189 469.659241 415.502777 351.647949 330.534393 381.883514 421.643799 433.861603 411.339233 365.557465 312.755096 275.190887 306.945068 327.649719 330.466339 314.336121 285.912598 252.841583 237.131226 255.806046 264.909607 262.882172 250.706543 231.642014 208.749359,
 243.008179 273.707336 275.708466 249.782654 214.208588 187.600922 173.960968 269.655243 327.839478 351.346191 324.523407 266.687866 211.551941 176.805450 262.139160 346.498657 410.104614 408.669495 343.058716 259.680603 196.141907 230.136139 315.967285 406.874664 449.174927 406.874664 315.967285 230.136139 196.141907 259.680603 343.058716 408.669495 410.104614 346.498657 262.139160 176.805450 211.551941 266.687866 324.523407 351.346191 327.839478 269.655243 173.960968 187.600922 214.208588 249.782654 275.708466 273.707336 243.008179,
 171.004272 255.903229 355.823578 417.496704 400.168732 324.937897 240.780029 189.526871 288.508179 410.135132 482.746948 448.453979 342.761597 237.189072 204.988174 319.702881 461.123993 540.262207 484.380402 350.271790 229.204361 218.223450 342.583191 490.548706 564.716125 490.548706 342.583191 218.223450 229.204361 350.271790 484.380402 540.262207 461.123993 319.702881 204.988174 237.189072 342.761597 448.453979 482.746948 410.135132 288.508179 189.526871 240.780029 324.937897 400.168732 417.496704 355.823578 255.903229 171.004272,
 177.751221 235.594711 303.452087 371.737671 419.023376 425.698120 387.635986 217.874725 295.943176 388.841736 472.232117 508.517029 479.281372 401.360138 268.865631 372.650391 488.794922 571.720398 571.793213 490.734314 377.891815 327.163574 448.378845 565.193481 617.008179 565.193481 448.378845 327.163574 377.891815 490.734314 571.793213 571.720398 488.794922 372.650391 268.865631 401.360138 479.281372 508.517029 472.232117 388.841736 295.943176 217.874725 387.635986 425.698120 419.023376 371.737671 303.452087 235.594711 177.751221,
 95.507812 112.699577 126.606712 137.525101 142.923584 138.833389 127.143097 168.609131 204.750290 228.424896 232.084763 217.873413 193.765091 165.827972 226.722717 307.917053 375.424988 392.894379 351.079590 278.740906 208.602142 240.290924 344.530273 448.343597 494.843964 448.343597 344.530273 240.290924 208.602142 278.740906 351.079590 392.894379 375.424988 307.917053 226.722717 165.827972 193.765091 217.873413 232.084763 228.424896 204.750290 168.609131 127.143097 138.833389 142.923584 137.525101 126.606712 112.699577 95.507812,
 177.566330 200.911316 213.770813 210.424469 194.267273 177.097076 160.692978 251.863205 300.811951 333.955017 327.629578 287.168884 242.481247 205.096268 296.198853 377.324249 453.038727 465.870422 401.936249 320.575836 257.515747 294.187042 379.856079 482.603455 536.143677 482.603455 379.856079 294.187042 257.515747 320.575836 401.936249 465.870422 453.038727 377.324249 296.198853 205.096268 242.481247 287.168884 327.629578 333.955017 300.811951 251.863205 160.692978 177.097076 194.267273 210.424469 213.770813 200.911316 177.566330,
 80.674080 114.290733 157.746323 171.151947 131.995499 108.559731 92.105827 93.896034 134.817444 209.495560 238.841400 170.373856 121.631409 103.339409 106.159996 147.212692 254.526138 318.086761 221.898270 135.178848 111.380852 112.653793 146.242493 260.274597 357.247131 260.274597 146.242493 112.653793 111.380852 135.178848 221.898270 318.086761 254.526138 147.212692 106.159996 103.339409 121.631409 170.373856 238.841400 209.495560 134.817444 93.896034 92.105827 108.559731 131.995499 171.151947 157.746323 114.290733 80.674080,
 93.858040 108.753822 146.458862 195.291336 225.960419 223.258820 198.841370 125.198624 162.912109 227.503372 294.743774 318.412537 282.399445 221.366196 163.839935 235.278503 340.942810 427.477997 420.011169 327.626343 226.998383 203.604340 307.482544 436.242096 501.539551 436.242096 307.482544 203.604340 226.998383 327.626343 420.011169 427.477997 340.942810 235.278503 163.839935 221.366196 282.399445 318.412537 294.743774 227.503372 162.912109 125.198624 198.841370 223.258820 225.960419 195.291336 146.458862 108.753822 93.858040,
 -29.961334 -13.387480 6.350767 24.778065 39.128738 46.847946 45.945335 -12.161919 11.978899 38.120060 58.661934 71.049164 72.470619 60.066093 7.681078 45.055885 86.968620 112.379074 109.527168 86.003685 56.387115 41.778358 85.909882 133.673737 156.490570 133.673737 85.909882 41.778358 56.387115 86.003685 109.527168 112.379074 86.968620 45.055885 7.681078 60.066093 72.470619 71.049164 58.661934 38.120060 11.978899 -12.161919 45.945335 46.847946 39.128738 24.778065 6.350767 -13.387480 -29.961334,
 12.258930 54.889908 94.723198 116.249649 118.600502 106.614441 82.628754 42.063919 93.127617 143.946884 161.897095 145.035416 118.617378 92.769363 61.893772 121.563927 187.902130 213.514587 175.363770 123.342171 85.271271 73.895493 128.669754 199.420898 240.496918 199.420898 128.669754 73.895493 85.271271 123.342171 175.363770 213.514587 187.902130 121.563927 61.893772 92.769363 118.617378 145.035416 161.897095 143.946884 93.127617 42.063919 82.628754 106.614441 118.600502 116.249649 94.723198 54.889908 12.258930,
 13.903057 23.734236 29.638309 27.672356 6.530399 -8.214117 -6.770655 16.907125 29.951496 46.675732 59.614632 28.437420 1.065948 -1.786460 15.898958 30.726530 60.479923 90.046539 50.874371 13.483164 4.664066 11.273165 24.707253 63.294479 103.355286 63.294479 24.707253 11.273165 4.664066 13.483164 50.874371 90.046539 60.479923 30.726530 15.898958 -1.786460 1.065948 28.437420 59.614632 46.675732 29.951496 16.907125 -6.770655 -8.214117 6.530399 27.672356 29.638309 23.734236 13.903057,
 -20.852388 -10.615337 -1.604479 14.573097 34.803314 43.934132 39.599838 6.294061 17.726562 34.076889 60.889137 76.423035 61.994873 35.483753 25.220581 44.674053 80.323265 118.343872 115.239479 71.849869 32.486275 31.761360 64.910538 117.194725 147.801010 117.194725 64.910538 31.761360 32.486275 71.849869 115.239479 118.343872 80.323265 44.674053 25.220581 35.483753 61.994873 76.423035 60.889137 34.076889 17.726562 6.294061 39.599838 43.934132 34.803314 14.573097 -1.604479 -10.615337 -20.852388,

Pairwise cross-correlations of the modulus of all oriented sub-bands at the same scale (size QxQ)
 173.118744 116.531601 68.198555 117.441933,
 116.531601 174.158890 116.052887 75.367317,
 68.198555 116.052887 179.549469 125.612167,
 117.441933 75.367317 125.612167 186.590988,
 492.350189 380.206879 366.912537 442.263611,
 380.206879 449.174988 389.932465 367.084869,
 366.912537 389.932465 564.716187 469.990540,
 442.263611 367.084869 469.990540 617.008301,
 494.843933 346.049438 226.006622 333.837585,
 346.049438 536.143677 302.288147 298.716461,
 226.006622 302.288147 357.247131 303.456024,
 333.837585 298.716461 303.456024 501.539642,
 156.490570 111.119781 43.018753 83.553055,
 111.119781 240.496948 68.677078 75.118965,
 43.018753 68.677078 103.355301 64.522621,
 83.553055 75.118965 64.522621 147.801025,

Cross-correlations of the modulus of all oriented sub-bands with all oriented sub-bands at the coarser scale (size QxQ)
 244.929718 199.446091 169.472092 222.593262,
 205.807358 241.392654 214.360031 187.269928,
 170.468765 195.316879 268.999023 233.108810,
 216.252670 174.481201 237.177612 292.625885,
 348.382446 325.112793 245.187775 373.009644,
 296.809479 338.204102 264.180908 319.773132,
 313.662292 331.693024 293.627136 357.277252,
 354.347961 316.807159 278.958038 431.476685,
 151.604050 132.336990 90.151764 127.603180,
 105.741570 174.464813 88.298904 141.337189,
 85.245636 111.344940 85.408951 96.996529,
 126.099167 155.939423 121.489403 121.853584,

Cross-correlations of the real part of each oriented sub-band with both the real and imaginary part of all phase-doubled oriented sub-bands at the next coarser scale (Q matrices of size 1x2Q, which are computed and stored in a matrix of size Qx2Q)
 108.172211 49.417595 4.716979 44.372433 0.530114 -1.674588 0.959459 -0.510150,
 50.075409 104.844078 47.541321 5.374520 -0.915467 -1.720214 1.389600 -0.593363,
 5.645515 48.212582 122.903244 56.059631 -0.050589 -0.124826 1.739846 1.824231,
 48.743019 5.969282 58.766239 111.681190 1.191705 -0.257912 1.881727 2.653165,
 -163.590668 -52.590240 -8.912239 -52.419773 3.701019 -12.892262 -5.945778 -2.711780,
 -73.468620 -106.606560 -43.563419 -7.715694 0.881222 -32.673080 5.093944 0.225265,
 -10.353722 -52.438641 -88.541306 -49.111465 -0.112701 -10.958736 19.293171 -5.992666,
 -69.319756 -10.599300 -47.552929 -108.274971 1.960996 1.107233 -4.508377 -9.889431,
 -81.224411 -25.331055 1.363354 -22.091297 8.962047 -25.071758 0.069292 -8.568740,
 -29.328297 2.778980 -9.425734 -6.732174 4.969110 -46.895229 12.159317 1.470349,
 -1.109461 7.825579 -53.358521 -24.935720 -1.321532 -4.784618 55.731903 19.840309,
 -35.075089 -6.604934 -34.769180 -37.361820 -1.035542 1.449332 35.953167 10.735044,
