Low-band skewness and kurtosis
 -2.463552 7.382206,
 -2.504949 7.975583,
 -2.159411 6.688627,
 -2.131391 7.010908,
 -1.532828 4.563197,

High-band variance
 109.463341,

Skewness, kurtosis, variance, mean, maximum and minimum of the reconstructed texture
 -2.452865 7.156670 5934.884277 226.654602 255.000000 0.000000,

Auto-correlations of the low-frequency bands at each scale
 3166.437012 3523.952393 3767.756836 3857.684570 3779.807617 3556.638428 3222.289551 3525.318604 4020.825195 4439.291992 4616.473145 4453.195312 4056.096680 3575.302490 3806.235107 4466.177246 5123.707520 5424.358398 5135.685059 4493.301270 3839.694092 3930.539062 4670.079102 5443.119629 5801.412109 5443.119629 4670.079102 3930.539062 3839.694092 4493.301270 5135.685059 5424.358398 5123.707520 4466.177246 3806.235107 3575.302490 4056.096680 4453.195312 4616.473145 4439.291992 4020.825195 3525.318604 3222.289551 3556.638428 3779.807617 3857.684570 3767.756836 3523.952393 3166.437012,
 1891.768433 2112.306396 2250.856689 2338.457275 2381.950928 2454.959229 2592.311523 2009.415771 2451.055176 2974.601074 3252.875732 3027.296387 2587.231934 2368.357666 2193.713135 3011.352783 4119.942871 4689.976562 4139.418457 3044.602295 2316.485107 2316.180176 3317.507080 4727.031738 5438.687012 4727.031738 3317.507080 2316.180176 2316.485107 3044.602295 4139.418457 4689.976562 4119.942871 3011.352783 2193.713135 2368.357666 2587.231934 3027.296387 3252.875732 2974.601074 2451.055176 2009.415771 2592.311523 2454.959229 2381.950928 2338.457275 2250.856689 2112.306396 1891.768433,
 261.043335 872.022095 1304.238159 1670.803955 2260.935547 2795.595215 2666.485352 624.857849 1286.250977 1891.649658 2249.280518 2470.757568 2720.560059 2604.176758 987.644775 1657.548096 2765.199463 3418.271484 3013.443115 2440.375732 2166.118896 1538.356567 2098.173340 3355.305664 4159.976562 3355.305664 2098.173340 1538.356567 2166.118896 2440.375732 3013.443115 3418.271484 2765.199463 1657.548096 987.644775 2604.176758 2720.560059 2470.757568 2249.280518 1891.649658 1286.250977 624.857849 2666.485352 2795.595215 2260.935547 1670.803955 1304.238159 872.022095 261.043335,
 -735.474609 -663.171265 -405.359680 274.596558 1217.338379 1927.217407 2046.097168 -678.103394 -458.614868 237.530396 1336.324707 2168.967285 2287.841797 1770.987915 -438.329132 145.886169 1360.670898 2554.529053 2726.434570 1960.947510 982.217896 135.481705 1100.837402 2435.790039 3135.385742 2435.790039 1100.837402 135.481705 982.217896 1960.947510 2726.434570 2554.529053 1360.670898 145.886169 -438.329132 1770.987915 2287.841797 2168.967285 1336.324707 237.530396 -458.614868 -678.103394 2046.097168 1927.217407 1217.338379 274.596558 -405.359680 -663.171265 -735.474609,
 -286.718018 -801.124939 -1071.377197 -814.871094 -47.313782 639.428162 734.574524 -798.854248 -1085.287598 -883.490601 58.920044 1101.996094 1271.816162 561.618774 -1072.490967 -917.895386 67.779602 1435.565918 1849.498535 970.553223 -173.952606 -881.393555 -71.706345 1366.423828 2157.418457 1366.423828 -71.706345 -881.393555 -173.952606 970.553223 1849.498535 1435.565918 67.779602 -917.895386 -1072.490967 561.618774 1271.816162 1101.996094 58.920044 -883.490601 -1085.287598 -798.854248 734.574524 639.428162 -47.313782 -814.871094 -1071.377197 -801.124939 -286.718018,

Auto-correlations of the modulus of each oriented sub-band
 61.532291 67.912437 73.740906 76.463684 75.178665 71.323692 67.489433 74.059853 83.697922 92.173172 95.590988 92.493805 84.968872 77.005577 86.005005 99.482613 111.371140 116.025589 111.135574 99.565987 86.959869 91.412613 106.578964 120.346481 126.036064 120.346481 106.578964 91.412613 86.959869 99.565987 111.135574 116.025589 111.371140 99.482613 86.005005 77.005577 84.968872 92.493805 95.590988 92.173172 83.697922 74.059853 67.489433 71.323692 75.178665 76.463684 73.740906 67.912437 61.532291,
 84.644592 91.068161 95.077271 94.808701 90.472198 83.392151 75.078369 89.369209 102.604385 112.837753 115.036346 108.553604 96.522202 82.867943 92.741951 111.638741 127.722969 132.919785 124.626747 107.921562 89.388832 92.941948 113.770737 132.478455 140.450790 132.478455 113.770737 92.941948 89.388832 107.921562 124.626747 132.919785 127.722969 111.638741 92.741951 82.867943 96.522202 108.553604 115.036346 112.837753 102.604385 89.369209 75.078369 83.392151 90.472198 94.808701 95.077271 91.068161 84.644592,
 71.048012 84.792877 98.019341 103.399887 97.374382 84.253510 71.502800 77.569687 94.508629 111.369095 118.585571 110.634354 93.594109 77.251862 83.095650 102.823219 123.059082 132.192871 122.581833 102.161583 82.703239 85.115181 105.890465 127.606003 137.760880 127.606003 105.890465 85.115181 82.703239 102.161583 122.581833 132.192871 123.059082 102.823219 83.095650 77.251862 93.594109 110.634354 118.585571 111.369095 94.508629 77.569687 71.502800 84.253510 97.374382 103.399887 98.019341 84.792877 71.048012,
 75.155678 83.829086 91.466652 97.327820 100.052696 98.807571 94.928978 84.393555 97.083252 108.851768 116.322235 115.964882 108.016998 97.430298 91.963585 108.550743 124.517921 133.267731 129.108749 114.712654 98.498817 96.839722 115.177963 132.718384 140.464233 132.718384 115.177963 96.839722 98.498817 114.712654 129.108749 133.267731 124.517921 108.550743 91.963585 97.430298 108.016998 115.964882 116.322235 108.851768 97.083252 84.393555 94.928978 98.807571 100.052696 97.327820 91.466652 83.829086 75.155678,
 143.951660 158.296616 170.400330 178.910828 182.401855 180.681076 175.089783 177.110764 201.253448 221.573853 233.353470 233.288391 223.493103 208.929520 221.515305 258.207764 289.980072 305.372620 297.671539 273.126709 243.097275 251.313477 292.635315 328.871490 344.232605 328.871490 292.635315 251.313477 243.097275 273.126709 297.671539 305.372620 289.980072 258.207764 221.515305 208.929520 223.493103 233.288391 233.353470 221.573853 201.253448 177.110764 175.089783 180.681076 182.401855 178.910828 170.400330 158.296616 143.951660,
 213.740250 240.669342 247.609024 231.738770 207.231735 192.065948 191.269760 230.679718 276.053406 300.983673 287.788086 247.848236 210.537018 192.845154 230.556427 289.893066 340.177155 345.188934 300.060516 241.787659 201.775909 217.453506 274.781738 339.990723 371.562012 339.990723 274.781738 217.453506 201.775909 241.787659 300.060516 345.188934 340.177155 289.893066 230.556427 192.845154 210.537018 247.848236 287.788086 300.983673 276.053406 230.679718 191.269760 192.065948 207.231735 231.738770 247.609024 240.669342 213.740250,
 170.327805 214.582382 270.656708 306.114471 294.285004 254.017654 215.252640 188.652344 244.447006 314.441650 355.398468 332.276672 274.050110 221.115021 206.034378 271.486694 352.248810 396.689453 361.675690 287.229553 222.974655 218.384399 287.422729 370.546997 413.707092 370.546997 287.422729 218.384399 222.974655 287.229553 361.675690 396.689453 352.248810 271.486694 206.034378 221.115021 274.050110 332.276672 355.398468 314.441650 244.447006 188.652344 215.252640 254.017654 294.285004 306.114471 270.656708 214.582382 170.327805,
 157.258591 179.993439 215.143997 257.776428 292.681946 305.017792 292.009216 188.801483 225.278778 275.482971 324.907776 350.006104 340.338654 306.718719 227.935577 279.355286 341.796387 388.614136 390.830139 351.920654 299.213470 269.046448 328.553864 389.097931 416.838135 389.097931 328.553864 269.046448 299.213470 351.920654 390.830139 388.614136 341.796387 279.355286 227.935577 306.718719 340.338654 350.006104 324.907776 275.482971 225.278778 188.801483 292.009216 305.017792 292.681946 257.776428 215.143997 179.993439 157.258591,
 47.840416 72.175232 100.150925 130.107544 156.520828 173.280060 176.756561 91.189240 117.649246 145.162872 169.038696 183.017822 183.670517 172.478333 146.272186 190.508057 231.794312 253.741394 246.843262 216.505432 177.409821 182.190659 240.016800 292.812012 315.161133 292.812012 240.016800 182.190659 177.409821 216.505432 246.843262 253.741394 231.794312 190.508057 146.272186 172.478333 183.670517 183.017822 169.038696 145.162872 117.649246 91.189240 176.756561 173.280060 156.520828 130.107544 100.150925 72.175232 47.840416,
 68.874840 105.861847 133.217575 150.405579 160.099106 159.787109 150.951172 105.233215 159.861313 200.622482 209.498520 193.629013 167.650711 140.859665 126.356552 196.748657 263.168579 279.910126 239.632263 180.703217 132.252060 130.373123 198.340149 277.171021 316.453827 277.171021 198.340149 130.373123 132.252060 180.703217 239.632263 279.910126 263.168579 196.748657 126.356552 140.859665 167.650711 193.629013 209.498520 200.622482 159.861313 105.233215 150.951172 159.787109 160.099106 150.405579 133.217575 105.861847 68.874840,
 63.530903 103.888702 143.751587 175.902573 180.859802 165.689972 149.684601 94.249252 139.504028 194.736572 236.840225 220.373779 177.764893 149.898407 117.644592 165.805130 240.716827 295.645020 253.089874 182.988876 144.348785 133.842438 179.924210 263.143158 321.605469 263.143158 179.924210 133.842438 144.348785 182.988876 253.089874 295.645020 240.716827 165.805130 117.644592 149.898407 177.764893 220.373779 236.840225 194.736572 139.504028 94.249252 149.684601 165.689972 180.859802 175.902573 143.751587 103.888702 63.530903,
 64.307831 127.295097 189.051392 242.356979 279.078674 287.714325 273.329010 141.694077 210.071274 281.389191 343.844452 368.988861 342.699707 292.103394 214.644958 293.230133 381.889709 448.029724 444.376160 376.531708 296.734528 270.267029 358.431244 451.891907 496.132690 451.891907 358.431244 270.267029 296.734528 376.531708 444.376160 448.029724 381.889709 293.230133 214.644958 292.103394 342.699707 368.988861 343.844452 281.389191 210.071274 141.694077 273.329010 287.714325 279.078674 242.356979 189.051392 127.295097 64.307831,
 -11.246286 18.470846 42.972946 56.553719 58.295502 52.071404 43.330887 21.837677 62.394352 92.318855 103.161209 94.070457 71.428398 43.855286 49.286850 102.833038 144.195694 156.967743 137.480087 97.046356 50.612106 57.677540 115.525223 165.174423 185.774628 165.174423 115.525223 57.677540 50.612106 97.046356 137.480087 156.967743 144.195694 102.833038 49.286850 43.855286 71.428398 94.070457 103.161209 92.318855 62.394352 21.837677 43.330887 52.071404 58.295502 56.553719 42.972946 18.470846 -11.246286,
 -32.518532 41.656860 113.513893 165.946533 190.948303 190.890213 172.643463 34.262375 124.101036 205.496201 254.762299 262.982697 237.590118 191.467606 100.363678 198.023483 283.083618 325.052979 311.841125 258.192932 185.754456 153.886414 245.818024 322.354614 353.614502 322.354614 245.818024 153.886414 185.754456 258.192932 311.841125 325.052979 283.083618 198.023483 100.363678 191.467606 237.590118 262.982697 254.762299 205.496201 124.101036 34.262375 172.643463 190.890213 190.948303 165.946533 113.513893 41.656860 -32.518532,
 -24.619225 -4.299915 11.487401 21.748985 29.652565 37.737499 46.582245 -12.110129 17.456585 41.962830 49.437691 45.338257 41.303932 38.321587 1.735021 33.018566 66.391083 77.915855 61.777161 42.750576 27.920506 15.592770 40.689159 72.502831 91.157791 72.502831 40.689159 15.592770 27.920506 42.750576 61.777161 77.915855 66.391083 33.018566 1.735021 38.321587 41.303932 45.338257 49.437691 41.962830 17.456585 -12.110129 46.582245 37.737499 29.652565 21.748985 11.487401 -4.299915 -24.619225,
 -34.414562 -19.727089 -3.378113 15.840744 35.815399 47.385422 46.367519 -20.478149 -2.599899 17.457905 39.416615 54.306042 52.178482 39.501926 -1.512682 20.171597 45.267178 66.937805 69.757301 52.571194 31.093504 17.829765 42.174553 68.345238 81.393036 68.345238 42.174553 17.829765 31.093504 52.571194 69.757301 66.937805 45.267178 20.171597 -1.512682 39.501926 52.178482 54.306042 39.416615 17.457905 -2.599899 -20.478149 46.367519 47.385422 35.815399 15.840744 -3.378113 -19.727089 -34.414562,

Pairwise cross-correlations of the modulus of all oriented sub-bands at the same scale (size QxQ)
 126.036087 92.683830 64.450630 95.609177,
 92.683830 140.450806 102.708450 70.876480,
 64.450630 102.708450 137.760895 99.353333,
 95.609177 70.876480 99.353333 140.464233,
 344.232697 286.404877 278.575623 319.368134,
 286.404877 371.562042 312.153015 286.947235,
 278.575623 312.153015 413.707153 338.808350,
 319.368134 286.947235 338.808350 416.838165,
 315.161102 233.615509 214.676773 324.460327,
 233.615509 316.453888 255.919403 273.308777,
 214.676773 255.919403 321.605530 321.669312,
 324.460327 273.308777 321.669312 496.132690,
 185.774628 200.413193 53.540691 61.152252,
 200.413193 353.614563 102.399704 55.893204,
 53.540691 102.399704 91.157791 51.232605,
 61.152252 55.893204 51.232605 81.393036,

Cross-correlations of the modulus of all oriented sub-bands with all oriented sub-bands at the coarser scale (size QxQ)
 179.300339 157.563843 139.649490 169.388611,
 159.897827 200.260300 180.036057 152.149185,
 135.087112 167.097473 209.527298 173.585114,
 162.060440 146.286880 175.002106 209.683640,
 264.207794 244.412247 217.284088 296.374847,
 248.260773 255.163818 227.797546 278.099945,
 248.019821 257.664185 283.173248 337.365295,
 270.669464 239.826538 255.107666 361.446686,
 101.735451 167.195099 100.891586 99.403229,
 108.519020 172.325562 102.137070 92.925659,
 67.230484 133.296799 98.689560 94.264565,
 81.394104 173.040146 121.150352 126.184982,

Cross-correlations of the real part of each oriented sub-band with both the real and imaginary part of all phase-doubled oriented sub-bands at the next coarser scale (Q matrices of size 1x2Q, which are computed and stored in a matrix of size Qx2Q)
 50.781967 25.781651 3.307057 25.615452 0.969833 -0.803236 0.294573 -0.659034,
 23.925268 64.918961 32.367970 2.452675 -0.723319 0.644107 3.187774 0.712106,
 2.764394 30.427271 77.221924 30.989197 -0.929644 1.776810 1.378023 1.030252,
 22.762043 2.693843 33.879982 64.746971 -1.396329 -0.400374 -0.604583 -0.827502,
 -48.398346 -11.150667 -1.626909 -34.187328 4.778302 -1.470657 0.290223 -6.436891,
 -12.421444 -28.419926 -26.566822 -3.897418 1.802697 2.041437 2.384477 -0.095662,
 -4.128865 -15.439486 -69.079781 -30.826927 -0.589213 1.227695 12.157846 -2.491052,
 -34.925644 -2.417892 -30.731722 -71.254066 -1.059477 -0.587852 9.520340 -11.903875,
 -1.124072 -23.496311 -2.605655 -10.662286 2.765679 -10.130778 -2.289187 3.760560,
 -6.967216 -57.644768 3.380697 0.335564 -10.212042 -23.748581 -11.860807 -0.147138,
 -4.836299 -10.893375 21.284180 -4.816339 -3.508349 -6.018723 13.942667 4.027181,
 -2.948341 2.853679 4.410137 -22.462425 3.264647 1.031424 15.546190 9.924477,
