Low-band skewness and kurtosis
 -2.231563 6.316729,
 -2.270408 6.939935,
 -1.824386 5.446218,
 -1.274258 3.703715,
 -0.877782 2.554024,

High-band variance
 144.792450,

Skewness, kurtosis, variance, mean, maximum and minimum of the reconstructed texture
 -2.216428 6.058089 6559.453125 222.656311 255.000000 0.000000,

Auto-correlations of the low-frequency bands at each scale
 2609.492188 3216.371338 3696.156006 3930.138184 3842.391846 3492.235107 3002.485352 3104.629150 3871.254639 4557.192383 4896.822266 4694.847656 4113.714844 3427.160400 3501.389404 4465.299805 5437.228027 5910.517578 5524.543457 4611.807617 3686.064209 3717.759766 4771.266602 5871.850098 6382.964844 5871.850098 4771.266602 3717.759766 3686.064209 4611.807617 5524.543457 5910.517578 5437.228027 4465.299805 3501.389404 3427.160400 4113.714844 4694.847656 4896.822266 4557.192383 3871.254639 3104.629150 3002.485352 3492.235107 3842.391846 3930.138184 3696.156006 3216.371338 2609.492188,
 1110.815186 1246.292480 1553.907715 1796.145996 1740.779785 1539.303467 1416.177734 1037.324951 1592.341309 2525.183350 3106.223633 2805.371338 2089.128418 1628.099854 1164.440186 2281.907471 4006.790771 4964.297852 4234.302734 2701.398193 1677.465576 1468.619873 2830.134277 4863.240723 5907.256836 4863.240723 2830.134277 1468.619873 1677.465576 2701.398193 4234.302734 4964.297852 4006.790771 2281.907471 1164.440186 1628.099854 2089.128418 2805.371338 3106.223633 2525.183350 1592.341309 1037.324951 1416.177734 1539.303467 1740.779785 1796.145996 1553.907715 1246.292480 1110.815186,
 1055.671997 1334.145020 966.974609 614.498047 728.074951 1062.601562 1098.187866 871.408691 971.999634 1106.300781 1326.874756 1272.715332 1085.283569 991.092529 594.460266 865.730225 2147.150391 3174.739502 2494.741211 1223.653564 855.722107 652.011963 1153.359253 3071.787109 4322.431152 3071.787109 1153.359253 652.011963 855.722107 1223.653564 2494.741211 3174.739502 2147.150391 865.730225 594.460266 991.092529 1085.283569 1272.715332 1326.874756 1106.300781 971.999634 871.408691 1098.187866 1062.601562 728.074951 614.498047 966.974609 1334.145020 1055.671997,
 375.147705 422.559662 488.133850 609.148071 686.219666 595.362793 325.075684 337.559296 373.027100 686.385681 949.092407 876.858948 628.043823 318.724945 518.083618 628.547302 1283.871582 1765.271606 1402.468750 812.140686 493.483978 656.443604 911.189819 1730.027832 2294.428711 1730.027832 911.189819 656.443604 493.483978 812.140686 1402.468750 1765.271606 1283.871582 628.547302 518.083618 318.724945 628.043823 876.858948 949.092407 686.385681 373.027100 337.559296 325.075684 595.362793 686.219666 609.148071 488.133850 422.559662 375.147705,
 -641.439575 -387.607178 -60.445583 124.986786 6.860134 -359.091614 -657.259277 -385.406952 -71.832535 326.670074 564.604614 402.431610 -40.939808 -399.920197 -117.087479 241.455902 778.446289 1093.542725 815.887329 252.693909 -124.961838 20.835449 399.527344 1025.559326 1378.748047 1025.559326 399.527344 20.835449 -124.961838 252.693909 815.887329 1093.542725 778.446289 241.455902 -117.087479 -399.920197 -40.939808 402.431610 564.604614 326.670074 -71.832535 -385.406952 -657.259277 -359.091614 6.860134 124.986786 -60.445583 -387.607178 -641.439575,

Auto-correlations of the modulus of each oriented sub-band
 82.441856 91.176781 99.261383 102.936050 100.595856 94.066307 87.180046 98.790863 112.212036 124.443077 129.817093 125.861031 115.172241 103.389816 115.241600 133.584137 150.182587 157.188446 151.097717 135.510773 118.185707 123.495483 143.847809 162.355682 169.988342 162.355682 143.847809 123.495483 118.185707 135.510773 151.097717 157.188446 150.182587 133.584137 115.241600 103.389816 115.172241 125.861031 129.817093 124.443077 112.212036 98.790863 87.180046 94.066307 100.595856 102.936050 99.261383 91.176781 82.441856,
 103.763794 109.874298 113.625832 112.799637 107.027733 97.693481 86.868317 108.969246 124.387405 135.994354 137.904236 129.127838 113.499222 95.940605 111.397163 135.185608 155.193130 161.162140 149.851578 127.971245 103.958855 109.583603 136.543777 160.870667 171.325394 160.870667 136.543777 109.583603 103.958855 127.971245 149.851578 161.162140 155.193130 135.185608 111.397163 95.940605 113.499222 129.127838 137.904236 135.994354 124.387405 108.969246 86.868317 97.693481 107.027733 112.799637 113.625832 109.874298 103.763794,
 73.546661 89.054459 103.340065 108.719757 101.828545 87.874222 74.164032 81.648163 101.773819 121.446068 129.928009 120.892296 101.693359 82.572449 89.330154 113.536789 137.813171 149.008636 137.721619 113.771042 89.958755 92.714401 118.480728 144.493591 156.833267 144.493591 118.480728 92.714401 89.958755 113.771042 137.721619 149.008636 137.813171 113.536789 89.330154 82.572449 101.693359 120.892296 129.928009 121.446068 101.773819 81.648163 74.164032 87.874222 101.828545 108.719757 103.340065 89.054459 73.546661,
 75.204948 85.152054 93.531555 98.724594 99.723770 96.881424 91.969627 85.098991 101.438660 115.860771 123.848892 122.046089 111.397141 97.333824 93.625900 115.962921 136.351379 146.725250 141.098633 122.443069 100.368027 99.156532 124.227013 146.927078 156.548965 146.927078 124.227013 99.156532 100.368027 122.443069 141.098633 146.725250 136.351379 115.962921 93.625900 97.333824 111.397141 122.046089 123.848892 115.860771 101.438660 85.098991 91.969627 96.881424 99.723770 98.724594 93.531555 85.152054 75.204948,
 215.277420 227.765640 237.085342 241.312912 239.685532 233.869003 225.340195 265.094330 289.324493 310.103912 319.754578 314.271576 298.042572 277.930145 319.501984 361.590424 399.667938 416.630676 402.842926 368.442291 329.830170 348.572327 399.615967 446.937012 467.702881 446.937012 399.615967 348.572327 329.830170 368.442291 402.842926 416.630676 399.667938 361.590424 319.501984 277.930145 298.042572 314.271576 319.754578 310.103912 289.324493 265.094330 225.340195 233.869003 239.685532 241.312912 237.085342 227.765640 215.277420,
 275.723755 292.247925 286.653168 264.029419 236.738434 213.489441 194.436752 299.677795 339.777618 352.640625 329.644287 285.709839 243.041534 210.954224 297.118591 360.718018 407.681641 405.140137 354.015869 288.914673 236.620911 269.956421 338.090546 409.095306 442.027161 409.095306 338.090546 269.956421 236.620911 288.914673 354.015869 405.140137 407.681641 360.718018 297.118591 210.954224 243.041534 285.709839 329.644287 352.640625 339.777618 299.677795 194.436752 213.489441 236.738434 264.029419 286.653168 292.247925 275.723755,
 163.083771 209.544250 259.874237 280.743805 253.041779 201.116241 158.645599 171.835892 227.757019 294.075043 325.045135 289.481964 222.061401 169.103867 177.990646 242.076614 323.492645 364.611877 321.092255 239.018417 176.602310 179.813293 246.779770 335.000702 381.559998 335.000702 246.779770 179.813293 176.602310 239.018417 321.092255 364.611877 323.492645 242.076614 177.990646 169.103867 222.061401 289.481964 325.045135 294.075043 227.757019 171.835892 158.645599 201.116241 253.041779 280.743805 259.874237 209.544250 163.083771,
 147.327332 173.130569 201.593842 228.958817 248.017731 251.256149 236.839264 169.975800 206.923248 251.141068 291.226074 309.356750 295.707489 259.247345 199.159821 252.835220 314.849243 360.393188 360.847473 316.724121 257.504578 232.519012 298.175018 363.957764 394.037415 363.957764 298.175018 232.519012 257.504578 316.724121 360.847473 360.393188 314.849243 252.835220 199.159821 259.247345 295.707489 309.356750 291.226074 251.141068 206.923248 169.975800 236.839264 251.256149 248.017731 228.958817 201.593842 173.130569 147.327332,
 189.219681 196.761505 199.733948 206.748428 215.294128 213.329437 196.566574 207.009293 221.566223 238.553009 258.256958 270.414307 262.238586 232.460800 250.684128 307.821228 372.489014 413.324890 402.521973 349.495728 281.891022 295.692291 387.135925 481.600586 525.523926 481.600586 387.135925 295.692291 281.891022 349.495728 402.521973 413.324890 372.489014 307.821228 250.684128 232.460800 262.238586 270.414307 258.256958 238.553009 221.566223 207.009293 196.566574 213.329437 215.294128 206.748428 199.733948 196.761505 189.219681,
 359.773743 406.664490 416.046021 388.536865 352.005188 319.195374 284.135925 392.660339 480.232849 526.380859 494.902557 422.340424 358.422363 310.224915 396.625366 513.621582 620.168640 624.607056 527.430603 416.748413 339.229248 372.622803 482.910034 619.675537 690.404541 619.675537 482.910034 372.622803 339.229248 416.748413 527.430603 624.607056 620.168640 513.621582 396.625366 310.224915 358.422363 422.340424 494.902557 526.380859 480.232849 392.660339 284.135925 319.195374 352.005188 388.536865 416.046021 406.664490 359.773743,
 133.401230 159.763199 197.102386 218.080994 202.864105 178.920212 155.497513 169.452164 205.884033 270.535095 311.874023 277.558899 219.904358 180.267014 196.214111 247.031616 343.074341 406.312866 348.295898 253.694092 199.091583 206.063660 265.461487 376.501617 448.932129 376.501617 265.461487 206.063660 199.091583 253.694092 348.295898 406.312866 343.074341 247.031616 196.214111 180.267014 219.904358 277.558899 311.874023 270.535095 205.884033 169.452164 155.497513 178.920212 202.864105 218.080994 197.102386 159.763199 133.401230,
 198.188141 199.348465 208.833008 236.987778 268.064636 271.913696 247.818665 213.607925 236.762253 280.418732 337.792175 365.194977 335.487396 277.848175 238.438782 295.409180 379.384827 452.726624 448.463318 372.502502 286.881226 268.876282 354.114868 455.933533 508.340698 455.933533 354.114868 268.876282 286.881226 372.502502 448.463318 452.726624 379.384827 295.409180 238.438782 277.848175 335.487396 365.194977 337.792175 280.418732 236.762253 213.607925 247.818665 271.913696 268.064636 236.987778 208.833008 199.348465 198.188141,
 26.005478 32.951614 38.320004 44.775665 50.639400 50.775871 41.066772 52.615910 62.933334 68.649033 69.129150 64.005829 54.827972 43.507710 73.612679 111.881706 140.913742 144.646942 118.880394 79.235451 45.293663 62.684700 117.702545 174.302673 199.753387 174.302673 117.702545 62.684700 45.293663 79.235451 118.880394 144.646942 140.913742 111.881706 73.612679 43.507710 54.827972 64.005829 69.129150 68.649033 62.933334 52.615910 41.066772 50.775871 50.639400 44.775665 38.320004 32.951614 26.005478,
 43.009590 44.839558 33.202694 18.269379 12.142567 19.691387 32.989326 54.872429 71.341446 81.000572 71.367393 47.267967 33.741421 38.761269 59.882870 92.310249 132.088608 140.717636 100.900711 58.738533 43.625805 52.859131 86.603973 143.376038 177.760941 143.376038 86.603973 52.859131 43.625805 58.738533 100.900711 140.717636 132.088608 92.310249 59.882870 38.761269 33.741421 47.267967 71.367393 81.000572 71.341446 54.872429 32.989326 19.691387 12.142567 18.269379 33.202694 44.839558 43.009590,
 24.682119 29.508179 42.097523 49.997837 39.133144 29.840157 22.255426 46.812069 60.548782 87.341782 104.252090 87.209564 65.565102 52.395100 67.320938 93.141602 137.103577 165.198181 138.872314 99.321869 74.811752 79.460220 110.994690 161.955750 194.841003 161.955750 110.994690 79.460220 74.811752 99.321869 138.872314 165.198181 137.103577 93.141602 67.320938 52.395100 65.565102 87.209564 104.252090 87.341782 60.548782 46.812069 22.255426 29.840157 39.133144 49.997837 42.097523 29.508179 24.682119,
 24.263649 23.426273 30.674168 45.923286 45.107983 34.424908 29.460312 37.657852 34.947487 50.817360 81.436440 82.614998 61.529915 47.297897 46.355370 48.960846 84.297668 129.629883 117.285278 75.951591 54.078163 52.038712 67.483170 117.938782 156.467255 117.938782 67.483170 52.038712 54.078163 75.951591 117.285278 129.629883 84.297668 48.960846 46.355370 47.297897 61.529915 82.614998 81.436440 50.817360 34.947487 37.657852 29.460312 34.424908 45.107983 45.923286 30.674168 23.426273 24.263649,

Pairwise cross-correlations of the modulus of all oriented sub-bands at the same scale (size QxQ)
 169.988358 116.249245 70.993835 113.701981,
 116.249245 171.325424 113.470657 73.114319,
 70.993835 113.470657 156.833313 104.734261,
 113.701981 73.114319 104.734261 156.548950,
 467.702911 354.371704 296.849854 345.882721,
 354.371704 442.027161 329.789673 302.111145,
 296.849854 329.789673 381.560028 306.700104,
 345.882721 302.111145 306.700104 394.037415,
 525.524048 430.976410 303.679077 402.558594,
 430.976410 690.404541 413.553040 396.083557,
 303.679077 413.553040 448.932129 361.625793,
 402.558594 396.083557 361.625793 508.340759,
 199.753403 119.213501 66.654526 104.689621,
 119.213501 177.760941 111.188583 91.359344,
 66.654526 111.188583 194.841034 102.308411,
 104.689621 91.359344 102.308411 156.467270,

Cross-correlations of the modulus of all oriented sub-bands with all oriented sub-bands at the coarser scale (size QxQ)
 243.684097 191.208649 144.949692 183.494522,
 202.498062 238.460312 182.767792 156.763916,
 158.209442 187.988068 208.922760 172.882614,
 198.303589 156.648666 171.322983 212.963654,
 359.795349 389.504181 296.858826 372.521179,
 326.062225 437.044495 306.645325 319.294708,
 265.476044 339.075500 298.969177 315.176025,
 309.643494 321.427612 302.911530 356.255432,
 209.531631 152.208267 142.714706 176.097763,
 198.968964 164.593231 215.621933 184.403305,
 122.240211 143.063477 204.486710 156.549530,
 183.149109 170.139755 182.420349 200.233887,

Cross-correlations of the real part of each oriented sub-band with both the real and imaginary part of all phase-doubled oriented sub-bands at the next coarser scale (Q matrices of size 1x2Q, which are computed and stored in a matrix of size Qx2Q)
 92.197906 38.690189 3.332316 41.149246 -4.516534 -2.561286 0.380113 -1.458395,
 39.322945 82.882339 34.287487 4.423308 -2.589874 -0.615640 1.992619 0.733333,
 3.334693 35.947777 72.537292 32.611656 0.333470 1.657009 5.799449 0.783174,
 40.344807 4.123811 30.825785 81.373665 0.170938 -0.081172 2.859071 -2.589550,
 -94.791405 -39.858582 -4.860264 -46.142071 -15.900896 0.930677 -0.815343 1.725436,
 -42.952782 -87.453522 -37.706062 -6.699416 -4.333499 19.990467 11.861058 -0.018116,
 -5.022083 -41.168839 -90.448029 -37.974773 1.905598 14.990121 32.123432 8.642675,
 -41.939201 -6.853930 -42.946869 -89.854721 -4.827703 0.411963 12.819317 11.253033,
 -84.812958 -56.004593 -2.680459 2.558507 -26.891174 -33.817661 -3.819551 -17.453165,
 -49.872570 -107.453545 -10.654965 -5.216680 -30.774696 -32.815323 8.816523 -3.299898,
 -1.372960 -35.962971 -33.466202 -12.161111 -4.890819 3.758131 22.416634 6.772709,
 -15.674689 -2.186295 -20.272158 1.929519 -2.653708 -2.161143 7.041570 -12.372339,
