Low-band skewness and kurtosis
 -2.125799 5.859726,
 -2.191357 6.631166,
 -1.628227 4.705690,
 -1.395307 4.538882,
 -1.264323 3.739509,

High-band variance
 158.002426,

Skewness, kurtosis, variance, mean, maximum and minimum of the reconstructed texture
 -2.109462 5.596390 6880.208984 220.568237 255.000000 0.000000,

Auto-correlations of the low-frequency bands at each scale
 2682.351318 3229.893311 3645.019775 3824.343750 3685.775146 3278.696045 2728.182373 3217.179199 3976.870361 4646.880859 4948.460938 4678.269531 4013.830811 3246.791504 3597.590332 4625.538574 5656.867676 6135.790527 5675.847168 4647.369629 3612.036621 3741.955566 4908.101562 6124.000000 6687.624512 6124.000000 4908.101562 3741.955566 3612.036621 4647.369629 5675.847168 6135.790527 5656.867676 4625.538574 3597.590332 3246.791504 4013.830811 4678.269531 4948.460938 4646.880859 3976.870361 3217.179199 2728.182373 3278.696045 3685.775146 3824.343750 3645.019775 3229.893311 2682.351318,
 1362.800049 1289.355957 1412.952026 1550.892578 1523.362671 1453.125488 1465.788574 1327.179688 1680.670776 2451.154297 2901.524414 2504.702148 1764.101196 1378.997314 1347.067383 2378.624512 4116.679199 5041.487793 4144.520020 2424.677246 1386.256592 1401.739746 2784.865234 5006.017578 6160.295898 5006.017578 2784.865234 1401.739746 1386.256592 2424.677246 4144.520020 5041.487793 4116.679199 2378.624512 1347.067383 1378.997314 1764.101196 2504.702148 2901.524414 2451.154297 1680.670776 1327.179688 1465.788574 1453.125488 1523.362671 1550.892578 1412.952026 1289.355957 1362.800049,
 1179.840332 1206.250610 864.961060 728.678955 978.410156 1249.826538 1324.536133 1341.805664 1211.351929 1111.616211 1249.503052 1265.901611 1286.828247 1444.922119 1114.907104 1252.569458 2224.263916 3039.455811 2345.459717 1366.810913 1273.083618 1036.207520 1391.162964 3035.391602 4207.602051 3035.391602 1391.162964 1036.207520 1273.083618 1366.810913 2345.459717 3039.455811 2224.263916 1252.569458 1114.907104 1444.922119 1286.828247 1265.901611 1249.503052 1111.616211 1211.351929 1341.805664 1324.536133 1249.826538 978.410156 728.678955 864.961060 1206.250610 1179.840332,
 -232.440979 69.021912 326.137634 578.468872 916.076477 1178.870605 1135.703369 206.173889 519.780762 736.210205 893.472900 1072.136841 1285.315674 1271.123291 525.566650 938.350647 1449.491211 1748.251953 1538.833740 1224.604614 1006.233154 710.053223 1151.036255 1871.792480 2312.038574 1871.792480 1151.036255 710.053223 1006.233154 1224.604614 1538.833740 1748.251953 1449.491211 938.350647 525.566650 1271.123291 1285.315674 1072.136841 893.472900 736.210205 519.780762 206.173889 1135.703369 1178.870605 916.076477 578.468872 326.137634 69.021912 -232.440979,
 -538.863770 -762.169678 -770.951538 -461.942627 -19.765350 200.047974 70.918549 -681.416992 -698.693298 -321.954041 307.306244 758.919495 692.389954 204.864899 -621.108032 -224.024780 541.229004 1222.916504 1317.619995 779.215332 20.921173 -332.377838 406.288269 1266.224121 1660.138916 1266.224121 406.288269 -332.377838 20.921173 779.215332 1317.619995 1222.916504 541.229004 -224.024780 -621.108032 204.864899 692.389954 758.919495 307.306244 -321.954041 -698.693298 -681.416992 70.918549 200.047974 -19.765350 -461.942627 -770.951538 -762.169678 -538.863770,

Auto-correlations of the modulus of each oriented sub-band
 77.065414 85.985756 93.893723 96.908813 93.397690 85.311531 76.729660 96.313667 110.763702 123.515266 128.494736 123.099236 110.209991 96.065636 115.368149 135.499680 153.399353 160.523987 153.064148 135.065201 115.127945 123.495468 146.295944 166.918030 175.401382 166.918030 146.295944 123.495468 115.127945 135.065201 153.064148 160.523987 153.399353 135.499680 115.368149 96.065636 110.209991 123.099236 128.494736 123.515266 110.763702 96.313667 76.729660 85.311531 93.397690 96.908813 93.893723 85.985756 77.065414,
 112.641220 116.253258 117.231331 113.670891 104.995659 92.671272 79.392136 119.134064 133.686829 144.037415 144.435394 133.344543 114.303764 93.019089 121.114983 145.899628 166.077972 171.654816 159.005341 134.256561 106.351540 116.602402 146.356201 172.254761 183.080338 172.254761 146.356201 116.602402 106.351540 134.256561 159.005341 171.654816 166.077972 145.899628 121.114983 93.019089 114.303764 133.344543 144.435394 144.037415 133.686829 119.134064 79.392136 92.671272 104.995659 113.670891 117.231331 116.253258 112.641220,
 70.557335 89.641487 109.749863 119.665756 112.570877 94.194374 75.006371 79.395248 103.696831 129.019989 141.182663 131.075836 107.159096 82.946686 88.236748 117.009422 146.732132 160.877350 147.818741 118.915306 90.272667 92.630836 123.122124 154.344238 169.035919 154.344238 123.122124 92.630836 90.272667 118.915306 147.818741 160.877350 146.732132 117.009422 88.236748 82.946686 107.159096 131.075836 141.182663 129.019989 103.696831 79.395248 75.006371 94.194374 112.570877 119.665756 109.749863 89.641487 70.557335,
 76.917984 90.388863 102.217697 110.681862 114.500793 113.658531 109.675919 88.461060 109.245651 127.930595 139.315826 139.354996 128.870255 113.799484 99.728165 126.987236 151.911209 165.237427 159.850693 139.105148 113.915298 108.880341 138.489716 165.068390 176.371658 165.068390 138.489716 108.880341 113.915298 139.105148 159.850693 165.237427 151.911209 126.987236 99.728165 113.799484 128.870255 139.354996 139.315826 127.930595 109.245651 88.461060 109.675919 113.658531 114.500793 110.681862 102.217697 90.388863 76.917984,
 214.737473 227.181564 236.040802 240.018799 238.588074 232.836349 224.641983 265.151825 295.086060 317.920441 325.916931 316.559784 295.142273 269.287140 327.629303 381.074188 425.099091 441.114441 420.871735 376.020538 324.720123 355.296722 420.919434 478.457031 502.712494 478.457031 420.919434 355.296722 324.720123 376.020538 420.871735 441.114441 425.099091 381.074188 327.629303 269.287140 295.142273 316.559784 325.916931 317.920441 295.086060 265.151825 224.641983 232.836349 238.588074 240.018799 236.040802 227.181564 214.737473,
 277.524597 297.717865 289.295624 257.113403 218.702057 192.672943 185.086487 310.142853 359.694000 376.393616 347.690552 288.824097 232.618256 200.102722 308.648712 388.325562 447.526093 446.221191 380.787689 295.384827 230.793121 274.029480 360.210815 450.643219 492.687103 450.643219 360.210815 274.029480 230.793121 295.384827 380.787689 446.221191 447.526093 388.325562 308.648712 200.102722 232.618256 288.824097 347.690552 376.393616 359.694000 310.142853 185.086487 192.672943 218.702057 257.113403 289.295624 297.717865 277.524597,
 176.725021 224.249176 285.798706 320.595306 296.458313 237.371613 185.324722 183.037781 247.390472 334.280731 382.647919 344.008087 259.500641 192.184875 190.097809 268.083130 376.103851 435.393005 381.617340 275.124756 195.992615 195.320587 278.851929 395.039917 457.458496 395.039917 278.851929 195.320587 195.992615 275.124756 381.617340 435.393005 376.103851 268.083130 190.097809 192.184875 259.500641 344.008087 382.647919 334.280731 247.390472 183.037781 185.324722 237.371613 296.458313 320.595306 285.798706 224.249176 176.725021,
 169.561554 192.190094 232.021118 280.948212 319.126953 325.858490 297.486847 195.653320 242.664551 309.475525 374.081329 403.164124 379.294312 318.453979 232.423370 308.215332 400.276184 467.621796 466.704651 400.301086 310.672089 276.084229 371.479431 467.252625 510.430542 467.252625 371.479431 276.084229 310.672089 400.301086 466.704651 467.621796 400.276184 308.215332 232.423370 318.453979 379.294312 403.164124 374.081329 309.475525 242.664551 195.653320 297.486847 325.858490 319.126953 280.948212 232.021118 192.190094 169.561554,
 87.799835 105.852806 124.781883 134.569733 130.159836 118.503059 110.707138 134.780930 164.025406 193.172333 207.895950 198.483948 171.108658 141.494919 191.348419 262.685120 332.990631 364.091309 335.921234 267.112610 194.351044 220.174423 321.601471 425.601013 472.507660 425.601013 321.601471 220.174423 194.351044 267.112610 335.921234 364.091309 332.990631 262.685120 191.348419 141.494919 171.108658 198.483948 207.895950 193.172333 164.025406 134.780930 110.707138 118.503059 130.159836 134.569733 124.781883 105.852806 87.799835,
 165.345703 220.581085 244.619675 219.249832 174.780411 149.630157 150.818726 200.252670 292.772919 359.675293 336.043518 253.421494 187.327118 161.302567 215.387512 333.349884 459.539856 476.252014 365.771790 244.752106 181.495239 204.291382 308.661072 461.942535 546.563171 461.942535 308.661072 204.291382 181.495239 244.752106 365.771790 476.252014 459.539856 333.349884 215.387512 161.302567 187.327118 253.421494 336.043518 359.675293 292.772919 200.252670 150.818726 149.630157 174.780411 219.249832 244.619675 220.581085 165.345703,
 63.764820 91.647858 145.329453 181.496994 163.369217 135.706116 139.386703 84.074699 129.014023 217.874023 276.138580 224.822662 157.487076 144.673218 106.222290 160.177475 282.150085 368.524353 282.762146 173.618668 140.292358 126.595566 176.219513 308.106506 409.154724 308.106506 176.219513 126.595566 140.292358 173.618668 282.762146 368.524353 282.150085 160.177475 106.222290 144.673218 157.487076 224.822662 276.138580 217.874023 129.014023 84.074699 139.386703 135.706116 163.369217 181.496994 145.329453 91.647858 63.764820,
 132.583603 128.374603 144.698166 184.615860 213.190048 195.512115 151.791580 153.303619 171.996887 229.848892 302.585938 321.758423 262.974335 187.568695 184.302063 242.557846 350.169312 442.118042 424.639771 316.148773 216.887756 214.009369 308.221191 441.404327 511.402039 441.404327 308.221191 214.009369 216.887756 316.148773 424.639771 442.118042 350.169312 242.557846 184.302063 187.568695 262.974335 321.758423 302.585938 229.848892 171.996887 153.303619 151.791580 195.512115 213.190048 184.615860 144.698166 128.374603 132.583603,
 -17.175922 -14.507174 -5.120418 7.355544 16.546190 17.327085 12.522588 -8.955462 -3.800191 4.835192 15.187382 23.775091 25.653633 19.642895 0.717535 17.857941 38.038597 49.862991 47.718117 36.698853 24.164339 15.044003 38.532166 67.025314 81.035622 67.025314 38.532166 15.044003 24.164339 36.698853 47.718117 49.862991 38.038597 17.857941 0.717535 19.642895 25.653633 23.775091 15.187382 4.835192 -3.800191 -8.955462 12.522588 17.327085 16.546190 7.355544 -5.120418 -14.507174 -17.175922,
 -6.155294 4.238934 14.919757 20.192438 23.320690 25.547377 22.523916 1.379154 26.368382 47.822979 51.124695 41.980396 34.819050 26.277843 7.796068 43.089111 80.142807 90.074051 66.952850 41.283295 24.075552 15.628862 46.121353 87.543671 111.171631 87.543671 46.121353 15.628862 24.075552 41.283295 66.952850 90.074051 80.142807 43.089111 7.796068 26.277843 34.819050 41.980396 51.124695 47.822979 26.368382 1.379154 22.523916 25.547377 23.320690 20.192438 14.919757 4.238934 -6.155294,
 -7.817093 22.219112 48.015362 50.175091 44.042645 28.702000 12.560953 0.784751 33.440975 78.009422 91.929649 64.967186 35.230503 14.228994 6.084375 39.287498 98.583656 133.110596 87.468315 38.632103 12.477669 9.377456 40.400734 101.899826 151.701736 101.899826 40.400734 9.377456 12.477669 38.632103 87.468315 133.110596 98.583656 39.287498 6.084375 14.228994 35.230503 64.967186 91.929649 78.009422 33.440975 0.784751 12.560953 28.702000 44.042645 50.175091 48.015362 22.219112 -7.817093,
 -10.419586 -1.474613 16.354942 47.551285 76.371574 84.990494 76.189232 24.573460 39.256023 68.552849 107.702789 129.201813 119.358658 94.882217 58.523983 82.828827 125.094566 164.935699 166.915985 133.908188 98.140839 84.859184 119.531288 166.419708 190.969986 166.419708 119.531288 84.859184 98.140839 133.908188 166.915985 164.935699 125.094566 82.828827 58.523983 94.882217 119.358658 129.201813 107.702789 68.552849 39.256023 24.573460 76.189232 84.990494 76.371574 47.551285 16.354942 -1.474613 -10.419586,

Pairwise cross-correlations of the modulus of all oriented sub-bands at the same scale (size QxQ)
 175.401413 122.051979 67.217079 113.643456,
 122.051979 183.080353 116.538147 74.532578,
 67.217079 116.538147 169.035950 117.578804,
 113.643456 74.532578 117.578804 176.371689,
 502.712555 400.985931 341.728058 404.730011,
 400.985931 492.687164 369.601868 357.045746,
 341.728058 369.601868 457.458588 387.850647,
 404.730011 357.045746 387.850647 510.430603,
 472.507721 371.720581 278.685486 367.788025,
 371.720581 546.563232 335.672424 327.081177,
 278.685486 335.672424 409.154785 323.235657,
 367.788025 327.081177 323.235657 511.402069,
 81.035622 36.924187 42.362015 83.691109,
 36.924187 111.171646 73.451546 50.528980,
 42.362015 73.451546 151.701752 114.769730,
 83.691109 50.528980 114.769730 190.970001,

Cross-correlations of the modulus of all oriented sub-bands with all oriented sub-bands at the coarser scale (size QxQ)
 253.307388 206.573807 155.395874 203.868271,
 213.788971 258.577271 199.311935 179.426315,
 163.214462 198.517685 232.379364 208.861694,
 210.208405 167.234161 203.665283 259.052460,
 357.482452 346.854767 292.922089 354.574280,
 331.196594 381.522400 302.871979 327.462646,
 295.517426 341.000122 312.009155 317.829620,
 336.874420 331.078125 304.599121 373.480408,
 105.611450 109.570587 121.862419 165.372437,
 91.083206 135.303177 145.945007 146.374435,
 76.399384 102.967468 118.676437 131.603149,
 108.124771 119.304962 111.746887 161.249908,

Cross-correlations of the real part of each oriented sub-band with both the real and imaginary part of all phase-doubled oriented sub-bands at the next coarser scale (Q matrices of size 1x2Q, which are computed and stored in a matrix of size Qx2Q)
 103.847885 49.419502 5.813180 42.495560 -1.888889 -5.393507 0.405024 -2.755245,
 49.214592 110.440323 48.150528 4.181241 -3.068892 -3.494722 3.199084 -0.740972,
 5.110063 47.783344 105.716560 47.036800 -0.641469 3.496357 1.622822 -0.873514,
 43.875450 4.434471 47.810909 102.253754 -0.058985 0.414053 -0.023065 -2.304617,
 -130.348694 -67.409653 -6.802018 -63.603317 -8.006355 4.941839 2.724694 -5.858824,
 -59.968002 -156.023575 -69.862335 -10.965244 0.180282 24.366367 16.186720 0.479620,
 -8.989446 -63.511658 -139.629959 -49.294582 1.169798 16.959507 24.205957 4.254958,
 -61.223804 -4.823390 -48.613102 -118.363258 -2.763807 -0.504170 10.351128 -3.062920,
 -64.091080 -40.354630 2.992784 -17.333054 14.984806 11.244247 3.467911 -12.352111,
 -46.621796 -91.284698 -26.613495 -3.769332 3.678884 57.883087 27.061239 -1.050442,
 -5.937685 -32.093227 -55.067165 -8.176283 5.536447 42.586594 45.256470 -5.915557,
 -20.339176 -1.643414 -8.772358 -22.732355 21.337328 3.315111 19.925695 -21.879341,
