Low-band skewness and kurtosis
 -2.304805 6.629895,
 -2.349965 7.267636,
 -1.967333 6.024693,
 -1.724544 5.402351,
 -1.286195 3.738098,

High-band variance
 125.346916,

Skewness, kurtosis, variance, mean, maximum and minimum of the reconstructed texture
 -2.294897 6.408093 6357.560547 224.029602 255.000000 0.000000,

Auto-correlations of the low-frequency bands at each scale
 3011.960938 3441.258789 3758.209229 3881.232666 3750.026123 3392.252930 2891.859375 3472.134766 4068.060059 4583.308594 4800.028320 4563.460938 4006.938477 3353.664062 3784.806641 4593.291504 5397.445801 5760.274902 5381.978027 4553.600098 3716.008789 3877.430664 4799.776855 5759.819336 6204.291992 5759.819336 4799.776855 3877.430664 3716.008789 4553.600098 5381.978027 5760.274902 5397.445801 4593.291504 3784.806641 3353.664062 4006.938477 4563.460938 4800.028320 4583.308594 4068.060059 3472.134766 2891.859375 3392.252930 3750.026123 3881.232666 3758.209229 3441.258789 3011.960938,
 1587.509155 1659.645630 1827.314209 1997.332275 1955.687744 1760.242065 1604.280884 1774.781250 2154.213135 2774.077148 3126.228027 2754.098633 2014.153931 1510.662598 1908.654907 2831.080811 4182.585938 4872.692383 4119.605469 2658.186279 1642.240601 1857.525635 3102.406738 4875.212891 5775.563965 4875.212891 3102.406738 1857.525635 1642.240601 2658.186279 4119.605469 4872.692383 4182.585938 2831.080811 1908.654907 1510.662598 2014.153931 2754.098633 3126.228027 2774.077148 2154.213135 1774.781250 1604.280884 1760.242065 1955.687744 1997.332275 1827.314209 1659.645630 1587.509155,
 472.209167 1003.565308 1277.605957 1434.441406 1623.445801 1796.386353 1777.008545 791.956787 1158.010498 1566.881958 1850.967773 1738.545776 1545.879150 1455.268555 1078.787354 1477.373657 2562.302002 3272.577881 2494.924561 1362.107056 1007.684814 1035.911987 1560.703003 3183.048340 4253.274414 3183.048340 1560.703003 1035.911987 1007.684814 1362.107056 2494.924561 3272.577881 2562.302002 1477.373657 1078.787354 1455.268555 1545.879150 1738.545776 1850.967773 1566.881958 1158.010498 791.956787 1777.008545 1796.386353 1623.445801 1434.441406 1277.605957 1003.565308 472.209167,
 -634.029358 -389.989441 170.499329 666.919922 903.576599 1255.997803 1506.795898 -314.307495 -46.254211 667.643677 1340.250732 1421.840210 1396.830566 1375.488525 108.526581 454.617798 1396.491333 2174.787109 1858.096558 1288.543823 1046.755249 600.079956 975.001587 1946.706909 2633.291992 1946.706909 975.001587 600.079956 1046.755249 1288.543823 1858.096558 2174.787109 1396.491333 454.617798 108.526581 1375.488525 1396.830566 1421.840210 1340.250732 667.643677 -46.254211 -314.307495 1506.795898 1255.997803 903.576599 666.919922 170.499329 -389.989441 -634.029358,
 -365.994934 -826.793335 -999.464722 -702.317322 -13.045197 584.889160 645.585205 -838.609985 -1008.899048 -637.601929 153.179977 871.557983 1009.642090 509.667938 -966.748657 -645.207520 308.473816 1283.757568 1459.437012 802.313354 -68.242584 -674.216919 105.659996 1254.807373 1845.253906 1254.807373 105.659996 -674.216919 -68.242584 802.313354 1459.437012 1283.757568 308.473816 -645.207520 -966.748657 509.667938 1009.642090 871.557983 153.179977 -637.601929 -1008.899048 -838.609985 645.585205 584.889160 -13.045197 -702.317322 -999.464722 -826.793335 -365.994934,

Auto-correlations of the modulus of each oriented sub-band
 70.062073 77.119995 83.793198 86.597931 83.955429 77.312866 69.857864 86.607399 97.797600 107.786278 111.598694 107.043129 96.356743 84.420937 102.066864 118.101067 132.255356 137.738297 131.492813 116.660744 100.034515 107.971573 126.630875 143.306549 150.135071 143.306549 126.630875 107.971573 100.034515 116.660744 131.492813 137.738297 132.255356 118.101067 102.066864 84.420937 96.356743 107.043129 111.598694 107.786278 97.797600 86.607399 69.857864 77.312866 83.955429 86.597931 83.793198 77.119995 70.062073,
 92.051407 97.483963 100.119713 98.475410 92.745674 84.396347 74.989563 97.898132 111.647499 121.508476 122.450775 113.891151 99.529442 83.881134 100.878693 122.083588 139.650665 144.569397 134.088776 114.194412 92.682495 99.044220 123.121872 144.830185 154.079910 144.830185 123.121872 99.044220 92.682495 114.194412 134.088776 144.569397 139.650665 122.083588 100.878693 83.881134 99.529442 113.891151 122.450775 121.508476 111.647499 97.898132 74.989563 84.396347 92.745674 98.475410 100.119713 97.483963 92.051407,
 69.327530 85.495224 102.246712 110.384460 104.578514 89.862213 75.333832 76.940163 96.702126 117.459114 127.274078 118.879311 99.501305 80.930138 84.080353 106.898247 131.216904 142.701752 131.805801 108.192055 85.985413 87.536369 111.387810 136.956757 149.111542 136.956757 111.387810 87.536369 85.985413 108.192055 131.805801 142.701752 131.216904 106.898247 84.080353 80.930138 99.501305 118.879311 127.274078 117.459114 96.702126 76.940163 75.333832 89.862213 104.578514 110.384460 102.246712 85.495224 69.327530,
 77.800751 87.621689 96.125519 101.877579 103.527237 101.179611 96.496521 86.152626 101.464989 115.505188 123.948074 123.107864 113.709023 100.774055 94.013115 114.757668 134.288147 144.824280 140.013275 122.752922 102.274208 99.868179 123.156891 144.665192 154.001572 144.665192 123.156891 99.868179 102.274208 122.752922 140.013275 144.824280 134.288147 114.757668 94.013115 100.774055 113.709023 123.107864 123.948074 115.505188 101.464989 86.152626 96.496521 101.179611 103.527237 101.877579 96.125519 87.621689 77.800751,
 184.297852 200.132080 213.184402 220.486221 219.026566 209.128845 194.517487 215.556549 240.874512 262.827759 273.344635 266.157776 244.352661 216.888519 257.041565 298.640228 335.700623 352.074097 337.163940 299.514313 256.035095 277.185883 328.638489 375.089417 395.062683 375.089417 328.638489 277.185883 256.035095 299.514313 337.163940 352.074097 335.700623 298.640228 257.041565 216.888519 244.352661 266.157776 273.344635 262.827759 240.874512 215.556549 194.517487 209.128845 219.026566 220.486221 213.184402 200.132080 184.297852,
 222.395935 245.128922 248.377762 232.128632 206.993820 184.274948 168.576599 246.992432 288.475281 308.193298 293.129272 252.964661 209.991150 177.975464 250.868835 311.134521 357.979126 360.188049 314.215332 251.606567 199.691681 229.844437 295.001099 361.857605 392.676910 361.857605 295.001099 229.844437 199.691681 251.606567 314.215332 360.188049 357.979126 311.134521 250.868835 177.975464 209.991150 252.964661 293.129272 308.193298 288.475281 246.992432 168.576599 184.274948 206.993820 232.128632 248.377762 245.128922 222.395935,
 167.833466 222.188416 285.997314 324.757263 314.936707 270.863708 218.074097 184.039047 251.719177 330.532654 373.993713 350.100525 285.157104 218.260727 199.502563 278.568146 370.433258 418.230225 380.082489 295.209869 216.402588 210.732773 294.445007 389.915253 437.285400 389.915253 294.445007 210.732773 216.402588 295.209869 380.082489 418.230225 370.433258 278.568146 199.502563 218.260727 285.157104 350.100525 373.993713 330.532654 251.719177 184.039047 218.074097 270.863708 314.936707 324.757263 285.997314 222.188416 167.833466,
 170.290268 198.732819 236.024719 277.102051 306.959412 308.260712 278.756226 188.798477 231.867859 287.345551 339.376862 360.983917 337.993774 284.499115 213.888458 277.100464 350.932709 404.076874 401.932953 346.873901 272.816498 245.440552 323.368042 400.109375 434.496521 400.109375 323.368042 245.440552 272.816498 346.873901 401.932953 404.076874 350.932709 277.100464 213.888458 284.499115 337.993774 360.983917 339.376862 287.345551 231.867859 188.798477 278.756226 308.260712 306.959412 277.102051 236.024719 198.732819 170.290268,
 109.031326 134.448608 170.160004 209.787811 237.780670 241.391357 222.194138 130.884399 166.017807 214.339722 258.321869 274.863464 254.532974 211.690765 183.491104 247.034271 321.523682 368.958130 355.471252 288.889069 209.992722 221.168579 315.100433 412.023590 456.443787 412.023590 315.100433 221.168579 209.992722 288.889069 355.471252 368.958130 321.523682 247.034271 183.491104 211.690765 254.532974 274.863464 258.321869 214.339722 166.017807 130.884399 222.194138 241.391357 237.780670 209.787811 170.160004 134.448608 109.031326,
 107.119003 164.139343 199.878952 205.387115 192.262009 174.936768 167.485214 147.179718 222.283676 277.145874 280.752014 247.299789 208.278336 180.569885 176.986160 265.053375 349.922363 369.097565 314.269653 242.829727 189.955093 190.510895 269.025787 365.478271 415.134705 365.478271 269.025787 190.510895 189.955093 242.829727 314.269653 369.097565 349.922363 265.053375 176.986160 180.569885 208.278336 247.299789 280.752014 277.145874 222.283676 147.179718 167.485214 174.936768 192.262009 205.387115 199.878952 164.139343 107.119003,
 81.249886 152.620438 229.793549 273.434692 254.217377 210.086655 183.569885 124.505936 203.293655 303.870575 359.389374 317.542328 243.893539 200.148575 162.649185 245.168549 370.071320 443.136749 375.572968 266.387482 203.189590 190.414978 268.238922 399.137604 480.641174 399.137604 268.238922 190.414978 203.189590 266.387482 375.572968 443.136749 370.071320 245.168549 162.649185 200.148575 243.893539 317.542328 359.389374 303.870575 203.293655 124.505936 183.569885 210.086655 254.217377 273.434692 229.793549 152.620438 81.249886,
 165.302246 211.720718 248.402222 281.562286 307.020020 310.616791 290.384827 202.207626 253.316040 312.877930 375.241669 403.054810 366.191162 294.802124 228.317856 302.225677 407.439331 497.471558 492.413086 391.076630 278.884399 252.268494 359.589996 494.483246 563.111877 494.483246 359.589996 252.268494 278.884399 391.076630 492.413086 497.471558 407.439331 302.225677 228.317856 294.802124 366.191162 403.054810 375.241669 312.877930 253.316040 202.207626 290.384827 310.616791 307.020020 281.562286 248.402222 211.720718 165.302246,
 -55.308453 -22.913734 10.065304 44.071857 78.074966 107.194069 122.477722 6.540131 58.604092 97.815880 120.070007 127.850136 125.585190 114.183220 60.104671 132.418503 186.655960 206.042725 189.658646 151.200882 105.058517 92.591568 164.899948 225.237305 249.851288 225.237305 164.899948 92.591568 105.058517 151.200882 189.658646 206.042725 186.655960 132.418503 60.104671 114.183220 125.585190 127.850136 120.070007 97.815880 58.604092 6.540131 122.477722 107.194069 78.074966 44.071857 10.065304 -22.913734 -55.308453,
 -14.876633 2.702393 16.792524 29.010094 43.593933 58.212761 63.123390 5.580236 35.415184 59.362503 66.562195 63.287231 60.573212 58.563507 21.736231 61.786457 103.713799 116.148766 93.688576 64.635139 46.881935 34.272121 68.984238 116.703247 141.925812 116.703247 68.984238 34.272121 46.881935 64.635139 93.688576 116.148766 103.713799 61.786457 21.736231 58.563507 60.573212 63.287231 66.562195 59.362503 35.415184 5.580236 63.123390 58.212761 43.593933 29.010094 16.792524 2.702393 -14.876633,
 -21.607958 -0.045975 25.240917 40.199635 41.686840 38.191235 29.523912 -8.140717 19.707584 52.251804 66.963272 56.049702 40.553616 26.562309 5.900968 37.639118 79.432533 99.389206 75.984764 43.855648 22.002415 15.770630 45.328552 88.754654 115.500999 88.754654 45.328552 15.770630 22.002415 43.855648 75.984764 99.389206 79.432533 37.639118 5.900968 26.562309 40.553616 56.049702 66.963272 52.251804 19.707584 -8.140717 29.523912 38.191235 41.686840 40.199635 25.240917 -0.045975 -21.607958,
 -42.823025 -12.030071 20.026104 43.123512 60.210056 77.036301 87.581131 -26.141058 9.511890 43.674328 71.263123 89.746323 95.544434 88.766373 2.835979 43.932247 87.960335 126.355637 135.519897 113.445099 82.774994 49.173466 92.674278 140.047394 165.507812 140.047394 92.674278 49.173466 82.774994 113.445099 135.519897 126.355637 87.960335 43.932247 2.835979 88.766373 95.544434 89.746323 71.263123 43.674328 9.511890 -26.141058 87.581131 77.036301 60.210056 43.123512 20.026104 -12.030071 -42.823025,

Pairwise cross-correlations of the modulus of all oriented sub-bands at the same scale (size QxQ)
 150.135071 108.294189 67.706932 101.547165,
 108.294189 154.079926 104.921822 71.954323,
 67.706932 104.921822 149.111526 107.496712,
 101.547165 71.954323 107.496712 154.001602,
 395.062714 322.316589 300.271820 332.341827,
 322.316589 392.676941 329.995270 301.338623,
 300.271820 329.995270 437.285400 365.781006,
 332.341827 301.338623 365.781006 434.496552,
 456.443848 327.658997 290.626312 360.241150,
 327.658997 415.134766 323.021667 330.181213,
 290.626312 323.021667 480.641266 433.778381,
 360.241150 330.181213 433.778381 563.111938,
 249.851318 127.477295 82.091484 150.610672,
 127.477295 141.925827 80.040604 53.255394,
 82.091484 80.040604 115.501007 76.251564,
 150.610672 53.255394 76.251564 165.507797,

Cross-correlations of the modulus of all oriented sub-bands with all oriented sub-bands at the coarser scale (size QxQ)
 210.731613 176.697067 150.031448 178.102066,
 182.639374 214.203842 187.143097 156.942215,
 144.833069 176.075958 218.679962 186.434662,
 178.441605 151.571640 191.205673 222.082153,
 334.380096 296.084137 269.493652 333.605713,
 298.428894 321.171722 294.956268 314.042358,
 277.213959 306.915192 346.985840 370.222137,
 322.285034 287.911377 325.019287 399.771027,
 184.530243 131.492035 104.187798 158.499283,
 181.893295 133.625702 90.830673 137.666290,
 168.366394 110.211983 137.852600 149.493439,
 223.822266 127.221931 147.614624 193.530716,

Cross-correlations of the real part of each oriented sub-band with both the real and imaginary part of all phase-doubled oriented sub-bands at the next coarser scale (Q matrices of size 1x2Q, which are computed and stored in a matrix of size Qx2Q)
 72.118095 35.592159 2.282588 24.658344 2.185724 -0.184739 0.005380 2.165235,
 35.622059 77.219864 34.851139 3.006331 0.761642 0.354702 -1.382949 0.131177,
 3.164074 34.442402 78.764854 30.051968 -0.823441 -1.999577 0.150596 1.184390,
 28.409430 3.902132 32.893589 59.797356 -0.846545 -0.885549 1.295668 4.148906,
 -92.777023 -46.405457 -0.305513 -21.003986 7.998771 8.341800 0.519492 12.851964,
 -59.116169 -77.101601 -36.671970 -2.726737 7.277446 7.735364 -5.500019 -2.273522,
 -4.197027 -26.836029 -80.346710 -20.353483 2.949492 -4.392266 -4.599959 16.641472,
 -27.003183 -4.427294 -23.517761 -49.046112 1.560487 -0.826248 3.300915 46.357040,
 -11.335228 -3.611310 2.850773 2.235935 36.411484 32.543625 1.335358 42.101589,
 -20.544556 -6.351684 -17.442619 -2.175776 37.995079 34.280663 -12.189645 -7.963478,
 -1.657743 -11.533114 -43.596916 -7.762375 1.171725 5.062471 -65.238197 -4.780514,
 5.589590 -3.763542 -12.427502 -6.267506 -6.971586 1.682597 -38.143284 72.263634,
