Low-band skewness and kurtosis
 -2.288705 6.587800,
 -2.349994 7.360063,
 -1.790426 5.237705,
 -1.439579 4.081349,
 -1.611436 4.552371,

High-band variance
 138.330719,

Skewness, kurtosis, variance, mean, maximum and minimum of the reconstructed texture
 -2.276690 6.336204 6369.429688 223.698486 255.000000 0.000000,

Auto-correlations of the low-frequency bands at each scale
 2583.921387 3059.584473 3435.599121 3614.391602 3534.861816 3220.192871 2752.451660 3099.500488 3744.714111 4340.865234 4638.019531 4452.530273 3911.661865 3256.861816 3502.892334 4369.269043 5267.358398 5707.121582 5342.622070 4476.363770 3595.709229 3689.493652 4674.710449 5716.814453 6200.981445 5716.814453 4674.710449 3689.493652 3595.709229 4476.363770 5342.622070 5707.121582 5267.358398 4369.269043 3502.892334 3256.861816 3911.661865 4452.530273 4638.019531 4340.865234 3744.714111 3099.500488 2752.451660 3220.192871 3534.861816 3614.391602 3435.599121 3059.584473 2583.921387,
 1513.158447 1410.139771 1515.739136 1647.125732 1520.204956 1301.913696 1319.465332 1482.165527 1684.281006 2337.460449 2796.595215 2472.444824 1795.797119 1504.601318 1667.889648 2430.377686 3877.824707 4724.591309 4010.038086 2573.048096 1741.892578 1828.692505 2917.991211 4758.365234 5736.033691 4758.365234 2917.991211 1828.692505 1741.892578 2573.048096 4010.038086 4724.591309 3877.824707 2430.377686 1667.889648 1504.601318 1795.797119 2472.444824 2796.595215 2337.460449 1684.281006 1482.165527 1319.465332 1301.913696 1520.204956 1647.125732 1515.739136 1410.139771 1513.158447,
 1124.604370 1475.729492 1491.758911 1197.146851 986.271423 1108.663574 1289.396851 1239.909790 1417.633423 1552.592773 1500.875977 1217.144775 1113.879761 1176.463989 1253.941162 1498.850098 2357.816895 2950.802490 2326.620117 1470.253906 1216.979248 1276.188110 1697.769043 3050.998291 3969.733887 3050.998291 1697.769043 1276.188110 1216.979248 1470.253906 2326.620117 2950.802490 2357.816895 1498.850098 1253.941162 1176.463989 1113.879761 1217.144775 1500.875977 1552.592773 1417.633423 1239.909790 1289.396851 1108.663574 986.271423 1197.146851 1491.758911 1475.729492 1124.604370,
 -167.493286 370.153381 683.294434 681.060852 795.688354 1049.217285 940.436401 104.645264 628.708374 1100.264648 1164.230835 1066.079590 1158.684326 1134.804199 445.870789 925.394043 1649.840942 1939.943115 1543.920532 1171.325195 1076.380859 797.164368 1132.446045 1912.377197 2409.592773 1912.377197 1132.446045 797.164368 1076.380859 1171.325195 1543.920532 1939.943115 1649.840942 925.394043 445.870789 1134.804199 1158.684326 1066.079590 1164.230835 1100.264648 628.708374 104.645264 940.436401 1049.217285 795.688354 681.060852 683.294434 370.153381 -167.493286,
 -594.454834 -654.669189 -560.618347 -340.077728 -139.576721 -139.307648 -304.244019 -545.564148 -492.034485 -99.748535 401.610962 624.372742 428.723633 7.383789 -428.251923 -58.488922 686.354736 1306.824829 1283.398438 719.736572 57.392670 -163.993118 497.285492 1336.440552 1750.742188 1336.440552 497.285492 -163.993118 57.392670 719.736572 1283.398438 1306.824829 686.354736 -58.488922 -428.251923 7.383789 428.723633 624.372742 401.610962 -99.748535 -492.034485 -545.564148 -304.244019 -139.307648 -139.576721 -340.077728 -560.618347 -654.669189 -594.454834,

Auto-correlations of the modulus of each oriented sub-band
 72.032501 79.555679 86.848595 90.263382 88.080757 81.629822 74.146576 89.264748 100.903313 111.497383 115.899796 111.912743 101.720375 90.155540 105.845245 122.138458 136.746384 142.575623 136.571182 122.039597 105.876404 112.898087 131.453033 148.314529 155.281387 148.314529 131.453033 112.898087 105.876404 122.039597 136.571182 142.575623 136.746384 122.138458 105.845245 90.155540 101.720375 111.912743 115.899796 111.497383 100.903313 89.264748 74.146576 81.629822 88.080757 90.263382 86.848595 79.555679 72.032501,
 118.901154 124.369156 126.061356 122.256508 113.080185 100.244705 86.338516 122.015587 136.892532 147.361069 147.714722 136.852188 118.517303 98.308495 122.434830 145.711533 164.925232 170.331299 158.452271 135.333450 109.783264 118.401443 145.586945 169.723907 179.898727 169.723907 145.586945 118.401443 109.783264 135.333450 158.452271 170.331299 164.925232 145.711533 122.434830 98.308495 118.517303 136.852188 147.714722 147.361069 136.892532 122.015587 86.338516 100.244705 113.080185 122.256508 126.061356 124.369156 118.901154,
 77.602425 94.420105 109.607330 115.199013 107.125443 90.500717 73.825691 83.998474 104.852455 124.742867 132.948944 123.001549 102.175255 81.573044 89.894501 114.130493 138.251480 149.068176 137.328598 112.731567 88.674911 91.942154 117.444214 143.453674 155.724426 143.453674 117.444214 91.942154 88.674911 112.731567 137.328598 149.068176 138.251480 114.130493 89.894501 81.573044 102.175255 123.001549 132.948944 124.742867 104.852455 83.998474 73.825691 90.500717 107.125443 115.199013 109.607330 94.420105 77.602425,
 70.348030 81.526505 92.263214 100.029480 102.881683 100.840576 96.042656 80.861969 98.317780 114.677444 124.583420 124.077484 114.321579 101.027191 91.520279 114.312790 135.453079 146.554413 141.531479 123.796661 102.769363 99.520218 124.068459 146.309265 155.806152 146.309265 124.068459 99.520218 102.769363 123.796661 141.531479 146.554413 135.453079 114.312790 91.520279 101.027191 114.321579 124.077484 124.583420 114.677444 98.317780 80.861969 96.042656 100.840576 102.881683 100.029480 92.263214 81.526505 70.348030,
 240.594421 247.964813 253.528168 255.667999 252.470612 243.527191 229.853577 291.303772 314.010284 332.994720 341.717133 335.104584 315.190765 288.178894 343.498627 386.463074 422.819397 438.386902 424.254150 387.398682 342.035370 365.819824 420.283966 466.699890 486.005157 466.699890 420.283966 365.819824 342.035370 387.398682 424.254150 438.386902 422.819397 386.463074 343.498627 288.178894 315.190765 335.104584 341.717133 332.994720 314.010284 291.303772 229.853577 243.527191 252.470612 255.667999 253.528168 247.964813 240.594421,
 309.385620 330.462006 320.708679 286.003876 243.465515 207.842987 184.634262 326.774353 378.485413 397.499054 369.190552 309.581390 249.422180 207.803513 316.557861 396.080933 457.826050 458.283813 393.763550 308.444580 241.619080 282.636414 367.547058 458.132172 500.452850 458.132172 367.547058 282.636414 241.619080 308.444580 393.763550 458.283813 457.826050 396.080933 316.557861 207.803513 249.422180 309.581390 369.190552 397.499054 378.485413 326.774353 184.634262 207.842987 243.465515 286.003876 320.708679 330.462006 309.385620,
 233.624786 293.251221 354.831421 381.121643 346.124023 275.575256 216.373749 237.963882 311.539673 392.848358 429.426270 384.980377 297.772095 226.108871 241.004105 325.241425 424.020721 471.166138 418.887787 317.397736 235.002274 240.575409 328.136383 434.846588 488.682129 434.846588 328.136383 240.575409 235.002274 317.397736 418.887787 471.166138 424.020721 325.241425 241.004105 226.108871 297.772095 384.980377 429.426270 392.848358 311.539673 237.963882 216.373749 275.575256 346.124023 381.121643 354.831421 293.251221 233.624786,
 143.240601 159.197357 189.111511 224.235580 252.301361 263.423126 254.101562 161.384979 194.584702 246.704285 299.355865 326.013306 315.037537 277.604614 191.690414 247.166748 321.996796 380.848389 383.354401 333.368347 268.159424 232.309647 303.874359 382.230377 419.622925 382.230377 303.874359 232.309647 268.159424 333.368347 383.354401 380.848389 321.996796 247.166748 191.690414 277.604614 315.037537 326.013306 299.355865 246.704285 194.584702 161.384979 254.101562 263.423126 252.301361 224.235580 189.111511 159.197357 143.240601,
 59.252861 73.498177 82.050163 83.378014 75.936562 62.321232 49.276573 96.606201 121.903885 144.837173 155.429337 145.198074 118.549789 89.597595 143.103699 205.540726 267.247406 297.681396 275.090363 214.014542 149.214386 174.003555 261.568298 349.343414 388.671387 349.343414 261.568298 174.003555 149.214386 214.014542 275.090363 297.681396 267.247406 205.540726 143.103699 89.597595 118.549789 145.198074 155.429337 144.837173 121.903885 96.606201 49.276573 62.321232 75.936562 83.378014 82.050163 73.498177 59.252861,
 121.865768 173.458633 194.046692 172.930664 127.822449 93.760605 90.476639 149.329422 232.012573 287.824097 273.429047 202.531631 135.671661 108.458817 166.416443 272.444122 375.949921 393.336945 305.203278 196.838470 132.890167 157.995804 256.851929 386.046387 453.665497 386.046387 256.851929 157.995804 132.890167 196.838470 305.203278 393.336945 375.949921 272.444122 166.416443 108.458817 135.671661 202.531631 273.429047 287.824097 232.012573 149.329422 90.476639 93.760605 127.822449 172.930664 194.046692 173.458633 121.865768,
 111.270668 139.622330 209.732300 268.588196 260.765015 213.281693 179.118256 120.583191 178.098801 289.324890 368.821899 333.146851 243.610886 182.017120 137.152237 220.938858 368.203156 464.486694 393.893280 260.072571 174.482162 157.640411 252.696106 410.643738 506.094727 410.643738 252.696106 157.640411 174.482162 260.072571 393.893280 464.486694 368.203156 220.938858 137.152237 182.017120 243.610886 333.146851 368.821899 289.324890 178.098801 120.583191 179.118256 213.281693 260.765015 268.588196 209.732300 139.622330 111.270668,
 83.692963 108.261864 131.697342 161.054413 173.927017 158.632874 139.696930 107.315926 135.310120 182.082596 239.523529 252.558456 210.676392 163.445740 131.303680 179.152359 267.730774 349.060211 334.075134 246.841141 172.169373 156.624817 230.507660 342.884277 407.404022 342.884277 230.507660 156.624817 172.169373 246.841141 334.075134 349.060211 267.730774 179.152359 131.303680 163.445740 210.676392 252.558456 239.523529 182.082596 135.310120 107.315926 139.696930 158.632874 173.927017 161.054413 131.697342 108.261864 83.692963,
 -4.645705 3.965705 12.023167 16.405231 16.868769 14.352009 9.118006 6.188674 18.564049 32.534382 39.928406 37.141399 27.535549 16.095745 28.711819 51.444084 77.417824 90.723938 82.125175 59.395309 36.675625 49.399216 79.713722 112.638306 127.847763 112.638306 79.713722 49.399216 36.675625 59.395309 82.125175 90.723938 77.417824 51.444084 28.711819 16.095745 27.535549 37.141399 39.928406 32.534382 18.564049 6.188674 9.118006 14.352009 16.868769 16.405231 12.023167 3.965705 -4.645705,
 -6.847065 8.126516 17.169685 12.224156 1.489522 -0.965282 7.706411 -7.239412 13.736586 33.927612 33.909012 16.817928 3.253871 4.368021 -4.164173 20.149605 52.702850 61.450279 38.498306 11.705498 2.950660 -0.042059 19.511286 56.504532 77.157913 56.504532 19.511286 -0.042059 2.950660 11.705498 38.498306 61.450279 52.702850 20.149605 -4.164173 4.368021 3.253871 16.817928 33.909012 33.927612 13.736586 -7.239412 7.706411 -0.965282 1.489522 12.224156 17.169685 8.126516 -6.847065,
 -14.400526 5.970033 18.058992 16.731770 17.415350 23.745407 27.950243 -9.227868 20.255384 49.272362 54.502022 38.097557 20.940592 15.847791 -6.882458 25.755951 74.068649 95.465485 63.326916 20.521172 3.133188 -4.445560 23.495089 79.072121 114.730019 79.072121 23.495089 -4.445560 3.133188 20.521172 63.326916 95.465485 74.068649 25.755951 -6.882458 15.847791 20.940592 38.097557 54.502022 49.272362 20.255384 -9.227868 27.950243 23.745407 17.415350 16.731770 18.058992 5.970033 -14.400526,
 -0.358950 3.953243 13.856543 31.001371 48.031525 58.908363 60.866341 15.028175 27.916443 55.722225 88.666367 108.089874 104.765488 86.590828 42.236744 72.816925 119.650398 160.213470 164.087646 132.685226 94.466400 75.926163 118.923843 170.336411 196.571854 170.336411 118.923843 75.926163 94.466400 132.685226 164.087646 160.213470 119.650398 72.816925 42.236744 86.590828 104.765488 108.089874 88.666367 55.722225 27.916443 15.028175 60.866341 58.908363 48.031525 31.001371 13.856543 3.953243 -0.358950,

Pairwise cross-correlations of the modulus of all oriented sub-bands at the same scale (size QxQ)
 155.281403 113.983459 64.350540 107.977882,
 113.983459 179.898743 117.580643 77.047760,
 64.350540 117.580643 155.724426 105.414299,
 107.977882 77.047760 105.414299 155.806152,
 486.005249 399.957092 356.970245 368.428986,
 399.957092 500.452881 390.360168 312.624756,
 356.970245 390.360168 488.682190 361.565979,
 368.428986 312.624756 361.565979 419.622986,
 388.671387 306.710358 246.260590 314.530762,
 306.710358 453.665558 355.446045 284.564148,
 246.260590 355.446045 506.094818 304.356171,
 314.530762 284.564148 304.356171 407.404053,
 127.847778 55.862213 29.040787 121.696793,
 55.862213 77.157921 56.463497 63.825542,
 29.040787 56.463497 114.730026 79.925201,
 121.696793 63.825542 79.925201 196.571869,

Cross-correlations of the modulus of all oriented sub-bands with all oriented sub-bands at the coarser scale (size QxQ)
 237.325211 198.552231 163.868378 179.681641,
 217.643082 265.558014 217.243622 163.222946,
 168.750214 198.646164 239.186523 178.960632,
 204.413116 164.673370 207.680969 218.758362,
 331.791626 332.895172 316.911285 315.983734,
 295.560242 354.959564 316.233490 292.408020,
 276.207489 314.018982 373.941986 320.228729,
 275.698761 272.787964 308.681335 310.282288,
 117.697388 76.786407 96.724495 160.089172,
 104.112999 99.796997 103.888054 150.864258,
 97.570465 96.188171 103.581131 140.050568,
 123.264359 84.327621 113.629425 183.462280,

Cross-correlations of the real part of each oriented sub-band with both the real and imaginary part of all phase-doubled oriented sub-bands at the next coarser scale (Q matrices of size 1x2Q, which are computed and stored in a matrix of size Qx2Q)
 104.383148 48.799175 3.801303 35.445236 -7.663715 -0.231520 -0.492064 0.348539,
 52.694775 108.762047 44.606495 3.854500 -1.440346 6.072497 0.175278 0.777353,
 4.854661 46.632328 85.322922 32.396404 0.557845 3.193096 1.943741 -0.275047,
 39.663746 4.131035 31.790813 74.976234 -3.846948 -0.471512 0.487293 -2.196060,
 -120.625656 -43.612293 -3.757434 -53.755013 8.764021 5.334672 0.138377 -1.939398,
 -50.470333 -95.442055 -48.773094 -1.674156 3.520377 6.168298 -18.510374 -1.445370,
 -1.757840 -38.482021 -79.024246 -2.662891 1.222460 -6.345901 -25.140581 3.390789,
 -49.740757 -3.230442 -17.061941 -69.274048 4.422678 -1.998022 -4.008550 1.713556,
 -88.974640 -19.975645 -6.664026 -71.405144 24.910282 9.470488 -1.281558 -3.239624,
 -20.349648 -67.246490 -33.999252 -2.867795 5.579099 5.098587 -4.741002 1.469521,
 -7.012922 -41.504898 -65.721588 -33.619049 0.502709 -7.789120 3.438154 4.306204,
 -69.727905 -3.829331 -31.194248 -122.883987 17.506264 -0.062034 3.468382 -4.337006,
