Low-band skewness and kurtosis
 -2.089854 5.709268,
 -2.138916 6.385317,
 -1.525648 4.157354,
 -1.131622 3.487089,
 -0.916991 2.935590,

High-band variance
 162.989655,

Skewness, kurtosis, variance, mean, maximum and minimum of the reconstructed texture
 -2.074981 5.453995 6977.415527 219.862732 255.000000 0.000000,

Auto-correlations of the low-frequency bands at each scale
 2507.661865 3159.054443 3650.699951 3864.451172 3732.468018 3316.663330 2722.734131 3087.466553 3937.510986 4673.947266 5006.038086 4742.658203 4070.781982 3268.092529 3529.658936 4626.616699 5711.161133 6214.604980 5754.963867 4710.721191 3640.651611 3738.327637 4951.888184 6202.295410 6778.807617 6202.295410 4951.888184 3738.327637 3640.651611 4710.721191 5754.963867 6214.604980 5711.161133 4626.616699 3529.658936 3268.092529 4070.781982 4742.658203 5006.038086 4673.947266 3937.510986 3087.466553 2722.734131 3316.663330 3732.468018 3864.451172 3650.699951 3159.054443 2507.661865,
 939.519348 1054.444824 1383.633545 1562.902832 1429.636963 1204.986328 1095.215332 971.987732 1376.032227 2336.738525 2920.468262 2509.670654 1624.661621 1077.524292 1135.350586 2185.086670 4068.335938 5108.934570 4210.294922 2362.213135 1174.332031 1243.401855 2706.695068 5048.133789 6251.727051 5048.133789 2706.695068 1243.401855 1174.332031 2362.213135 4210.294922 5108.934570 4068.335938 2185.086670 1135.350586 1077.524292 1624.661621 2509.670654 2920.468262 2336.738525 1376.032227 971.987732 1095.215332 1204.986328 1429.636963 1562.902832 1383.633545 1054.444824 939.519348,
 811.968262 988.100586 1070.849121 1126.729370 1051.483398 1061.282715 1186.044678 820.055664 838.610107 1111.185913 1416.853394 1164.923950 950.694946 1085.115234 821.486206 1026.791992 2131.811768 3011.717285 2177.259521 1062.142334 869.196167 815.364685 1250.931885 2942.189209 4158.167969 2942.189209 1250.931885 815.364685 869.196167 1062.142334 2177.259521 3011.717285 2131.811768 1026.791992 821.486206 1085.115234 950.694946 1164.923950 1416.853394 1111.185913 838.610107 820.055664 1186.044678 1061.282715 1051.483398 1126.729370 1070.849121 988.100586 811.968262,
 -282.086700 68.657959 578.708496 921.189087 914.093140 736.455566 644.372803 146.334991 398.157776 826.611633 1177.438721 1092.807373 866.540100 796.328491 370.838806 647.054565 1284.624512 1768.987793 1403.203125 835.322021 676.456116 475.234283 777.519409 1615.339600 2191.484131 1615.339600 777.519409 475.234283 676.456116 835.322021 1403.203125 1768.987793 1284.624512 647.054565 370.838806 796.328491 866.540100 1092.807373 1177.438721 826.611633 398.157776 146.334991 644.372803 736.455566 914.093140 921.189087 578.708496 68.657959 -282.086700,
 -542.227844 -544.861206 -474.584381 -290.188843 -44.627899 157.936417 20.705627 -693.517151 -565.097778 -113.216415 352.787323 542.238037 514.985474 177.361450 -615.040100 -236.166367 551.558960 1146.167969 1049.496094 589.936890 54.719543 -297.300354 271.154938 1078.553833 1522.126465 1078.553833 271.154938 -297.300354 54.719543 589.936890 1049.496094 1146.167969 551.558960 -236.166367 -615.040100 177.361450 514.985474 542.238037 352.787323 -113.216415 -565.097778 -693.517151 20.705627 157.936417 -44.627899 -290.188843 -474.584381 -544.861206 -542.227844,

Auto-correlations of the modulus of each oriented sub-band
 79.141045 86.342064 92.950264 95.677887 92.897362 86.081947 78.698036 96.068962 107.905144 118.845818 123.673126 119.734108 109.112495 97.058846 113.504173 130.865036 146.850159 153.835846 147.967041 132.406631 114.829659 121.972488 142.260147 160.814056 168.507416 160.814056 142.260147 121.972488 114.829659 132.406631 147.967041 153.835846 146.850159 130.865036 113.504173 97.058846 109.112495 119.734108 123.673126 118.845818 107.905144 96.068962 78.698036 86.081947 92.897362 95.677887 92.950264 86.342064 79.141045,
 106.727188 112.519180 114.359573 110.847145 102.676193 91.605255 79.613266 111.767731 128.407135 139.929367 139.916046 128.297195 110.079590 90.909912 113.518349 139.506226 161.365112 166.936249 152.962402 127.941811 101.842583 110.086830 139.423370 166.770874 178.708740 166.770874 139.423370 110.086830 101.842583 127.941811 152.962402 166.936249 161.365112 139.506226 113.518349 90.909912 110.079590 128.297195 139.916046 139.929367 128.407135 111.767731 79.613266 91.605255 102.676193 110.847145 114.359573 112.519180 106.727188,
 82.331062 100.807632 118.772438 127.014595 119.890633 103.187607 86.490120 90.050079 113.257500 136.737762 147.881424 138.133575 115.657265 93.549484 98.182259 125.514885 153.764191 167.305527 154.722198 127.012398 100.164726 102.279175 131.142639 161.165192 175.396118 161.165192 131.142639 102.279175 100.164726 127.012398 154.722198 167.305527 153.764191 125.514885 98.182259 93.549484 115.657265 138.133575 147.881424 136.737762 113.257500 90.050079 86.490120 103.187607 119.890633 127.014595 118.772438 100.807632 82.331062,
 78.460464 90.880127 103.145813 112.119926 115.574951 113.666260 108.777328 90.206810 109.944481 128.937866 140.540863 139.993347 128.536636 112.939400 102.078773 128.592911 153.705719 167.027405 161.122589 139.843033 114.670403 111.053177 140.253448 167.016510 178.437469 167.016510 140.253448 111.053177 114.670403 139.843033 161.122589 167.027405 153.705719 128.592911 102.078773 112.939400 128.536636 139.993347 140.540863 128.937866 109.944481 90.206810 108.777328 113.666260 115.574951 112.119926 103.145813 90.880127 78.460464,
 244.961884 264.410126 277.684753 282.045929 276.853455 263.945465 245.792664 304.078003 333.959290 354.104004 357.509094 342.537170 314.879089 281.440735 375.656860 424.009613 460.708862 470.732788 448.026672 403.068878 350.620789 400.645538 461.426849 512.312622 533.249268 512.312622 461.426849 400.645538 350.620789 403.068878 448.026672 470.732788 460.708862 424.009613 375.656860 281.440735 314.879089 342.537170 357.509094 354.104004 333.959290 304.078003 245.792664 263.945465 276.853455 282.045929 277.684753 264.410126 244.961884,
 336.530151 372.217377 375.903992 347.094116 302.216064 258.888153 226.865036 365.391785 423.136536 447.393158 422.845337 362.969513 296.963074 244.150833 363.291504 446.366669 506.480072 507.122498 444.966949 357.656281 280.370850 328.066467 419.848206 508.036194 547.077820 508.036194 419.848206 328.066467 280.370850 357.656281 444.966949 507.122498 506.480072 446.366669 363.291504 244.150833 296.963074 362.969513 422.845337 447.393158 423.136536 365.391785 226.865036 258.888153 302.216064 347.094116 375.903992 372.217377 336.530151,
 209.030289 280.615295 355.254822 384.356781 345.551147 276.145569 217.537521 217.459747 300.526520 395.106110 436.378784 386.010712 295.422150 222.205292 222.609848 315.535583 429.053711 484.359406 423.511353 312.069580 224.535538 224.691635 320.038757 441.355774 505.381775 441.355774 320.038757 224.691635 224.535538 312.069580 423.511353 484.359406 429.053711 315.535583 222.609848 222.205292 295.422150 386.010712 436.378784 395.106110 300.526520 217.459747 217.537521 276.145569 345.551147 384.356781 355.254822 280.615295 209.030289,
 185.732025 201.917328 224.960144 256.910400 287.590881 299.643097 284.553955 191.114334 221.507370 271.340820 328.068604 360.807129 348.154297 300.908630 212.497879 270.120026 350.646118 417.688202 422.732666 364.412567 287.623291 250.835846 330.984192 420.190765 463.299622 420.190765 330.984192 250.835846 287.623291 364.412567 422.732666 417.688202 350.646118 270.120026 212.497879 300.908630 348.154297 360.807129 328.068604 271.340820 221.507370 191.114334 284.553955 299.643097 287.590881 256.910400 224.960144 201.917328 185.732025,
 125.206192 148.403107 172.951324 192.537292 200.401855 198.943634 195.665573 141.356216 190.477234 244.141068 277.572937 274.084656 242.690369 206.787521 178.031189 273.714478 375.810486 428.833588 398.078308 310.982300 221.693512 217.757782 339.550629 467.216064 525.571411 467.216064 339.550629 217.757782 221.693512 310.982300 398.078308 428.833588 375.810486 273.714478 178.031189 206.787521 242.690369 274.084656 277.572937 244.141068 190.477234 141.356216 195.665573 198.943634 200.401855 192.537292 172.951324 148.403107 125.206192,
 159.833038 195.805634 218.770218 228.335648 220.422562 207.020721 195.058014 203.694519 269.286316 319.099304 320.268463 271.831482 221.188843 195.306946 213.820984 313.179047 421.478271 445.795868 355.427429 247.142502 189.119263 198.521271 293.445251 436.536377 517.608398 436.536377 293.445251 198.521271 189.119263 247.142502 355.427429 445.795868 421.478271 313.179047 213.820984 195.306946 221.188843 271.831482 320.268463 319.099304 269.286316 203.694519 195.058014 207.020721 220.422562 228.335648 218.770218 195.805634 159.833038,
 118.040092 186.345032 262.234161 306.504578 279.149323 216.234863 173.690979 138.465775 219.279800 331.003906 392.949646 335.843750 233.397812 175.108688 155.133408 245.107605 393.638947 478.952179 393.088043 249.420441 171.836288 166.157822 255.876251 419.235107 517.709167 419.235107 255.876251 166.157822 171.836288 249.420441 393.088043 478.952179 393.638947 245.107605 155.133408 175.108688 233.397812 335.843750 392.949646 331.003906 219.279800 138.465775 173.690979 216.234863 279.149323 306.504578 262.234161 186.345032 118.040092,
 107.371620 131.232697 173.450623 217.682129 227.227112 191.541077 146.959534 122.298096 155.807373 228.405823 302.746124 313.025452 250.076660 176.921326 134.524048 199.007797 322.934631 429.292480 408.810486 290.292267 185.628143 160.691269 262.484222 417.548584 503.450226 417.548584 262.484222 160.691269 185.628143 290.292267 408.810486 429.292480 322.934631 199.007797 134.524048 176.921326 250.076660 313.025452 302.746124 228.405823 155.807373 122.298096 146.959534 191.541077 227.227112 217.682129 173.450623 131.232697 107.371620,
 -2.452666 7.329160 10.760506 5.116789 -5.020648 -12.923429 -13.961480 22.649263 47.997524 70.696373 73.209595 53.887695 27.315533 8.907904 42.017761 85.313583 131.725784 148.602783 121.875320 74.468628 35.631958 48.061707 99.949028 160.448471 189.697281 160.448471 99.949028 48.061707 35.631958 74.468628 121.875320 148.602783 131.725784 85.313583 42.017761 8.907904 27.315533 53.887695 73.209595 70.696373 47.997524 22.649263 -13.961480 -12.923429 -5.020648 5.116789 10.760506 7.329160 -2.452666,
 19.617966 38.687477 47.886452 37.051865 11.183569 -11.545855 -18.881077 29.971066 55.830334 72.193199 64.369759 35.245735 4.371670 -12.924755 30.084234 68.087601 101.824112 103.276886 68.960251 27.569717 0.712435 16.656021 55.139824 103.965378 128.978851 103.965378 55.139824 16.656021 0.712435 27.569717 68.960251 103.276886 101.824112 68.087601 30.084234 -12.924755 4.371670 35.245735 64.369759 72.193199 55.830334 29.971066 -18.881077 -11.545855 11.183569 37.051865 47.886452 38.687477 19.617966,
 8.303492 14.824278 28.592442 51.275551 51.683704 36.985313 27.497675 20.324593 28.671429 53.564957 86.879532 75.581726 44.277355 30.746864 28.291540 38.430561 76.047417 116.471451 89.927757 46.458233 32.212166 31.839115 44.314037 89.987961 128.550598 89.987961 44.314037 31.839115 32.212166 46.458233 89.927757 116.471451 76.047417 38.430561 28.291540 30.746864 44.277355 75.581726 86.879532 53.564957 28.671429 20.324593 27.497675 36.985313 51.683704 51.275551 28.592442 14.824278 8.303492,
 15.471175 22.362076 19.610292 17.527039 21.377821 24.861279 23.799171 31.748043 33.862900 34.773972 44.402870 53.787476 49.886223 38.444263 36.165100 47.075050 67.539070 94.387222 97.619926 75.377831 51.890907 47.941753 71.723572 106.644608 127.957207 106.644608 71.723572 47.941753 51.890907 75.377831 97.619926 94.387222 67.539070 47.075050 36.165100 38.444263 49.886223 53.787476 44.402870 34.773972 33.862900 31.748043 23.799171 24.861279 21.377821 17.527039 19.610292 22.362076 15.471175,

Pairwise cross-correlations of the modulus of all oriented sub-bands at the same scale (size QxQ)
 168.507431 114.391083 69.002098 116.635864,
 114.391083 178.708771 121.687851 76.179321,
 69.002098 121.687851 175.396133 119.613419,
 116.635864 76.179321 119.613419 178.437469,
 533.249268 432.817566 353.190826 389.238129,
 432.817566 547.077881 413.353699 367.162689,
 353.190826 413.353699 505.381775 370.980652,
 389.238129 367.162689 370.980652 463.299683,
 525.571411 366.291077 329.432312 387.746490,
 366.291077 517.608398 395.695801 298.574921,
 329.432312 395.695801 517.709229 376.763702,
 387.746490 298.574921 376.763702 503.450256,
 189.697281 90.072853 61.135674 102.085320,
 90.072853 128.978851 88.592957 77.586899,
 61.135674 88.592957 128.550629 73.932297,
 102.085320 77.586899 73.932297 127.957199,

Cross-correlations of the modulus of all oriented sub-bands with all oriented sub-bands at the coarser scale (size QxQ)
 256.118774 216.403229 162.897552 196.142029,
 216.340118 264.366364 214.058426 169.541336,
 170.355057 220.477203 253.947403 199.350235,
 215.235611 192.592560 213.828064 244.678314,
 418.476715 335.561279 332.452911 359.895477,
 373.555756 373.179443 359.057739 318.251312,
 331.887360 327.676636 392.027161 330.258942,
 353.564026 287.614685 339.071075 342.237030,
 120.789703 94.298271 102.857552 114.042030,
 105.739220 121.113266 124.170601 97.898499,
 150.464996 110.903442 127.816635 126.070946,
 115.212257 65.209404 87.722763 109.476501,

Cross-correlations of the real part of each oriented sub-band with both the real and imaginary part of all phase-doubled oriented sub-bands at the next coarser scale (Q matrices of size 1x2Q, which are computed and stored in a matrix of size Qx2Q)
 94.545052 45.781395 5.332147 44.309910 0.996029 -2.629703 -0.465065 0.393248,
 43.364498 109.263611 44.009113 4.829576 -0.807931 -2.155940 -1.618959 -0.572849,
 5.464447 49.914978 88.326500 40.121658 -0.914536 -0.709007 -3.398399 -3.918332,
 42.840260 4.649510 37.820663 93.990898 -0.188661 -0.693360 -2.775190 -2.264941,
 -132.621460 -50.384098 -11.072043 -70.600258 -19.629375 -16.453018 3.685563 14.392488,
 -54.556698 -133.833008 -58.784645 -6.781961 -13.002665 -9.801231 15.414076 3.179727,
 -9.837557 -69.599342 -77.160057 -40.847618 -0.663968 11.687672 22.036764 14.662664,
 -67.970428 -6.275671 -27.032961 -119.265739 -4.363904 0.845646 17.063356 28.379725,
 -60.788540 -21.546951 -0.438447 -33.090977 -19.449528 0.158448 1.163308 7.866635,
 -24.109995 -12.632918 -25.818819 1.734879 -8.623653 -10.584130 16.576984 2.100403,
 -2.911661 -4.465848 -46.214252 -15.425976 -1.503493 -4.266151 42.125126 12.725081,
 -31.116930 -6.345096 -9.692203 -70.654587 -7.973382 0.409040 20.444494 19.122793,
