Low-band skewness and kurtosis
 -2.100421 5.763947,
 -2.182050 6.649734,
 -1.483746 4.362474,
 -1.005049 3.460500,
 -0.611450 2.563713,

High-band variance
 160.505493,

Skewness, kurtosis, variance, mean, maximum and minimum of the reconstructed texture
 -2.088284 5.513489 6924.088867 220.123840 255.000000 0.000000,

Auto-correlations of the low-frequency bands at each scale
 2266.760498 2854.763672 3264.491211 3399.703125 3220.910156 2783.862793 2193.326904 2956.531738 3773.021484 4468.531250 4753.576172 4446.093750 3734.573242 2918.968262 3466.627441 4555.814941 5629.760742 6111.692383 5621.333008 4539.610840 3449.832520 3655.442871 4880.685059 6147.336914 6729.311523 6147.336914 4880.685059 3655.442871 3449.832520 4539.610840 5621.333008 6111.692383 5629.760742 4555.814941 3466.627441 2918.968262 3734.573242 4446.093750 4753.576172 4468.531250 3773.021484 2956.531738 2193.326904 2783.862793 3220.910156 3399.703125 3264.491211 2854.763672 2266.760498,
 666.913269 592.207581 569.045471 502.257904 345.940247 274.429382 335.990417 747.090576 1100.869385 1850.214478 2226.909668 1736.759399 959.357178 584.737549 999.110779 2080.749268 3910.247559 4861.611328 3885.113281 2075.299561 989.721985 1178.497559 2634.608398 4976.676758 6199.081543 4976.676758 2634.608398 1178.497559 989.721985 2075.299561 3885.113281 4861.611328 3910.247559 2080.749268 999.110779 584.737549 959.357178 1736.759399 2226.909668 1850.214478 1100.869385 747.090576 335.990417 274.429382 345.940247 502.257904 569.045471 592.207581 666.913269,
 437.557312 395.133759 340.061157 436.564758 654.404175 760.586914 575.463135 389.072388 296.646027 350.048462 408.952148 241.750366 208.138458 395.774658 360.682251 657.668213 1800.021484 2483.386963 1536.915527 375.524902 268.503113 339.479187 883.046387 2800.787354 4065.171143 2800.787354 883.046387 339.479187 268.503113 375.524902 1536.915527 2483.386963 1800.021484 657.668213 360.682251 395.774658 208.138458 241.750366 408.952148 350.048462 296.646027 389.072388 575.463135 760.586914 654.404175 436.564758 340.061157 395.133759 437.557312,
 377.768982 380.941620 234.200455 250.641479 309.355743 356.693207 359.627258 196.432831 189.840027 288.217651 528.192505 471.240845 304.438934 294.917755 157.366989 218.132263 742.852417 1230.423340 865.492310 334.711060 309.933960 273.460480 370.041443 1133.160400 1715.898682 1133.160400 370.041443 273.460480 309.933960 334.711060 865.492310 1230.423340 742.852417 218.132263 157.366989 294.917755 304.438934 471.240845 528.192505 288.217651 189.840027 196.432831 359.627258 356.693207 309.355743 250.641479 234.200455 380.941620 377.768982,
 -390.234131 -202.921158 -83.095520 -87.224731 -145.725098 -245.714096 -407.000488 -148.502701 16.159748 125.993591 163.294434 113.559616 -24.034462 -218.845566 101.876831 230.961609 432.567535 589.213318 475.200226 213.258972 16.410675 173.061584 323.589264 628.919189 824.931152 628.919189 323.589264 173.061584 16.410675 213.258972 475.200226 589.213318 432.567535 230.961609 101.876831 -218.845566 -24.034462 113.559616 163.294434 125.993591 16.159748 -148.502701 -407.000488 -245.714096 -145.725098 -87.224731 -83.095520 -202.921158 -390.234131,

Auto-correlations of the modulus of each oriented sub-band
 56.721657 65.162819 73.003868 76.156326 72.915276 65.294975 57.384468 82.311150 95.194901 106.706360 111.188736 106.287628 94.726440 82.168312 106.800529 124.480927 140.185211 146.385986 139.775299 123.936798 106.394783 117.129196 137.118439 155.170898 162.609116 155.170898 137.118439 117.129196 106.394783 123.936798 139.775299 146.385986 140.185211 124.480927 106.800529 82.168312 94.726440 106.287628 111.188736 106.706360 95.194901 82.311150 57.384468 65.294975 72.915276 76.156326 73.003868 65.162819 56.721657,
 101.930794 105.767258 103.875397 96.031219 84.021667 70.128738 56.365471 106.607201 122.418137 131.482635 128.735291 114.674988 93.936279 71.927986 106.009628 132.444046 152.827850 157.032501 142.453522 116.133064 87.093430 99.241440 130.522278 157.559692 168.843750 157.559692 130.522278 99.241440 87.093430 116.133064 142.453522 157.032501 152.827850 132.444046 106.009628 71.927986 93.936279 114.674988 128.735291 131.482635 122.418137 106.607201 56.365471 70.128738 84.021667 96.031219 103.875397 105.767258 101.930794,
 65.582016 88.214485 110.316681 120.282425 111.667740 90.996269 69.652206 73.942009 101.317154 128.322601 140.599548 129.545502 103.778580 77.519051 82.512596 113.784042 144.873596 159.154968 145.637268 115.284866 84.681374 86.882095 119.456482 151.933685 166.825226 151.933685 119.456482 86.882095 84.681374 115.284866 145.637268 159.154968 144.873596 113.784042 82.512596 77.519051 103.778580 129.545502 140.599548 128.322601 101.317154 73.942009 69.652206 90.996269 111.667740 120.282425 110.316681 88.214485 65.582016,
 56.573059 70.805130 85.495575 97.811920 105.037415 105.657913 100.454147 71.374771 93.889336 115.553406 129.959351 132.090820 121.871468 105.048569 86.128792 115.722260 143.156860 158.259338 153.481781 131.895355 104.605782 98.004173 129.965118 158.260834 170.175583 158.260834 129.965118 98.004173 104.605782 131.895355 153.481781 158.259338 143.156860 115.722260 86.128792 105.048569 121.871468 132.090820 129.959351 115.553406 93.889336 71.374771 100.454147 105.657913 105.037415 97.811920 85.495575 70.805130 56.573059,
 100.543991 109.402336 115.379051 116.875748 114.353416 110.102379 105.813324 185.462936 212.336899 231.835587 237.769150 228.311996 208.597855 185.742691 283.430939 333.989594 374.105499 388.745483 370.631866 329.159332 280.549164 326.828735 389.517670 442.470581 464.239380 442.470581 389.517670 326.828735 280.549164 329.159332 370.631866 388.745483 374.105499 333.989594 283.430939 185.742691 208.597855 228.311996 237.769150 231.835587 212.336899 185.462936 105.813324 110.102379 114.353416 116.875748 115.379051 109.402336 100.543991,
 251.309357 286.949219 277.870789 229.986801 172.313416 131.607254 115.341095 281.723633 353.836853 380.460541 341.585602 261.429413 184.592224 138.221848 273.441223 374.802277 450.289978 448.692688 368.042908 261.987152 180.691132 232.655945 337.539673 446.047455 495.063782 446.047455 337.539673 232.655945 180.691132 261.987152 368.042908 448.692688 450.289978 374.802277 273.441223 138.221848 184.592224 261.429413 341.585602 380.460541 353.836853 281.723633 115.341095 131.607254 172.313416 229.986801 277.870789 286.949219 251.309357,
 139.811752 212.905167 292.655884 326.664795 289.175171 219.082932 162.051895 154.129028 242.694778 345.760284 392.608887 341.450226 245.857895 169.763977 166.344223 266.006714 388.819366 448.862366 385.791046 267.177917 174.574265 173.823425 275.460632 405.118683 472.380188 405.118683 275.460632 173.823425 174.574265 267.177917 385.791046 448.862366 388.819366 266.006714 166.344223 169.763977 245.857895 341.450226 392.608887 345.760284 242.694778 154.129028 162.051895 219.082932 289.175171 326.664795 292.655884 212.905167 139.811752,
 109.042259 125.922386 160.313614 209.980377 252.442001 261.799316 234.259125 128.319489 171.372711 239.702240 311.254333 345.371552 321.030243 258.438812 166.676300 242.253876 340.049408 414.498596 414.729401 343.377228 251.033539 214.624115 312.114502 414.455994 461.554443 414.455994 312.114502 214.624115 251.033539 343.377228 414.729401 414.498596 340.049408 242.253876 166.676300 258.438812 321.030243 345.371552 311.254333 239.702240 171.372711 128.319489 234.259125 261.799316 252.442001 209.980377 160.313614 125.922386 109.042259,
 81.469200 94.146263 98.731308 96.735107 90.186569 80.311638 68.351341 82.702835 113.482193 139.545425 146.880737 131.904648 106.401688 85.725708 128.058685 192.788086 260.675140 290.769714 262.265717 201.933411 149.968933 177.770569 260.069946 351.544128 394.188049 351.544128 260.069946 177.770569 149.968933 201.933411 262.265717 290.769714 260.675140 192.788086 128.058685 85.725708 106.401688 131.904648 146.880737 139.545425 113.482193 82.702835 68.351341 80.311638 90.186569 96.735107 98.731308 94.146263 81.469200,
 99.555954 123.654068 121.280121 92.460144 71.300171 76.712189 88.636307 133.400360 197.993484 234.945465 194.833771 119.540314 83.346573 90.525673 139.716888 238.127258 346.888763 348.001495 231.874969 125.106567 92.776314 115.159866 199.998856 348.109497 434.394928 348.109497 199.998856 115.159866 92.776314 125.106567 231.874969 348.001495 346.888763 238.127258 139.716888 90.525673 83.346573 119.540314 194.833771 234.945465 197.993484 133.400360 88.636307 76.712189 71.300171 92.460144 121.280121 123.654068 99.555954,
 154.657913 190.966919 260.421417 306.255157 267.091827 192.879425 148.657700 169.774643 231.719055 352.094452 435.078857 360.180511 226.743347 155.276077 172.967102 260.605255 436.782379 559.229492 445.951508 257.815887 162.165894 168.770599 270.777954 477.149475 613.826172 477.149475 270.777954 168.770599 162.165894 257.815887 445.951508 559.229492 436.782379 260.605255 172.967102 155.276077 226.743347 360.180511 435.078857 352.094452 231.719055 169.774643 148.657700 192.879425 267.091827 306.255157 260.421417 190.966919 154.657913,
 112.677414 143.675095 188.525238 236.701172 258.397858 226.591049 169.596115 141.959747 191.914490 264.141235 343.329651 364.647461 296.884460 204.051971 170.475540 250.098770 372.063538 480.779236 465.608948 338.793823 214.616074 196.956390 312.956207 468.740082 552.590271 468.740082 312.956207 196.956390 214.616074 338.793823 465.608948 480.779236 372.063538 250.098770 170.475540 204.051971 296.884460 364.647461 343.329651 264.141235 191.914490 141.959747 169.596115 226.591049 258.397858 236.701172 188.525238 143.675095 112.677414,
 31.471601 12.966438 5.312190 13.294262 33.369144 51.583832 51.845459 36.170181 32.757515 45.846016 65.216812 79.526482 80.573753 67.824379 43.710571 67.734856 108.270508 135.848389 129.164032 97.163094 64.862228 56.043720 99.693260 156.240051 184.881989 156.240051 99.693260 56.043720 64.862228 97.163094 129.164032 135.848389 108.270508 67.734856 43.710571 67.824379 80.573753 79.526482 65.216812 45.846016 32.757515 36.170181 51.845459 51.583832 33.369144 13.294262 5.312190 12.966438 31.471601,
 5.850293 23.376385 42.533943 57.000134 59.682182 47.761326 30.474567 18.032932 44.710701 68.872734 73.703041 65.372566 49.091125 26.280716 25.760818 59.724594 102.173149 109.445999 79.376030 49.377968 24.657402 26.220270 55.749489 104.347549 134.850082 104.347549 55.749489 26.220270 24.657402 49.377968 79.376030 109.445999 102.173149 59.724594 25.760818 26.280716 49.091125 65.372566 73.703041 68.872734 44.710701 18.032932 30.474567 47.761326 59.682182 57.000134 42.533943 23.376385 5.850293,
 2.188419 12.784361 13.234560 6.807463 -4.023056 -5.116464 4.232390 6.643902 23.860563 41.184006 45.067970 24.531708 5.314611 5.713668 10.390600 30.750214 67.449394 87.115723 56.102856 19.269501 9.366888 11.763466 29.496887 74.329330 106.496918 74.329330 29.496887 11.763466 9.366888 19.269501 56.102856 87.115723 67.449394 30.750214 10.390600 5.713668 5.314611 24.531708 45.067970 41.184006 23.860563 6.643902 4.232390 -5.116464 -4.023056 6.807463 13.234560 12.784361 2.188419,
 18.843578 3.792195 3.883024 12.606495 16.667114 13.745374 8.195175 44.038559 31.767513 33.624741 41.092491 41.734718 29.016502 14.945969 52.782539 54.600071 72.722763 93.411491 86.884842 54.908726 33.116280 49.842381 67.265930 104.777069 128.405457 104.777069 67.265930 49.842381 33.116280 54.908726 86.884842 93.411491 72.722763 54.600071 52.782539 14.945969 29.016502 41.734718 41.092491 33.624741 31.767513 44.038559 8.195175 13.745374 16.667114 12.606495 3.883024 3.792195 18.843578,

Pairwise cross-correlations of the modulus of all oriented sub-bands at the same scale (size QxQ)
 162.609131 106.391899 55.086040 106.748810,
 106.391899 168.843719 106.504471 61.306400,
 55.086040 106.504471 166.825226 107.569763,
 106.748810 61.306400 107.569763 170.175598,
 464.239380 371.686432 309.686340 361.181915,
 371.686432 495.063782 386.256409 324.193054,
 309.686340 386.256409 472.380249 362.021332,
 361.181915 324.193054 362.021332 461.554474,
 394.188080 258.836121 254.570740 323.402740,
 258.836121 434.394958 336.895508 274.966309,
 254.570740 336.895508 613.826172 414.179474,
 323.402740 274.966309 414.179474 552.590271,
 184.881989 56.758671 45.819309 86.172462,
 56.758671 134.850098 54.410603 46.991940,
 45.819309 54.410603 106.496918 70.323486,
 86.172462 46.991940 70.323486 128.405457,

Cross-correlations of the modulus of all oriented sub-bands with all oriented sub-bands at the coarser scale (size QxQ)
 236.505722 194.163284 145.684906 185.836639,
 198.140610 248.788727 194.676575 153.296204,
 144.806198 201.671005 237.412354 190.402054,
 197.850174 162.249054 195.755325 240.820877,
 313.081543 269.179077 325.325928 327.657227,
 288.770630 324.077393 366.990967 338.682861,
 254.712982 282.014343 393.239349 358.657257,
 279.840576 245.376968 339.740234 368.989410,
 112.765083 111.355499 63.255783 87.187340,
 84.085495 110.022736 49.205841 74.997574,
 144.836411 137.870789 106.242615 119.889587,
 163.181946 130.039688 87.752922 121.174133,

Cross-correlations of the real part of each oriented sub-band with both the real and imaginary part of all phase-doubled oriented sub-bands at the next coarser scale (Q matrices of size 1x2Q, which are computed and stored in a matrix of size Qx2Q)
 114.379402 50.816837 5.117034 53.442131 0.875977 -0.499230 0.051693 1.049538,
 49.811287 117.979866 52.670620 4.974843 0.757406 0.938513 -0.926699 0.211552,
 4.560714 52.262310 108.485641 43.823620 0.175096 -0.530735 -1.554087 -0.688240,
 51.632290 4.425827 44.319550 108.672585 0.748716 -0.790750 -0.696666 0.654101,
 -184.849915 -91.122032 -7.316432 -71.955048 10.220165 10.711715 1.708849 -2.531019,
 -89.861671 -211.769165 -96.354523 -12.750089 -0.963971 11.297056 -11.199510 -1.655348,
 -9.131672 -104.342155 -229.505203 -85.141205 -1.748892 -4.572027 -24.505701 11.266820,
 -75.802292 -12.265130 -99.614861 -161.522659 6.623570 1.629102 -6.189161 16.521818,
 -63.641300 -37.171024 -4.188862 -39.104881 49.155067 -0.957768 -3.650698 2.184502,
 -37.263107 -35.214001 -16.965645 -7.508867 16.362528 -24.900555 22.925802 -1.401751,
 -2.177330 -4.388268 -72.666748 -57.354080 -3.102992 -1.552707 54.499065 12.935566,
 -21.492256 -4.437969 -49.131462 -96.658386 11.150844 6.923439 12.272603 28.980217,
