Low-band skewness and kurtosis
 -2.519261 7.677789,
 -2.554817 8.269375,
 -2.163943 6.640820,
 -2.129260 6.922317,
 -1.690882 5.152100,

High-band variance
 111.842873,

Skewness, kurtosis, variance, mean, maximum and minimum of the reconstructed texture
 -2.507713 7.436921 5768.130371 227.508545 255.000000 0.000000,

Auto-correlations of the low-frequency bands at each scale
 3071.717041 3390.043213 3606.200684 3677.662598 3585.716797 3357.092529 3032.221436 3463.672607 3904.331055 4274.771484 4422.454590 4252.668945 3871.541992 3426.808350 3771.698730 4376.164551 4976.777832 5242.755859 4957.001465 4346.280762 3737.242676 3877.411133 4568.958008 5294.959473 5632.052734 5294.959473 4568.958008 3877.411133 3737.242676 4346.280762 4957.001465 5242.755859 4976.777832 4376.164551 3771.698730 3426.808350 3871.541992 4252.668945 4422.454590 4274.771484 3904.331055 3463.672607 3032.221436 3357.092529 3585.716797 3677.662598 3606.200684 3390.043213 3071.717041,
 1896.739014 2107.195068 2276.813965 2307.684570 2212.317871 2135.107178 2148.076416 2030.600098 2385.954102 2876.989014 3099.580322 2816.170166 2336.111816 2058.114258 2296.893311 2987.436523 4003.371826 4510.932617 3968.652100 2935.196289 2252.482666 2430.688965 3311.060547 4607.588867 5268.043945 4607.588867 3311.060547 2430.688965 2252.482666 2935.196289 3968.652100 4510.932617 4003.371826 2987.436523 2296.893311 2058.114258 2336.111816 2816.170166 3099.580322 2876.989014 2385.954102 2030.600098 2148.076416 2135.107178 2212.317871 2307.684570 2276.813965 2107.195068 1896.739014,
 538.552734 955.819702 1541.933350 2022.512695 2266.275146 2436.533691 2515.021973 1068.815552 1401.788330 1970.934204 2352.185547 2280.412842 2292.094238 2464.826660 1436.144531 1885.419434 2791.847900 3318.276367 2752.479736 2143.611816 2114.954102 1752.805664 2158.342285 3262.268799 4015.466553 3262.268799 2158.342285 1752.805664 2114.954102 2143.611816 2752.479736 3318.276367 2791.847900 1885.419434 1436.144531 2464.826660 2292.094238 2280.412842 2352.185547 1970.934204 1401.788330 1068.815552 2515.021973 2436.533691 2266.275146 2022.512695 1541.933350 955.819702 538.552734,
 -757.757812 -611.223816 -180.478027 521.255249 1257.682983 1769.753174 1877.746094 -628.379578 -222.898254 589.299561 1531.972412 2114.815186 2175.986328 1786.349365 -228.976471 506.398010 1615.206787 2523.856934 2607.099365 2026.739746 1221.765869 449.442291 1379.776367 2443.020752 2967.153320 2443.020752 1379.776367 449.442291 1221.765869 2026.739746 2607.099365 2523.856934 1615.206787 506.398010 -228.976471 1786.349365 2175.986328 2114.815186 1531.972412 589.299561 -222.898254 -628.379578 1877.746094 1769.753174 1257.682983 521.255249 -180.478027 -611.223816 -757.757812,
 -389.750427 -779.254333 -992.096619 -789.446899 -154.734924 436.471375 498.748108 -768.157410 -1023.006531 -780.967285 90.193298 994.288208 1150.548462 539.948669 -1010.878906 -814.944885 212.008484 1530.250610 1886.021484 1043.838989 -49.317383 -775.831421 81.629669 1518.054443 2293.591064 1518.054443 81.629669 -775.831421 -49.317383 1043.838989 1886.021484 1530.250610 212.008484 -814.944885 -1010.878906 539.948669 1150.548462 994.288208 90.193298 -780.967285 -1023.006531 -768.157410 498.748108 436.471375 -154.734924 -789.446899 -992.096619 -779.254333 -389.750427,

Auto-correlations of the modulus of each oriented sub-band
 60.675323 65.862244 70.620361 72.864716 71.688629 68.122131 64.346901 72.734009 80.859032 88.011482 90.954773 88.303734 81.643471 74.341843 84.411636 96.107109 106.428314 110.517403 106.254242 95.980446 84.623276 89.367889 102.835632 115.012688 120.029976 115.012688 102.835632 89.367889 84.623276 95.980446 106.254242 110.517403 106.428314 96.107109 84.411636 74.341843 81.643471 88.303734 90.954773 88.011482 80.859032 72.734009 64.346901 68.122131 71.688629 72.864716 70.620361 65.862244 60.675323,
 83.943031 89.354469 92.234047 90.760445 85.522881 78.486473 71.349022 88.845673 100.437607 109.093201 109.994698 102.843155 91.299576 79.226334 91.960228 108.904686 123.424652 127.655273 119.138123 103.304253 86.648170 91.354538 110.192184 127.645882 135.218475 127.645882 110.192184 91.354538 86.648170 103.304253 119.138123 127.655273 123.424652 108.904686 91.960228 79.226334 91.299576 102.843155 109.994698 109.093201 100.437607 88.845673 71.349022 78.486473 85.522881 90.760445 92.234047 89.354469 83.943031,
 86.161430 98.871651 111.058266 116.085358 110.726280 99.146507 87.766487 93.206779 109.096260 125.232536 132.489578 125.332436 109.648155 94.368721 99.599380 118.400467 138.093674 147.365997 138.281143 118.815140 100.191910 102.370651 122.343468 143.441360 153.497299 143.441360 122.343468 102.370651 100.191910 118.815140 138.281143 147.365997 138.093674 118.400467 99.599380 94.368721 109.648155 125.332436 132.489578 125.232536 109.096260 93.206779 87.766487 99.146507 110.726280 116.085358 111.058266 98.871651 86.161430,
 80.091736 87.596817 94.700432 100.269325 102.531654 100.646408 96.330612 88.217148 100.364143 112.307602 120.214195 119.877304 111.088524 99.316483 95.100021 111.953484 128.763519 138.400146 134.125427 118.464668 100.770294 99.489899 118.897827 137.734985 146.198135 137.734985 118.897827 99.489899 100.770294 118.464668 134.125427 138.400146 128.763519 111.953484 95.100021 99.316483 111.088524 119.877304 120.214195 112.307602 100.364143 88.217148 96.330612 100.646408 102.531654 100.269325 94.700432 87.596817 80.091736,
 132.950012 147.864426 163.222992 177.158173 187.757263 193.825821 194.778900 168.344925 190.304443 209.932999 222.448151 225.300827 219.859863 209.081009 215.223923 248.097946 276.109772 288.972137 281.553314 259.597626 232.219650 241.857117 279.550690 311.852875 325.357483 311.852875 279.550690 241.857117 232.219650 259.597626 281.553314 288.972137 276.109772 248.097946 215.223923 209.081009 219.859863 225.300827 222.448151 209.932999 190.304443 168.344925 194.778900 193.825821 187.757263 177.158173 163.222992 147.864426 132.950012,
 214.545059 243.233597 253.707947 245.138885 229.065857 217.941086 213.704758 234.431519 277.416687 302.438019 294.971436 265.016693 236.601440 221.117889 240.845459 294.154907 340.533478 347.149597 309.548065 261.232788 228.449707 236.423965 285.494598 343.055237 371.330994 343.055237 285.494598 236.423965 228.449707 261.232788 309.548065 347.149597 340.533478 294.154907 240.845459 221.117889 236.601440 265.016693 294.971436 302.438019 277.416687 234.431519 213.704758 217.941086 229.065857 245.138885 253.707947 243.233597 214.545059,
 241.384354 298.494110 351.169434 374.956787 358.611328 320.313507 285.976013 259.336609 324.510498 390.003784 420.130066 395.529663 341.826477 294.468323 278.118225 348.264984 424.408417 460.593811 427.267365 358.017609 298.041687 292.687347 361.297546 439.539307 477.713593 439.539307 361.297546 292.687347 298.041687 358.017609 427.267365 460.593811 424.408417 348.264984 278.118225 294.468323 341.826477 395.529663 420.130066 390.003784 324.510498 259.336609 285.976013 320.313507 358.611328 374.956787 351.169434 298.494110 241.384354,
 167.617889 190.647949 216.585205 245.208801 270.435425 282.755920 278.056122 191.046219 221.494598 258.489532 295.421997 315.938202 309.792816 284.454956 217.860260 259.052094 309.327942 348.834656 350.090576 315.376556 271.461212 246.400726 295.243225 348.245514 374.123901 348.245514 295.243225 246.400726 271.461212 315.376556 350.090576 348.834656 309.327942 259.052094 217.860260 284.454956 309.792816 315.938202 295.421997 258.489532 221.494598 191.046219 278.056122 282.755920 270.435425 245.208801 216.585205 190.647949 167.617889,
 72.354858 116.718140 162.643433 204.023865 234.314972 248.853241 246.155670 145.479523 198.467514 248.348694 284.533417 298.767761 290.118713 264.479736 218.969818 285.726898 344.638184 376.519714 369.290161 329.138824 273.766266 264.617554 338.415314 400.826630 426.229889 400.826630 338.415314 264.617554 273.766266 329.138824 369.290161 376.519714 344.638184 285.726898 218.969818 264.479736 290.118713 298.767761 284.533417 248.348694 198.467514 145.479523 246.155670 248.853241 234.314972 204.023865 162.643433 116.718140 72.354858,
 60.125580 77.803383 88.379807 99.845978 113.051239 119.367363 120.782898 96.325737 129.312347 146.869461 140.345154 132.289688 128.870392 122.892754 114.417267 160.654251 206.882645 206.037048 167.469009 136.471756 118.254227 115.665291 153.918869 211.257919 246.138336 211.257919 153.918869 115.665291 118.254227 136.471756 167.469009 206.037048 206.882645 160.654251 114.417267 122.892754 128.870392 132.289688 140.345154 146.869461 129.312347 96.325737 120.782898 119.367363 113.051239 99.845978 88.379807 77.803383 60.125580,
 84.514458 119.385742 168.835587 215.908020 231.251419 234.695984 237.454987 120.750351 159.442200 227.800049 289.851868 287.943420 259.485626 239.452499 156.823807 204.370972 292.696899 363.419006 333.157593 265.622284 223.827560 193.569885 245.197739 336.654663 396.707397 336.654663 245.197739 193.569885 223.827560 265.622284 333.157593 363.419006 292.696899 204.370972 156.823807 239.452499 259.485626 287.943420 289.851868 227.800049 159.442200 120.750351 237.454987 234.695984 231.251419 215.908020 168.835587 119.385742 84.514458,
 93.791962 116.460670 156.698120 218.199326 284.135040 330.781799 343.350708 129.945496 165.850952 236.425644 325.518738 390.416382 397.988037 358.626648 175.396698 244.249741 349.230133 445.351257 466.268768 405.985779 318.619354 244.206451 340.839172 449.995514 503.388000 449.995514 340.839172 244.206451 318.619354 405.985779 466.268768 445.351257 349.230133 244.249741 175.396698 358.626648 397.988037 390.416382 325.518738 236.425644 165.850952 129.945496 343.350708 330.781799 284.135040 218.199326 156.698120 116.460670 93.791962,
 -30.291302 -13.647013 3.041878 19.526205 37.474030 53.916008 63.103008 -3.363867 22.294151 43.326729 52.797630 54.873367 55.093918 52.317940 21.506199 55.645340 86.374329 95.554398 81.443680 59.957748 40.468849 34.152538 67.638374 103.124374 120.484741 103.124374 67.638374 34.152538 40.468849 59.957748 81.443680 95.554398 86.374329 55.645340 21.506199 52.317940 55.093918 54.873367 52.797630 43.326729 22.294151 -3.363867 63.103008 53.916008 37.474030 19.526205 3.041878 -13.647013 -30.291302,
 16.142462 47.234921 72.989677 85.683601 85.366264 76.607910 62.369362 38.102592 76.831367 111.092972 126.878906 121.661026 102.933769 77.375839 57.841690 103.016632 144.974808 163.574799 150.608322 118.593201 80.793655 73.141830 118.601997 160.630005 179.301910 160.630005 118.601997 73.141830 80.793655 118.593201 150.608322 163.574799 144.974808 103.016632 57.841690 77.375839 102.933769 121.661026 126.878906 111.092972 76.831367 38.102592 62.369362 76.607910 85.366264 85.683601 72.989677 47.234921 16.142462,
 -11.177820 -4.634215 0.476989 8.291651 20.020092 24.953671 23.307692 -3.858678 9.489985 20.607830 22.157467 24.281166 30.005045 24.358597 4.025352 17.929657 39.387787 44.520126 31.008926 26.731396 22.110655 13.881844 21.974281 40.637974 58.055107 40.637974 21.974281 13.881844 22.110655 26.731396 31.008926 44.520126 39.387787 17.929657 4.025352 24.358597 30.005045 24.281166 22.157467 20.607830 9.489985 -3.858678 23.307692 24.953671 20.020092 8.291651 0.476989 -4.634215 -11.177820,
 -35.979012 -19.925184 -0.812971 19.313171 37.016052 48.842003 53.363754 -20.039330 -2.055475 17.854727 37.647156 51.748489 56.668129 52.884247 -0.197338 20.367968 42.959354 61.783718 66.642281 57.755470 41.956516 22.417456 44.716396 66.104630 76.207703 66.104630 44.716396 22.417456 41.956516 57.755470 66.642281 61.783718 42.959354 20.367968 -0.197338 52.884247 56.668129 51.748489 37.647156 17.854727 -2.055475 -20.039330 53.363754 48.842003 37.016052 19.313171 -0.812971 -19.925184 -35.979012,

Pairwise cross-correlations of the modulus of all oriented sub-bands at the same scale (size QxQ)
 120.029976 91.683784 68.162331 95.171623,
 91.683784 135.218491 105.334229 73.096039,
 68.162331 105.334229 153.497330 107.785637,
 95.171623 73.096039 107.785637 146.198151,
 325.357513 280.487640 290.645233 288.322632,
 280.487640 371.330963 351.509125 283.708771,
 290.645233 351.509125 477.713623 346.596344,
 288.322632 283.708771 346.596344 374.123932,
 426.229919 260.363922 296.891235 383.134308,
 260.363922 246.138367 229.827957 252.713074,
 296.891235 229.827957 396.707458 376.846588,
 383.134308 252.713074 376.846588 503.388031,
 120.484741 99.786613 40.636742 69.413765,
 99.786613 179.301910 57.432030 58.674988,
 40.636742 57.432030 58.055107 44.940140,
 69.413765 58.674988 44.940140 76.207687,

Cross-correlations of the modulus of all oriented sub-bands with all oriented sub-bands at the coarser scale (size QxQ)
 171.908585 155.426315 153.787369 155.869949,
 153.719788 196.972183 193.599167 145.398041,
 136.735916 177.349625 236.125549 177.477798,
 160.426727 148.921509 199.899124 203.100861,
 282.354309 196.288788 244.970032 294.101929,
 278.813873 241.230087 272.790100 290.251465,
 296.687866 226.936783 339.123993 359.547119,
 283.314148 191.055511 286.278778 340.683807,
 139.612900 101.131119 75.147217 125.035995,
 98.304108 98.438538 63.418015 89.954056,
 133.313141 130.979950 86.877991 123.155090,
 145.585312 133.758545 89.238190 135.409546,

Cross-correlations of the real part of each oriented sub-band with both the real and imaginary part of all phase-doubled oriented sub-bands at the next coarser scale (Q matrices of size 1x2Q, which are computed and stored in a matrix of size Qx2Q)
 49.871326 24.554886 3.284022 24.084354 1.704468 0.820390 0.491190 -1.324132,
 22.376425 66.459221 37.397766 4.743814 0.520325 -1.321851 -0.279798 -0.592146,
 2.532550 36.572651 86.163467 34.961174 0.766690 -2.614198 -2.450792 1.392437,
 22.154276 4.067145 36.752846 61.574917 2.802562 -0.233143 -0.677375 1.875365,
 -58.748943 -25.840467 -1.078329 -31.006493 0.011402 2.940488 0.748078 -2.618624,
 -27.723118 -54.667709 -15.185321 -2.365701 -1.870936 -6.750311 -8.414343 -0.014225,
 -3.414447 -21.296585 -26.650616 -19.092529 1.094369 -9.520843 -10.731068 2.479648,
 -25.104347 -2.154537 -12.249210 -56.158222 7.415168 0.019056 2.460101 -0.535649,
 -51.597481 -0.609488 4.650590 -27.841221 -35.163719 -10.211894 1.166399 12.110105,
 -13.887253 25.803648 7.667036 -5.367031 -13.685400 -27.509853 -14.514967 1.624995,
 0.472785 11.909069 -21.820059 -14.956586 -2.182700 -16.034781 -9.894512 -1.103909,
 -24.126770 -4.044451 -15.966660 -39.585144 -19.856113 -0.715601 4.822312 7.021949,
