Low-band skewness and kurtosis
 -2.368723 6.922560,
 -2.414358 7.553982,
 -1.999062 6.079651,
 -1.836414 6.148736,
 -1.598151 5.085600,

High-band variance
 116.246925,

Skewness, kurtosis, variance, mean, maximum and minimum of the reconstructed texture
 -2.356565 6.690172 6195.020996 225.118652 255.000000 0.000000,

Auto-correlations of the low-frequency bands at each scale
 3025.472656 3363.549072 3595.546875 3662.381836 3538.088379 3261.894287 2884.436523 3567.139648 4065.225586 4472.521973 4617.995117 4395.934082 3933.061523 3397.553711 3933.456055 4640.228027 5315.539551 5600.110352 5259.071777 4546.921387 3822.479980 4030.208984 4845.834473 5673.405762 6053.096680 5673.405762 4845.834473 4030.208984 3822.479980 4546.921387 5259.071777 5600.110352 5315.539551 4640.228027 3933.456055 3397.553711 3933.061523 4395.934082 4617.995117 4472.521973 4065.225586 3567.139648 2884.436523 3261.894287 3538.088379 3662.381836 3595.546875 3363.549072 3025.472656,
 1381.381104 1423.810791 1513.192749 1644.928711 1771.398804 1886.801270 1986.426514 1794.615967 2135.990967 2606.697021 2835.651367 2568.047119 2091.539307 1812.763184 2132.655762 3009.867676 4168.898926 4706.661133 4044.718994 2810.090332 1941.695312 2170.266846 3331.458008 4889.589844 5663.508301 4889.589844 3331.458008 2170.266846 1941.695312 2810.090332 4044.718994 4706.661133 4168.898926 3009.867676 2132.655762 1812.763184 2091.539307 2568.047119 2835.651367 2606.697021 2135.990967 1794.615967 1986.426514 1886.801270 1771.398804 1644.928711 1513.192749 1423.810791 1381.381104,
 468.758972 793.486084 1215.006836 1579.587158 1730.491211 1741.110596 1732.300537 698.350098 899.959351 1322.605225 1781.656616 1894.199951 1792.215210 1695.093262 971.980225 1402.656250 2409.429443 3133.907715 2690.183838 1838.208496 1468.132324 1215.594727 1836.076660 3266.367676 4142.188477 3266.367676 1836.076660 1215.594727 1468.132324 1838.208496 2690.183838 3133.907715 2409.429443 1402.656250 971.980225 1695.093262 1792.215210 1894.199951 1781.656616 1322.605225 899.959351 698.350098 1732.300537 1741.110596 1730.491211 1579.587158 1215.006836 793.486084 468.758972,
 -604.323120 -289.659912 247.100708 861.251709 1227.335083 1405.766113 1405.847534 -317.489319 -10.744141 638.034363 1411.191772 1706.273926 1617.656982 1386.549316 66.483307 471.591248 1347.483643 2171.443359 2055.198975 1443.442139 962.710083 482.421875 1042.576172 2021.464600 2631.560059 2021.464600 1042.576172 482.421875 962.710083 1443.442139 2055.198975 2171.443359 1347.483643 471.591248 66.483307 1386.549316 1617.656982 1706.273926 1411.191772 638.034363 -10.744141 -317.489319 1405.847534 1405.766113 1227.335083 861.251709 247.100708 -289.659912 -604.323120,
 -297.701477 -736.492004 -950.686890 -595.333984 128.528320 576.106018 479.945129 -784.261230 -988.249084 -617.520142 321.078979 1040.290405 915.551331 251.384979 -963.062378 -702.771606 299.932373 1430.190063 1572.348267 686.849121 -269.303345 -761.104248 0.350430 1271.008179 1952.303223 1271.008179 0.350430 -761.104248 -269.303345 686.849121 1572.348267 1430.190063 299.932373 -702.771606 -963.062378 251.384979 915.551331 1040.290405 321.078979 -617.520142 -988.249084 -784.261230 479.945129 576.106018 128.528320 -595.333984 -950.686890 -736.492004 -297.701477,

Auto-correlations of the modulus of each oriented sub-band
 59.398640 65.337357 70.842659 73.115501 70.778908 65.075378 58.894688 72.066658 82.094917 91.036720 94.634354 90.922844 81.807060 71.623985 84.398567 98.705276 111.372253 116.460632 111.270752 98.533493 84.204155 89.788780 106.124107 120.729736 126.717163 120.729736 106.124107 89.788780 84.204155 98.533493 111.270752 116.460632 111.372253 98.705276 84.398567 71.623985 81.807060 90.922844 94.634354 91.036720 82.094917 72.066658 58.894688 65.075378 70.778908 73.115501 70.842659 65.337357 59.398640,
 79.186668 84.339035 86.574654 84.602966 78.911644 71.027420 62.558052 84.584419 96.821899 105.317490 105.605545 97.567825 84.766602 71.086159 87.075966 105.495514 120.703850 124.695053 115.173561 97.833435 79.356422 85.239128 105.908463 124.712097 132.820007 124.712097 105.908463 85.239128 79.356422 97.833435 115.173561 124.695053 120.703850 105.495514 87.075966 71.086159 84.766602 97.567825 105.605545 105.317490 96.821899 84.584419 62.558052 71.027420 78.911644 84.602966 86.574654 84.339035 79.186668,
 79.579803 94.226837 109.231468 116.782211 112.011147 99.196991 86.085800 87.245026 105.504562 124.263748 133.286545 125.918274 108.495407 91.086060 94.077286 115.485634 137.653427 148.189117 138.311234 116.769142 95.714996 97.230629 119.811340 143.211853 154.336838 143.211853 119.811340 97.230629 95.714996 116.769142 138.311234 148.189117 137.653427 115.485634 94.077286 91.086060 108.495407 125.918274 133.286545 124.263748 105.504562 87.245026 86.085800 99.196991 112.011147 116.782211 109.231468 94.226837 79.579803,
 76.612267 85.705612 94.032921 100.462975 103.799965 103.509552 100.475197 86.299591 100.320068 113.042763 121.266640 121.891685 114.932266 104.313995 95.474686 114.143486 131.224304 140.685760 137.213989 122.885216 105.278290 102.268257 122.807358 141.208664 149.126083 141.208664 122.807358 102.268257 105.278290 122.885216 137.213989 140.685760 131.224304 114.143486 95.474686 104.313995 114.932266 121.891685 121.266640 113.042763 100.320068 86.299591 100.475197 103.509552 103.799965 100.462975 94.032921 85.705612 76.612267,
 135.123260 145.369705 152.606934 156.724121 156.969360 153.185959 146.305786 166.640518 183.964432 198.527191 205.629654 202.346252 190.777328 175.351547 207.090118 239.366211 268.181183 281.522888 272.271698 246.412018 215.123322 231.269562 272.573792 309.257294 324.827271 309.257294 272.573792 231.269562 215.123322 246.412018 272.271698 281.522888 268.181183 239.366211 207.090118 175.351547 190.777328 202.346252 205.629654 198.527191 183.964432 166.640518 146.305786 153.185959 156.969360 156.724121 152.606934 145.369705 135.123260,
 184.549683 215.612442 226.669830 215.047974 192.153656 171.527512 157.634491 206.626297 255.246582 282.451172 272.217529 234.319168 193.372742 164.613571 208.102234 272.348511 324.701019 330.775757 286.529205 225.378723 176.652649 193.877930 258.183289 326.072296 357.799591 326.072296 258.183289 193.877930 176.652649 225.378723 286.529205 330.775757 324.701019 272.348511 208.102234 164.613571 193.372742 234.319168 272.217529 282.451172 255.246582 206.626297 157.634491 171.527512 192.153656 215.047974 226.669830 215.612442 184.549683,
 192.748230 254.262634 324.606262 369.599152 366.054260 328.897339 288.663910 214.897919 284.930786 368.904358 419.756958 402.886047 343.114746 285.906342 239.546082 317.095917 411.629150 464.537048 431.412781 349.364777 277.420593 261.864899 341.218933 436.501465 483.772614 436.501465 341.218933 261.864899 277.420593 349.364777 431.412781 464.537048 411.629150 317.095917 239.546082 285.906342 343.114746 402.886047 419.756958 368.904358 284.930786 214.897919 288.663910 328.897339 366.054260 369.599152 324.606262 254.262634 192.748230,
 209.987457 252.319824 304.680389 357.717712 394.776947 402.183594 378.094757 234.442596 293.939026 366.105682 428.128723 452.438873 430.142822 376.891327 268.831177 346.657074 433.496338 492.325409 488.928101 430.277985 352.089478 311.512573 398.563904 482.616211 519.768433 482.616211 398.563904 311.512573 352.089478 430.277985 488.928101 492.325409 433.496338 346.657074 268.831177 376.891327 430.142822 452.438873 428.128723 366.105682 293.939026 234.442596 378.094757 402.183594 394.776947 357.717712 304.680389 252.319824 209.987457,
 20.910217 53.851089 88.275055 119.150948 143.468979 160.803238 171.417038 75.172165 115.064545 156.060364 186.923920 199.958801 195.544708 179.412064 147.663086 210.601929 270.444336 300.229950 286.351990 242.191284 190.617126 189.973419 265.096954 337.679810 369.632874 337.679810 265.096954 189.973419 190.617126 242.191284 286.351990 300.229950 270.444336 210.601929 147.663086 179.412064 195.544708 199.958801 186.923920 156.060364 115.064545 75.172165 171.417038 160.803238 143.468979 119.150948 88.275055 53.851089 20.910217,
 63.198479 120.094978 171.248276 194.420364 193.946182 195.343872 209.940186 115.291176 186.911682 249.544952 261.178864 229.514374 200.314972 197.192078 160.973877 248.718628 340.322662 362.151123 300.140167 224.436127 185.770020 179.611816 256.477203 362.554810 418.747070 362.554810 256.477203 179.611816 185.770020 224.436127 300.140167 362.151123 340.322662 248.718628 160.973877 197.192078 200.314972 229.514374 261.178864 249.544952 186.911682 115.291176 209.940186 195.343872 193.946182 194.420364 171.248276 120.094978 63.198479,
 111.225739 191.877838 287.249359 344.703247 343.979645 321.360199 302.676910 158.626404 249.012054 371.620697 434.995209 399.229401 338.167328 297.296936 205.366531 297.507965 444.784698 522.598511 449.728668 341.217010 278.908203 247.128067 328.514496 473.095123 562.199463 473.095123 328.514496 247.128067 278.908203 341.217010 449.728668 522.598511 444.784698 297.507965 205.366531 297.296936 338.167328 399.229401 434.995209 371.620697 249.012054 158.626404 302.676910 321.360199 343.979645 344.703247 287.249359 191.877838 111.225739,
 80.843292 130.313660 186.520020 236.798523 270.191162 278.447754 262.126526 115.437050 168.327087 238.442307 304.711517 331.252380 306.424713 255.903778 157.922318 230.581635 331.471252 411.529510 407.481934 330.139191 244.746658 209.561844 303.508789 417.387878 474.706757 417.387878 303.508789 209.561844 244.746658 330.139191 407.481934 411.529510 331.471252 230.581635 157.922318 255.903778 306.424713 331.252380 304.711517 238.442307 168.327087 115.437050 262.126526 278.447754 270.191162 236.798523 186.520020 130.313660 80.843292,
 -38.389153 -2.902618 33.902473 65.413986 88.620934 100.869347 98.951805 -2.831039 39.235603 77.000610 102.128571 112.548920 109.593224 93.325729 41.613216 90.467789 130.982086 149.556885 142.729248 119.309952 85.780518 73.369781 121.345749 161.761047 178.883759 161.761047 121.345749 73.369781 85.780518 119.309952 142.729248 149.556885 130.982086 90.467789 41.613216 93.325729 109.593224 112.548920 102.128571 77.000610 39.235603 -2.831039 98.951805 100.869347 88.620934 65.413986 33.902473 -2.902618 -38.389153,
 -19.197817 15.093459 42.294014 52.488724 46.959610 32.520458 23.854120 -3.999353 42.361969 79.141960 86.619339 69.545235 42.250046 18.455824 9.643086 66.762932 120.097610 133.506470 102.195908 55.050957 13.262551 13.191778 69.383110 130.456894 160.294006 130.456894 69.383110 13.191778 13.262551 55.050957 102.195908 133.506470 120.097610 66.762932 9.643086 18.455824 42.250046 69.545235 86.619339 79.141960 42.361969 -3.999353 23.854120 32.520458 46.959610 52.488724 42.294014 15.093459 -19.197817,
 -34.130470 -14.614399 8.423798 24.460236 37.465981 51.393414 60.612366 -15.454163 12.576887 47.204109 61.182106 54.310204 52.577850 55.026337 4.287189 34.167431 78.631516 99.335541 74.400894 50.307621 41.176647 23.277109 45.651337 87.632927 116.945084 87.632927 45.651337 23.277109 41.176647 50.307621 74.400894 99.335541 78.631516 34.167431 4.287189 55.026337 52.577850 54.310204 61.182106 47.204109 12.576887 -15.454163 60.612366 51.393414 37.465981 24.460236 8.423798 -14.614399 -34.130470,
 -35.995750 -14.152096 8.616730 29.950399 44.920807 49.460167 46.352104 -11.268375 9.410538 24.823071 42.663303 59.762302 62.621590 52.509602 5.209838 18.227890 40.139545 72.649055 85.779999 65.286163 36.622585 13.573261 37.131298 75.576752 98.635284 75.576752 37.131298 13.573261 36.622585 65.286163 85.779999 72.649055 40.139545 18.227890 5.209838 52.509602 62.621590 59.762302 42.663303 24.823071 9.410538 -11.268375 46.352104 49.460167 44.920807 29.950399 8.616730 -14.152096 -35.995750,

Pairwise cross-correlations of the modulus of all oriented sub-bands at the same scale (size QxQ)
 126.717163 88.601257 62.391968 95.042290,
 88.601257 132.820023 99.846603 66.191109,
 62.391968 99.846603 154.336914 108.168388,
 95.042290 66.191109 108.168388 149.126099,
 324.827301 275.604431 283.060059 325.921967,
 275.604431 357.799622 318.733704 303.026123,
 283.060059 318.733704 483.772644 430.659546,
 325.921967 303.026123 430.659546 519.768555,
 369.632935 310.015320 296.202759 304.937347,
 310.015320 418.747131 365.547668 306.034668,
 296.202759 365.547668 562.199524 450.652740,
 304.937347 306.034668 450.652740 474.706787,
 178.883759 117.547012 99.847687 92.804932,
 117.547012 160.294006 85.190361 68.462799,
 99.847687 85.190361 116.945091 80.079918,
 92.804932 68.462799 80.079918 98.635284,

Cross-correlations of the modulus of all oriented sub-bands with all oriented sub-bands at the coarser scale (size QxQ)
 174.496750 151.369019 146.700851 181.217514,
 152.301392 189.920181 181.157410 165.429337,
 130.977097 161.977448 237.020859 210.887787,
 156.751694 136.159027 205.496078 244.424377,
 265.918488 276.358612 279.455963 275.788605,
 280.224609 320.814911 308.244324 265.022491,
 265.094330 327.036804 409.945404 363.336823,
 292.488342 312.108826 399.911682 399.119385,
 132.732712 81.379837 92.561691 108.060028,
 159.496552 137.155457 119.395897 115.308670,
 194.625809 130.878479 154.530243 150.621964,
 184.553894 120.324356 125.291809 139.819626,

Cross-correlations of the real part of each oriented sub-band with both the real and imaginary part of all phase-doubled oriented sub-bands at the next coarser scale (Q matrices of size 1x2Q, which are computed and stored in a matrix of size Qx2Q)
 58.313900 26.388891 3.829687 26.906122 -3.227765 -1.065925 0.089383 -0.389687,
 26.163097 63.858940 29.881422 2.845563 -2.406713 -0.515606 2.198112 -0.297663,
 3.622706 29.740593 77.030495 36.602455 -0.499088 0.923617 3.907952 -3.033277,
 27.936098 2.709625 39.453754 71.894577 -1.335907 -0.085863 1.375712 -4.094045,
 -86.518517 -33.688690 -2.610189 -29.733366 -3.262770 -5.572899 0.162871 3.692394,
 -40.142632 -81.693779 -40.015999 -3.958547 -2.433191 -15.633256 -0.130725 2.293885,
 -3.796669 -44.610260 -95.440163 -35.786774 -0.895899 -0.644145 6.237045 12.620407,
 -37.208420 -7.298742 -40.830139 -69.630356 0.027800 3.715119 7.317397 15.354539,
 -47.755306 -21.812218 -1.995867 -12.731834 -2.120937 26.058905 0.779457 18.698929,
 -33.481426 -58.155838 -27.524645 -1.528120 11.844067 14.010759 -9.706708 2.452829,
 -5.133974 -26.335310 -49.436031 0.922112 0.769117 -21.337242 -1.174111 23.523964,
 -16.935455 -0.282411 -13.880152 -10.829568 -7.306200 -0.718746 9.523676 45.471367,
