Low-band skewness and kurtosis
 -2.354228 6.863439,
 -2.410012 7.555510,
 -1.986571 6.075057,
 -1.661650 4.928355,
 -1.356016 3.748509,

High-band variance
 120.580315,

Skewness, kurtosis, variance, mean, maximum and minimum of the reconstructed texture
 -2.343954 6.635365 6217.282715 224.895508 255.000000 0.000000,

Auto-correlations of the low-frequency bands at each scale
 2832.278320 3318.981445 3681.971191 3836.860840 3738.659668 3427.824707 2986.503906 3284.783936 3924.740723 4478.690430 4724.635742 4522.563477 4009.519531 3401.365967 3646.385742 4463.642578 5273.883301 5645.363770 5296.079590 4507.316406 3705.300781 3806.764160 4706.857910 5640.700195 6070.313965 5640.700195 4706.857910 3806.764160 3705.300781 4507.316406 5296.079590 5645.363770 5273.883301 4463.642578 3646.385742 3401.365967 4009.519531 4522.563477 4724.635742 4478.690430 3924.740723 3284.783936 2986.503906 3427.824707 3738.659668 3836.860840 3681.971191 3318.981445 2832.278320,
 1507.004150 1615.712036 1849.980225 2021.260498 1955.369873 1766.859741 1682.958740 1543.035400 1957.858398 2693.509766 3118.090088 2804.417969 2164.056641 1790.129639 1750.250000 2628.059082 4038.067139 4792.552246 4117.321777 2785.125977 1933.180664 1952.236572 3059.197266 4771.660156 5657.308105 4771.660156 3059.197266 1952.236572 1933.180664 2785.125977 4117.321777 4792.552246 4038.067139 2628.059082 1750.250000 1790.129639 2164.056641 2804.417969 3118.090088 2693.509766 1957.858398 1543.035400 1682.958740 1766.859741 1955.369873 2021.260498 1849.980225 1615.712036 1507.004150,
 952.987061 1123.896484 1361.107422 1715.248779 1862.070801 1967.416016 2120.328369 1294.320068 1271.055054 1512.367432 1865.570557 1742.665283 1622.789429 1801.904297 1387.038574 1558.517700 2466.209473 3204.949219 2554.534180 1624.119507 1414.985596 1320.707642 1767.893677 3196.490723 4184.312988 3196.490723 1767.893677 1320.707642 1414.985596 1624.119507 2554.534180 3204.949219 2466.209473 1558.517700 1387.038574 1801.904297 1622.789429 1742.665283 1865.570557 1512.367432 1271.055054 1294.320068 2120.328369 1967.416016 1862.070801 1715.248779 1361.107422 1123.896484 952.987061,
 -653.007446 -268.625427 318.940735 937.989868 1401.251953 1685.032227 1673.213989 -334.390991 177.114075 916.536072 1601.570312 1870.681152 1814.109131 1524.363281 64.120789 699.581726 1596.877441 2252.562988 2126.419189 1609.036865 1095.923584 546.624451 1198.721069 2074.719971 2567.987305 2074.719971 1198.721069 546.624451 1095.923584 1609.036865 2126.419189 2252.562988 1596.877441 699.581726 64.120789 1524.363281 1814.109131 1870.681152 1601.570312 916.536072 177.114075 -334.390991 1673.213989 1685.032227 1401.251953 937.989868 318.940735 -268.625427 -653.007446,
 -444.012360 -810.549133 -975.704468 -575.183594 216.554565 653.286682 425.234772 -911.406677 -1020.503479 -586.723816 426.462830 1244.333984 1092.007568 232.792786 -1055.653809 -694.413696 372.082886 1564.625244 1768.709351 828.533203 -307.210907 -826.131470 56.574318 1388.625244 2077.607422 1388.625244 56.574318 -826.131470 -307.210907 828.533203 1768.709351 1564.625244 372.082886 -694.413696 -1055.653809 232.792786 1092.007568 1244.333984 426.462830 -586.723816 -1020.503479 -911.406677 425.234772 653.286682 216.554565 -575.183594 -975.704468 -810.549133 -444.012360,

Auto-correlations of the modulus of each oriented sub-band
 74.238907 80.590401 86.454597 89.332870 87.808434 82.662010 76.254410 87.566620 97.976128 107.392738 111.577316 108.316368 99.196022 88.349640 100.814796 115.758026 129.117386 134.749847 129.600143 116.338913 101.041786 106.772156 124.099548 139.528625 145.855850 139.528625 124.099548 106.772156 101.041786 116.338913 129.600143 134.749847 129.117386 115.758026 100.814796 88.349640 99.196022 108.316368 111.577316 107.392738 97.976128 87.566620 76.254410 82.662010 87.808434 89.332870 86.454597 80.590401 74.238907,
 92.578087 97.887474 100.769798 99.529907 94.076607 86.182503 77.996101 97.942444 110.289543 119.330978 120.333969 112.552109 99.614876 86.104691 100.708641 119.435059 135.188599 139.704697 130.251343 112.513229 93.843208 99.268082 120.371391 139.772552 148.150970 139.772552 120.371391 99.268082 93.843208 112.513229 130.251343 139.704697 135.188599 119.435059 100.708641 86.104691 99.614876 112.552109 120.333969 119.330978 110.289543 97.942444 77.996101 86.182503 94.076607 99.529907 100.769798 97.887474 92.578087,
 79.621178 93.060043 105.574142 111.039650 105.919067 94.005371 81.617043 86.880371 103.839508 120.468208 127.950409 120.648979 104.325089 87.886810 93.440018 113.539482 133.889130 143.354279 133.975616 113.729591 93.797668 96.176262 117.527863 139.398819 149.726028 139.398819 117.527863 96.176262 93.797668 113.729591 133.975616 143.354279 133.889130 113.539482 93.440018 87.886810 104.325089 120.648979 127.950409 120.468208 103.839508 86.880371 81.617043 94.005371 105.919067 111.039650 105.574142 93.060043 79.621178,
 80.574463 89.470230 97.011063 101.521835 102.130081 99.349762 95.099121 87.878784 102.205727 115.432999 123.103043 121.624603 111.993523 99.808426 95.180954 114.647064 133.257370 143.164154 138.087112 121.250961 102.134094 100.524582 122.264778 142.813477 151.807587 142.813477 122.264778 100.524582 102.134094 121.250961 138.087112 143.164154 133.257370 114.647064 95.180954 99.808426 111.993523 121.624603 123.103043 115.432999 102.205727 87.878784 95.099121 99.349762 102.130081 101.521835 97.011063 89.470230 80.574463,
 213.576553 226.921478 239.830170 249.781021 253.776825 251.955170 247.478043 259.396332 281.848785 302.838440 314.751129 311.812256 296.831512 277.828094 309.867035 346.143768 379.567261 395.006409 382.986938 351.340607 315.685272 333.591125 377.837830 418.693939 436.247803 418.693939 377.837830 333.591125 315.685272 351.340607 382.986938 395.006409 379.567261 346.143768 309.867035 277.828094 296.831512 311.812256 314.751129 302.838440 281.848785 259.396332 247.478043 251.955170 253.776825 249.781021 239.830170 226.921478 213.576553,
 258.574158 280.508667 280.689087 262.382690 239.493896 220.384705 205.588867 284.073456 324.925354 344.232269 328.273285 290.391815 251.912048 220.353836 288.973175 347.291229 395.140167 397.968506 353.142914 294.874786 245.656464 272.708160 334.012512 399.110474 430.621033 399.110474 334.012512 272.708160 245.656464 294.874786 353.142914 397.968506 395.140167 347.291229 288.973175 220.353836 251.912048 290.391815 328.273285 344.232269 324.925354 284.073456 205.588867 220.384705 239.493896 262.382690 280.689087 280.508667 258.574158,
 210.544739 249.179779 294.053040 313.832581 293.328430 254.067352 225.216522 227.448257 275.006805 333.451324 359.421265 326.567719 268.260040 225.848984 237.263443 293.523193 366.390381 401.813171 360.035339 285.717163 231.563461 237.667648 297.161255 377.322021 420.209747 377.322021 297.161255 237.667648 231.563461 285.717163 360.035339 401.813171 366.390381 293.523193 237.263443 225.848984 268.260040 326.567719 359.421265 333.451324 275.006805 227.448257 225.216522 254.067352 293.328430 313.832581 294.053040 249.179779 210.544739,
 195.274902 215.667480 238.337601 264.728577 287.270813 295.389862 287.820312 220.463974 249.079895 285.213806 321.243164 338.362000 327.531067 300.547150 247.892639 288.564087 339.983551 380.309143 379.105316 340.862061 295.903259 275.592651 324.921051 380.466919 408.054260 380.466919 324.921051 275.592651 295.903259 340.862061 379.105316 380.309143 339.983551 288.564087 247.892639 300.547150 327.531067 338.362000 321.243164 285.213806 249.079895 220.463974 287.820312 295.389862 287.270813 264.728577 238.337601 215.667480 195.274902,
 135.406235 185.433929 236.251892 285.415955 328.368530 356.385590 359.128723 183.601562 242.793854 302.935516 349.667236 371.442535 366.294403 338.640991 253.737671 332.972717 409.525330 451.520233 439.912048 387.154480 320.773743 304.371643 395.200867 479.721558 515.723145 479.721558 395.200867 304.371643 320.773743 387.154480 439.912048 451.520233 409.525330 332.972717 253.737671 338.640991 366.294403 371.442535 349.667236 302.935516 242.793854 183.601562 359.128723 356.385590 328.368530 285.415955 236.251892 185.433929 135.406235,
 157.465057 207.227966 230.243607 237.554657 249.652115 264.124023 266.371582 211.365784 286.470703 326.855194 316.176666 287.072479 268.994629 258.176056 245.768234 340.627136 429.066345 432.753906 364.635315 296.915833 254.916275 255.593369 334.684326 441.507935 502.437592 441.507935 334.684326 255.593369 254.916275 296.915833 364.635315 432.753906 429.066345 340.627136 245.768234 258.176056 268.994629 287.072479 316.176666 326.855194 286.470703 211.365784 266.371582 264.124023 249.652115 237.554657 230.243607 207.227966 157.465057,
 145.570816 200.068756 296.063538 372.912903 384.441162 379.298309 382.869324 208.689453 262.641785 371.497559 455.048950 436.986084 392.338684 377.953979 269.610229 322.834808 443.550049 531.528564 477.724976 389.943146 357.371460 320.662384 367.500732 484.080261 564.731812 484.080261 367.500732 320.662384 357.371460 389.943146 477.724976 531.528564 443.550049 322.834808 269.610229 377.953979 392.338684 436.986084 455.048950 371.497559 262.641785 208.689453 382.869324 379.298309 384.441162 372.912903 296.063538 200.068756 145.570816,
 133.720779 184.409851 243.427185 309.721619 358.874695 370.702087 360.820312 181.683075 237.004028 315.370911 397.911804 436.134155 409.290771 362.909821 235.028992 306.689087 411.616882 504.160492 501.861877 417.678223 337.788696 290.962250 377.168091 493.468231 557.806335 493.468231 377.168091 290.962250 337.788696 417.678223 501.861877 504.160492 411.616882 306.689087 235.028992 362.909821 409.290771 436.134155 397.911804 315.370911 237.004028 181.683075 360.820312 370.702087 358.874695 309.721619 243.427185 184.409851 133.720779,
 -38.455914 -14.385735 10.469481 35.326668 58.571129 76.494789 82.494888 -21.298090 12.113682 45.702587 73.039642 89.197495 92.316925 81.155159 8.070055 52.029972 94.476944 119.620186 118.383896 97.082535 65.292114 39.678776 85.457787 127.149536 145.496704 127.149536 85.457787 39.678776 65.292114 97.082535 118.383896 119.620186 94.476944 52.029972 8.070055 81.155159 92.316925 89.197495 73.039642 45.702587 12.113682 -21.298090 82.494888 76.494789 58.571129 35.326668 10.469481 -14.385735 -38.455914,
 -14.907463 -5.908178 10.460966 23.490150 26.209265 25.021151 23.349579 -10.786312 3.999789 24.490505 36.634769 34.360989 27.494034 21.329220 -3.777002 17.828852 47.007603 60.162582 46.971729 27.127172 15.145369 5.323574 25.785709 57.573174 75.328453 57.573174 25.785709 5.323574 15.145369 27.127172 46.971729 60.162582 47.007603 17.828852 -3.777002 21.329220 27.494034 34.360989 36.634769 24.490505 3.999789 -10.786312 23.349579 25.021151 26.209265 23.490150 10.460966 -5.908178 -14.907463,
 -7.867351 3.140365 11.540041 14.442825 16.544739 20.150398 17.835831 -0.472161 10.255677 23.792770 28.597771 22.859612 20.339741 15.609578 6.599290 15.907763 35.289619 47.000298 31.313766 19.569296 13.154658 10.749258 18.530960 38.131813 57.207001 38.131813 18.530960 10.749258 13.154658 19.569296 31.313766 47.000298 35.289619 15.907763 6.599290 15.609578 20.339741 22.859612 28.597771 23.792770 10.255677 -0.472161 17.835831 20.150398 16.544739 14.442825 11.540041 3.140365 -7.867351,
 -32.805691 -8.224941 16.684912 39.258549 57.534958 68.115356 67.331863 -13.892948 16.003874 44.585011 67.964340 80.761047 79.096817 64.265579 15.825071 54.241520 90.836441 115.635674 116.908081 95.177368 61.335495 46.515198 90.049347 128.589951 145.365341 128.589951 90.049347 46.515198 61.335495 95.177368 116.908081 115.635674 90.836441 54.241520 15.825071 64.265579 79.096817 80.761047 67.964340 44.585011 16.003874 -13.892948 67.331863 68.115356 57.534958 39.258549 16.684912 -8.224941 -32.805691,

Pairwise cross-correlations of the modulus of all oriented sub-bands at the same scale (size QxQ)
 145.855865 103.562752 69.506981 105.528122,
 103.562752 148.150970 104.594666 72.019684,
 69.506981 104.594666 149.726044 106.131561,
 105.528122 72.019684 106.131561 151.807602,
 436.247864 346.098328 295.811584 344.969696,
 346.098328 430.621124 332.984833 290.998444,
 295.811584 332.984833 420.209778 317.473938,
 344.969696 290.998444 317.473938 408.054321,
 515.723145 370.345459 387.485931 440.776398,
 370.345459 502.437683 409.509827 348.040283,
 387.485931 409.509827 564.731934 451.242950,
 440.776398 348.040283 451.242950 557.806396,
 145.496689 61.389992 52.095039 111.903229,
 61.389992 75.328453 30.287731 32.100140,
 52.095039 30.287731 57.206993 62.672417,
 111.903229 32.100140 62.672417 145.365341,

Cross-correlations of the modulus of all oriented sub-bands with all oriented sub-bands at the coarser scale (size QxQ)
 216.041382 176.560806 141.655914 172.919418,
 184.588974 220.528320 179.561096 145.928513,
 147.352554 178.249252 216.918365 173.887451,
 187.526505 151.637619 179.358414 214.483047,
 372.660736 311.735931 339.548157 353.964386,
 338.069305 358.360535 353.196350 317.377716,
 310.140961 307.962280 382.806030 338.815582,
 333.091400 275.591675 365.319824 391.552460,
 195.311218 71.844604 85.204391 183.857315,
 169.172287 98.726868 86.287582 157.582520,
 172.609985 73.164589 106.776787 194.281464,
 179.831329 54.812321 100.046463 202.321671,

Cross-correlations of the real part of each oriented sub-band with both the real and imaginary part of all phase-doubled oriented sub-bands at the next coarser scale (Q matrices of size 1x2Q, which are computed and stored in a matrix of size Qx2Q)
 79.750923 35.425682 4.087176 38.181351 3.971447 -0.180590 0.250492 -0.644787,
 37.196438 77.750732 31.610775 4.173635 0.754983 -2.033449 -0.420447 0.423040,
 4.104763 33.766861 68.758385 33.202377 -0.648322 -0.885024 1.382813 1.721368,
 35.888290 3.709066 30.706810 79.422279 1.118503 0.280934 1.612920 -0.121952,
 -65.551514 -45.807404 -2.433215 -45.849899 16.720921 -8.324141 -0.489549 -2.153400,
 -34.788212 -83.886681 -13.312659 -1.362016 3.475764 -15.218344 7.952927 1.102911,
 -5.788509 -23.955801 -37.804245 -36.597801 -1.274037 -2.851734 20.844992 -3.133985,
 -32.710678 -2.505511 -24.153854 -98.535149 7.844281 0.615097 6.400805 -6.942498,
 14.923241 -19.505276 0.722813 6.993496 0.970747 -18.063898 -1.786942 11.478067,
 2.163826 -39.895016 -21.341345 3.780157 -18.142990 -31.843132 -1.131297 4.725035,
 0.927925 -19.636911 -38.141220 -6.417356 -4.088079 -2.324764 19.013493 -1.489433,
 11.509706 -2.641555 -11.495970 -9.637471 5.405357 3.516248 13.242878 3.027981,
