Low-band skewness and kurtosis
 -2.206504 6.209361,
 -2.272260 6.977076,
 -1.732924 5.074932,
 -1.195287 3.445137,
 -1.039044 3.088046,

High-band variance
 145.522690,

Skewness, kurtosis, variance, mean, maximum and minimum of the reconstructed texture
 -2.193796 5.960372 6617.834473 222.234863 255.000000 0.000000,

Auto-correlations of the low-frequency bands at each scale
 2660.664551 3122.183105 3440.383057 3539.549561 3395.930420 3063.393555 2619.004395 3281.167969 3934.406250 4481.162109 4692.848633 4437.298828 3881.162598 3253.354980 3746.433838 4633.971191 5505.536133 5889.676270 5481.358398 4608.540527 3742.120361 3928.728516 4924.584961 5961.334961 6441.030273 5961.334961 4924.584961 3928.728516 3742.120361 4608.540527 5481.358398 5889.676270 5505.536133 4633.971191 3746.433838 3253.354980 3881.162598 4437.298828 4692.848633 4481.162109 3934.406250 3281.167969 2619.004395 3063.393555 3395.930420 3539.549561 3440.383057 3122.183105 2660.664551,
 1056.633911 1077.118164 1158.116333 1219.434937 1171.640503 1104.089844 1076.354370 1260.407837 1639.585938 2262.212158 2579.310059 2234.114014 1639.577637 1285.999878 1644.664307 2602.582031 4057.353760 4791.570312 4023.125732 2582.257812 1636.782471 1842.151123 3106.340576 4986.746582 5951.879883 4986.746582 3106.340576 1842.151123 1636.782471 2582.257812 4023.125732 4791.570312 4057.353760 2602.582031 1644.664307 1285.999878 1639.577637 2234.114014 2579.310059 2262.212158 1639.585938 1260.407837 1076.354370 1104.089844 1171.640503 1219.434937 1158.116333 1077.118164 1056.633911,
 914.222290 890.098022 756.621033 762.666382 929.419250 1119.118774 1163.364136 1032.422729 891.097656 886.442627 1019.880493 927.440918 815.132324 871.350220 1034.605591 1254.315063 2179.331787 2863.854492 2150.855225 1044.577026 665.778198 854.173218 1492.406250 3145.040527 4206.374512 3145.040527 1492.406250 854.173218 665.778198 1044.577026 2150.855225 2863.854492 2179.331787 1254.315063 1034.605591 871.350220 815.132324 927.440918 1019.880493 886.442627 891.097656 1032.422729 1163.364136 1119.118774 929.419250 762.666382 756.621033 890.098022 914.222290,
 422.612518 579.700378 545.399231 618.767944 822.883850 799.967468 502.044342 614.838135 622.312744 703.360229 805.764893 775.793823 710.112793 654.009155 582.437073 674.953552 1256.057251 1673.922607 1279.211792 737.308167 602.625061 542.812561 778.714600 1669.599243 2281.578125 1669.599243 778.714600 542.812561 602.625061 737.308167 1279.211792 1673.922607 1256.057251 674.953552 582.437073 654.009155 710.112793 775.793823 805.764893 703.360229 622.312744 614.838135 502.044342 799.967468 822.883850 618.767944 545.399231 579.700378 422.612518,
 -677.065125 -382.625732 -35.559509 201.437561 171.203064 -138.590637 -541.489929 -513.506348 -176.265808 269.807770 592.366455 532.828247 111.094421 -374.151642 -310.157684 140.470108 742.389099 1109.007080 902.505188 296.984497 -251.825089 -210.483139 336.349762 1033.271118 1372.542480 1033.271118 336.349762 -210.483139 -251.825089 296.984497 902.505188 1109.007080 742.389099 140.470108 -310.157684 -374.151642 111.094421 532.828247 592.366455 269.807770 -176.265808 -513.506348 -541.489929 -138.590637 171.203064 201.437561 -35.559509 -382.625732 -677.065125,

Auto-correlations of the modulus of each oriented sub-band
 68.709457 76.266388 83.129166 85.791275 82.730942 75.640594 68.136307 85.402870 97.757050 108.781013 113.160355 108.533257 97.341980 85.008171 101.964348 119.405090 134.968079 141.312790 135.050598 119.517639 102.103127 109.578812 129.440872 147.264496 154.570251 147.264496 129.440872 109.578812 102.103127 119.517639 135.050598 141.312790 134.968079 119.405090 101.964348 85.008171 97.341980 108.533257 113.160355 108.781013 97.757050 85.402870 68.136307 75.640594 82.730942 85.791275 83.129166 76.266388 68.709457,
 96.593811 101.467422 102.951111 99.708160 92.676697 83.864304 74.914398 100.984749 115.318954 125.507988 125.861130 116.317741 101.288498 85.498726 103.010689 125.596542 144.655777 149.894562 138.393356 117.196640 94.781975 101.001633 126.552658 150.052338 160.200699 150.052338 126.552658 101.001633 94.781975 117.196640 138.393356 149.894562 144.655777 125.596542 103.010689 85.498726 101.288498 116.317741 125.861130 125.507988 115.318954 100.984749 74.914398 83.864304 92.676697 99.708160 102.951111 101.467422 96.593811,
 80.193588 98.000473 117.073792 126.727570 119.590973 100.776260 81.449783 88.978554 111.749474 135.723907 147.514069 137.711975 113.812935 89.817924 96.893677 124.269066 152.756775 166.470047 153.883057 125.387260 97.348206 100.256668 129.721466 160.104858 174.312378 160.104858 129.721466 100.256668 97.348206 125.387260 153.883057 166.470047 152.756775 124.269066 96.893677 89.817924 113.812935 137.711975 147.514069 135.723907 111.749474 88.978554 81.449783 100.776260 119.590973 126.727570 117.073792 98.000473 80.193588,
 82.135124 92.954750 102.367470 108.775864 110.974083 108.815331 103.781242 93.287888 110.927376 126.424973 135.242188 134.002640 123.481377 109.077515 103.205887 126.945259 148.195633 159.031342 153.447128 134.528107 111.798050 109.864288 136.056122 159.319305 169.191284 159.319305 136.056122 109.864288 111.798050 134.528107 153.447128 159.031342 148.195633 126.945259 103.205887 109.077515 123.481377 134.002640 135.242188 126.424973 110.927376 93.287888 103.781242 108.815331 110.974083 108.775864 102.367470 92.954750 82.135124,
 152.629654 164.819351 175.366699 180.293121 177.060120 166.792221 153.242722 204.644043 228.879959 250.385178 260.296997 253.179276 232.933701 208.259552 266.545898 308.737549 346.409576 362.534180 347.050934 309.244263 266.541382 295.283081 348.030426 396.013855 416.796875 396.013855 348.030426 295.283081 266.541382 309.244263 347.050934 362.534180 346.409576 308.737549 266.545898 208.259552 232.933701 253.179276 260.296997 250.385178 228.879959 204.644043 153.242722 166.792221 177.060120 180.293121 175.366699 164.819351 152.629654,
 246.026215 269.171478 263.572754 235.016998 200.192978 171.319366 149.144592 265.062042 316.492828 338.630798 316.868896 266.247742 214.915878 176.882477 262.588257 336.002899 395.806885 399.237305 342.440796 267.508087 208.864670 240.453583 315.452301 397.895447 437.491760 397.895447 315.452301 240.453583 208.864670 267.508087 342.440796 399.237305 395.806885 336.002899 262.588257 176.882477 214.915878 266.247742 316.868896 338.630798 316.492828 265.062042 149.144592 171.319366 200.192978 235.016998 263.572754 269.171478 246.026215,
 231.228500 291.840454 350.560211 371.049377 338.477386 282.048645 237.894058 242.579254 319.238281 400.273590 434.040527 391.529510 312.273987 248.013031 252.054352 341.471985 442.445923 489.468994 437.975891 338.041931 255.201447 256.876556 349.437500 458.440063 512.720093 458.440063 349.437500 256.876556 255.201447 338.041931 437.975891 489.468994 442.445923 341.471985 252.054352 248.013031 312.273987 391.529510 434.040527 400.273590 319.238281 242.579254 237.894058 282.048645 338.477386 371.049377 350.560211 291.840454 231.228500,
 166.339310 189.952408 221.019501 255.767715 283.412445 290.693298 274.059937 190.855988 231.862671 286.279327 338.689026 361.633698 343.677917 301.343719 225.966827 287.462891 363.919006 421.571716 419.303894 364.186401 297.262848 266.397400 340.358765 420.361145 458.761902 420.361145 340.358765 266.397400 297.262848 364.186401 419.303894 421.571716 363.919006 287.462891 225.966827 301.343719 343.677917 361.633698 338.689026 286.279327 231.862671 190.855988 274.059937 290.693298 283.412445 255.767715 221.019501 189.952408 166.339310,
 120.126328 131.815155 140.084183 142.170609 136.945908 125.744225 112.710526 150.319412 176.164154 197.527008 204.121353 191.657745 165.390106 136.308578 179.361694 238.497772 295.871704 319.419983 293.211487 233.704437 170.848419 191.700836 275.554565 359.352051 396.481720 359.352051 275.554565 191.700836 170.848419 233.704437 293.211487 319.419983 295.871704 238.497772 179.361694 136.308578 165.390106 191.657745 204.121353 197.527008 176.164154 150.319412 112.710526 125.744225 136.945908 142.170609 140.084183 131.815155 120.126328,
 204.159088 238.309814 255.176895 246.807755 214.650223 173.289795 136.036346 236.388000 309.204529 355.789734 340.279510 276.757263 201.878235 140.091248 240.110794 350.445007 452.060699 462.870728 372.669220 257.516968 167.387650 208.207657 323.215179 459.827576 529.352295 459.827576 323.215179 208.207657 167.387650 257.516968 372.669220 462.870728 452.060699 350.445007 240.110794 140.091248 201.878235 276.757263 340.279510 355.789734 309.204529 236.388000 136.036346 173.289795 214.650223 246.807755 255.176895 238.309814 204.159088,
 221.190475 263.149200 306.336273 342.369690 344.723175 318.891449 287.267883 238.418640 308.609924 397.047180 461.501007 433.763977 354.291748 292.412537 262.777222 355.606171 490.265533 580.903870 513.304138 381.207367 292.549072 283.420837 383.673462 538.501587 634.595459 538.501587 383.673462 283.420837 292.549072 381.207367 513.304138 580.903870 490.265533 355.606171 262.777222 292.412537 354.291748 433.763977 461.501007 397.047180 308.609924 238.418640 287.267883 318.891449 344.723175 342.369690 306.336273 263.149200 221.190475,
 121.709457 161.931580 200.993286 236.927246 254.105591 245.950684 234.101517 164.702240 216.539520 278.270660 340.953552 356.883270 318.494659 273.131683 214.993790 283.482849 381.707397 467.798676 452.964600 363.472107 282.922485 258.031219 344.742126 463.709534 531.619629 463.709534 344.742126 258.031219 282.922485 363.472107 452.964600 467.798676 381.707397 283.482849 214.993790 273.131683 318.494659 356.883270 340.953552 278.270660 216.539520 164.702240 234.101517 245.950684 254.105591 236.927246 200.993286 161.931580 121.709457,
 -4.565944 1.756477 9.006285 15.296473 19.382437 20.582680 18.201950 26.444355 37.985615 46.963596 48.904354 42.719433 30.755527 16.671375 64.589050 92.540680 116.065292 122.262009 106.984863 77.562805 45.661243 76.383453 118.315033 156.969025 173.706009 156.969025 118.315033 76.383453 45.661243 77.562805 106.984863 122.262009 116.065292 92.540680 64.589050 16.671375 30.755527 42.719433 48.904354 46.963596 37.985615 26.444355 18.201950 20.582680 19.382437 15.296473 9.006285 1.756477 -4.565944,
 44.899006 51.243114 41.316109 30.325754 30.538055 39.979755 46.990070 58.601055 93.140518 101.749939 82.901154 57.826679 44.596012 44.518993 54.665920 112.982986 158.690140 156.823853 112.965927 65.819000 39.102985 43.850876 98.004166 163.324402 196.212097 163.324402 98.004166 43.850876 39.102985 65.819000 112.965927 156.823853 158.690140 112.982986 54.665920 44.518993 44.596012 57.826679 82.901154 101.749939 93.140518 58.601055 46.990070 39.979755 30.538055 30.325754 41.316109 51.243114 44.899006,
 -6.528053 -2.780382 21.829777 61.653328 77.048767 57.280846 25.261940 -9.192915 11.200085 58.747730 101.651489 94.296005 55.680058 21.721373 -8.328348 25.902969 94.797386 142.860901 110.613335 49.131279 11.042341 -1.057406 38.955170 114.011200 161.956879 114.011200 38.955170 -1.057406 11.042341 49.131279 110.613335 142.860901 94.797386 25.902969 -8.328348 21.721373 55.680058 94.296005 101.651489 58.747730 11.200085 -9.192915 25.261940 57.280846 77.048767 61.653328 21.829777 -2.780382 -6.528053,
 -41.143978 -16.829498 38.905193 103.166946 137.476059 126.218826 81.452637 -24.944607 14.256184 84.948227 154.144882 174.504288 136.578812 70.962326 -6.315155 55.156685 145.999512 216.949844 209.390259 134.756165 50.041992 20.095646 102.850189 200.928024 249.893921 200.928024 102.850189 20.095646 50.041992 134.756165 209.390259 216.949844 145.999512 55.156685 -6.315155 70.962326 136.578812 174.504288 154.144882 84.948227 14.256184 -24.944607 81.452637 126.218826 137.476059 103.166946 38.905193 -16.829498 -41.143978,

Pairwise cross-correlations of the modulus of all oriented sub-bands at the same scale (size QxQ)
 154.570236 106.431213 68.628380 110.770966,
 106.431213 160.200714 114.751831 75.243126,
 68.628380 114.751831 174.312393 118.484268,
 110.770966 75.243126 118.484268 169.191284,
 416.796814 334.018616 325.853821 357.312012,
 334.018616 437.491760 388.626404 321.325012,
 325.853821 388.626404 512.720093 379.081787,
 357.312012 321.325012 379.081787 458.761932,
 396.481750 326.803528 317.121307 336.410339,
 326.803528 529.352417 401.411682 302.521484,
 317.121307 401.411682 634.595520 432.599426,
 336.410339 302.521484 432.599426 531.619690,
 173.706024 102.633896 86.941025 144.692444,
 102.633896 196.212128 107.788254 62.880547,
 86.941025 107.788254 161.956879 134.300507,
 144.692444 62.880547 134.300507 249.893890,

Cross-correlations of the modulus of all oriented sub-bands with all oriented sub-bands at the coarser scale (size QxQ)
 214.590622 179.504547 165.711380 191.625153,
 181.328827 228.391037 213.877258 164.726776,
 151.932053 197.135406 257.880066 196.089966,
 193.432037 164.386566 213.118408 239.330673,
 298.924561 301.371643 303.391968 307.405792,
 292.409729 355.084534 348.263397 299.019470,
 317.770966 368.151947 418.767334 359.101990,
 305.995850 314.996399 353.354675 368.458954,
 119.803665 122.804962 106.257782 120.686043,
 98.983749 170.561874 120.240402 74.870148,
 139.973572 194.836441 159.200226 134.069427,
 138.650848 148.335754 152.317978 184.574860,

Cross-correlations of the real part of each oriented sub-band with both the real and imaginary part of all phase-doubled oriented sub-bands at the next coarser scale (Q matrices of size 1x2Q, which are computed and stored in a matrix of size Qx2Q)
 84.422836 34.583427 4.455854 41.277145 -1.861916 1.981378 -0.401417 2.716255,
 35.186268 85.746506 46.913944 5.527829 0.848312 3.301913 1.140387 -0.491058,
 3.750636 43.131939 114.502304 52.334633 -0.231340 3.511163 -1.264489 -0.139098,
 39.780224 4.349896 53.151936 102.679237 -2.924725 1.194089 -3.158002 5.702935,
 -93.690201 -58.228817 -5.215575 -49.443222 -28.584852 5.684898 0.430045 -3.642735,
 -47.907673 -145.177429 -72.540283 -8.925861 -8.602675 44.764595 -2.548859 2.038604,
 -6.337161 -68.946228 -156.538803 -55.654804 2.444891 24.350714 -28.826181 -6.109804,
 -40.537231 -6.298611 -60.344971 -111.670547 -9.654202 -1.485149 -17.688000 -18.914726,
 -100.840561 -43.513920 -9.830258 -37.010887 -25.898949 18.606049 -2.097519 7.411202,
 -47.564480 -74.205956 -49.093533 -1.801158 10.227522 31.423954 26.341051 -0.059937,
 -5.774590 -34.566654 -131.924393 -47.381802 -1.469663 8.328363 13.249918 -24.669273,
 -46.170967 -8.054892 -78.399956 -97.713600 -31.141045 0.049016 -26.737278 -26.116438,
