Low-band skewness and kurtosis
 -2.780819 9.021305,
 -2.804757 9.476020,
 -2.610735 8.911511,
 -2.346526 7.934662,
 -1.384889 3.830214,

High-band variance
 77.357285,

Skewness, kurtosis, variance, mean, maximum and minimum of the reconstructed texture
 -2.772127 8.815162 5172.649414 231.145447 255.000000 0.000000,

Auto-correlations of the low-frequency bands at each scale
 2936.520508 3340.424072 3660.475830 3838.769531 3830.060791 3657.047607 3393.694336 3212.498047 3687.701660 4105.856934 4327.428711 4247.826660 3945.595215 3567.629883 3443.127930 4007.590088 4562.258789 4839.677734 4649.572266 4162.025391 3646.434082 3600.485352 4197.434570 4801.370117 5077.961426 4801.370117 4197.434570 3600.485352 3646.434082 4162.025391 4649.572266 4839.677734 4562.258789 4007.590088 3443.127930 3567.629883 3945.595215 4247.826660 4327.428711 4105.856934 3687.701660 3212.498047 3393.694336 3657.047607 3830.060791 3838.769531 3660.475830 3340.424072 2936.520508,
 1410.373535 1870.437988 2378.547852 2743.182861 2851.909668 2853.334473 2844.697754 1629.376831 2240.286133 2978.835693 3434.747070 3345.233643 2997.014160 2725.160156 1906.357056 2710.723389 3767.319580 4357.041016 3995.551514 3161.410400 2533.981689 2245.903809 3098.775879 4245.546387 4822.875488 4245.546387 3098.775879 2245.903809 2533.981689 3161.410400 3995.551514 4357.041016 3767.319580 2710.723389 1906.357056 2725.160156 2997.014160 3345.233643 3434.747070 2978.835693 2240.286133 1629.376831 2844.697754 2853.334473 2851.909668 2743.182861 2378.547852 1870.437988 1410.373535,
 -270.362793 122.316650 744.520996 1581.954346 2300.156738 2620.534912 2607.846191 53.384033 618.383484 1495.004883 2395.346924 2768.868164 2618.301270 2310.998291 474.310669 1217.813965 2484.232422 3454.033203 3230.024414 2376.939941 1773.422729 1091.248535 1887.124146 3242.727051 4020.758301 3242.727051 1887.124146 1091.248535 1773.422729 2376.939941 3230.024414 3454.033203 2484.232422 1217.813965 474.310669 2310.998291 2618.301270 2768.868164 2395.346924 1495.004883 618.383484 53.384033 2607.846191 2620.534912 2300.156738 1581.954346 744.520996 122.316650 -270.362793,
 -494.511719 -602.779236 -663.685547 -208.649109 879.145996 2033.338623 2291.143066 -573.951294 -705.013489 -265.026428 920.949280 2096.178711 2443.620850 1693.066284 -657.276978 -369.033569 891.366577 2397.644043 2738.070801 1816.737915 535.558960 -364.863007 616.813660 2229.658203 3110.579102 2229.658203 616.813660 -364.863007 535.558960 1816.737915 2738.070801 2397.644043 891.366577 -369.033569 -657.276978 1693.066284 2443.620850 2096.178711 920.949280 -265.026428 -705.013489 -573.951294 2291.143066 2033.338623 879.145996 -208.649109 -663.685547 -602.779236 -494.511719,
 -235.033783 -602.960266 -870.965454 -733.227661 -40.761810 656.284607 710.563110 -617.812134 -832.292114 -787.067871 -23.779633 970.550415 1134.171509 402.033844 -788.063843 -793.121887 -68.505249 1174.204468 1585.899048 726.659119 -293.131989 -744.641052 -198.158417 1073.011230 1817.298584 1073.011230 -198.158417 -744.641052 -293.131989 726.659119 1585.899048 1174.204468 -68.505249 -793.121887 -788.063843 402.033844 1134.171509 970.550415 -23.779633 -787.067871 -832.292114 -617.812134 710.563110 656.284607 -40.761810 -733.227661 -870.965454 -602.960266 -235.033783,

Auto-correlations of the modulus of each oriented sub-band
 52.769627 59.855019 65.504143 67.962654 66.751839 62.905823 58.173405 61.014191 70.460678 78.267174 81.496826 79.049385 72.425705 64.535515 69.657372 81.712967 91.949066 96.069168 92.224152 82.537491 71.247093 73.879417 87.020767 98.423141 103.052101 98.423141 87.020767 73.879417 71.247093 82.537491 92.224152 96.069168 91.949066 81.712967 69.657372 64.535515 72.425705 79.049385 81.496826 78.267174 70.460678 61.014191 58.173405 62.905823 66.751839 67.962654 65.504143 59.855019 52.769627,
 62.437138 68.465172 73.532608 76.217438 75.973892 73.222054 68.784569 68.216240 78.459618 86.847145 90.151253 87.627739 81.030342 72.719185 72.955872 86.808350 98.618851 102.983307 98.116867 87.350037 75.017914 75.250069 89.937363 102.997543 108.523026 102.997543 89.937363 75.250069 75.017914 87.350037 98.116867 102.983307 98.618851 86.808350 72.955872 72.719185 81.030342 87.627739 90.151253 86.847145 78.459618 68.216240 68.784569 73.222054 75.973892 76.217438 73.532608 68.465172 62.437138,
 42.465473 51.301891 60.839058 65.986069 63.811844 57.618999 52.092709 47.651779 58.805149 70.949425 77.064621 72.935188 63.413448 54.966972 52.811497 65.714882 80.015793 87.045395 80.938446 68.107872 56.763821 56.179977 69.239609 83.940460 91.165565 83.940460 69.239609 56.179977 56.763821 68.107872 80.938446 87.045395 80.015793 65.714882 52.811497 54.966972 63.413448 72.935188 77.064621 70.949425 58.805149 47.651779 52.092709 57.618999 63.811844 65.986069 60.839058 51.301891 42.465473,
 46.360039 52.924259 59.233612 63.644272 64.902451 63.150707 59.838234 50.989075 60.472301 69.747833 75.602760 75.445312 69.864044 62.179848 56.072739 68.508759 80.659721 87.410248 84.831520 74.782883 62.840057 60.578300 74.326134 87.168762 92.722427 87.168762 74.326134 60.578300 62.840057 74.782883 84.831520 87.410248 80.659721 68.508759 56.072739 62.179848 69.864044 75.445312 75.602760 69.747833 60.472301 50.989075 59.838234 63.150707 64.902451 63.644272 59.233612 52.924259 46.360039,
 157.548325 176.738144 191.906036 201.216705 204.159515 201.701187 195.761887 182.295502 205.523895 224.309830 233.840805 231.956589 220.983978 205.684174 208.693909 238.583435 263.880676 274.964844 267.028809 245.430847 219.476837 223.886810 256.451294 284.932190 296.889099 284.932190 256.451294 223.886810 219.476837 245.430847 267.028809 274.964844 263.880676 238.583435 208.693909 205.684174 220.983978 231.956589 233.840805 224.309830 205.523895 182.295502 195.761887 201.701187 204.159515 201.216705 191.906036 176.738144 157.548325,
 149.029526 165.850677 172.517746 171.065063 166.762161 164.031464 163.551285 163.311661 192.709885 209.605286 208.111526 193.167236 175.132736 161.253708 168.906616 209.261642 241.347443 247.115204 224.926636 191.221024 161.668488 166.163055 206.893738 247.531509 265.848633 247.531509 206.893738 166.163055 161.668488 191.221024 224.926636 247.115204 241.347443 209.261642 168.906616 161.253708 175.132736 193.167236 208.111526 209.605286 192.709885 163.311661 163.551285 164.031464 166.762161 171.065063 172.517746 165.850677 149.029526,
 97.247818 119.827805 147.802643 165.397766 163.219147 149.206833 136.471069 107.080826 136.021469 173.672989 195.786575 186.173935 159.222519 136.486542 116.775940 151.069031 196.476822 221.698349 203.550735 164.033752 132.634872 125.668396 161.340759 208.052048 232.422653 208.052048 161.340759 125.668396 132.634872 164.033752 203.550735 221.698349 196.476822 151.069031 116.775940 136.486542 159.222519 186.173935 195.786575 173.672989 136.021469 107.080826 136.471069 149.206833 163.219147 165.397766 147.802643 119.827805 97.247818,
 115.782623 137.230118 161.257126 185.083496 202.921677 209.670273 204.664948 135.152863 162.873566 194.805313 223.367569 237.563187 232.214264 212.670135 159.415482 194.875885 233.685547 261.407654 263.211761 239.880249 206.311325 185.999207 225.293060 262.514099 278.661926 262.514099 225.293060 185.999207 206.311325 239.880249 263.211761 261.407654 233.685547 194.875885 159.415482 212.670135 232.214264 237.563187 223.367569 194.805313 162.873566 135.152863 204.664948 209.670273 202.921677 185.083496 161.257126 137.230118 115.782623,
 70.160004 123.448517 172.419617 212.489151 242.088440 261.147491 267.707367 124.084091 186.514847 240.198929 276.030701 291.621124 290.431824 275.697693 182.382507 255.347488 317.177887 348.237427 342.341522 310.848145 267.764526 236.244568 304.802551 363.617859 388.062225 363.617859 304.802551 236.244568 267.764526 310.848145 342.341522 348.237427 317.177887 255.347488 182.382507 275.697693 290.431824 291.621124 276.030701 240.198929 186.514847 124.084091 267.707367 261.147491 242.088440 212.489151 172.419617 123.448517 70.160004,
 78.842056 112.660820 140.669464 166.661331 191.042145 205.224487 206.312057 122.865051 168.555725 202.548462 215.836838 217.433289 212.539856 199.360107 159.845642 215.237762 265.693054 279.821167 257.088989 223.673553 192.039673 181.778046 231.296844 285.825836 312.749786 285.825836 231.296844 181.778046 192.039673 223.673553 257.088989 279.821167 265.693054 215.237762 159.845642 199.360107 212.539856 217.433289 215.836838 202.548462 168.555725 122.865051 206.312057 205.224487 191.042145 166.661331 140.669464 112.660820 78.842056,
 31.227329 51.473499 79.527435 114.398056 134.349548 135.319962 129.731018 53.530651 75.677879 114.454140 154.594650 160.354431 143.254761 126.601944 75.929169 100.818733 148.922287 189.881989 174.762161 138.751862 115.164230 97.287399 123.290527 171.486237 204.643616 171.486237 123.290527 97.287399 115.164230 138.751862 174.762161 189.881989 148.922287 100.818733 75.929169 126.601944 143.254761 160.354431 154.594650 114.454140 75.677879 53.530651 129.731018 135.319962 134.349548 114.398056 79.527435 51.473499 31.227329,
 20.235451 61.759003 106.613365 150.527084 184.386200 201.400024 201.012146 58.504303 107.561539 163.127869 213.163757 238.258728 231.517776 202.506653 99.482285 159.391922 225.545853 273.054138 275.661682 236.685654 181.154800 143.074417 209.230713 272.426697 300.142487 272.426697 209.230713 143.074417 181.154800 236.685654 275.661682 273.054138 225.545853 159.391922 99.482285 202.506653 231.517776 238.258728 213.163757 163.127869 107.561539 58.504303 201.012146 201.400024 184.386200 150.527084 106.613365 61.759003 20.235451,
 -57.391411 -18.330360 20.546696 56.855888 89.002365 111.708122 116.253548 -7.966343 49.709980 95.889771 122.744812 132.764328 130.304916 113.161575 42.934570 120.117386 181.207153 202.307297 182.927124 142.046005 93.874115 75.344246 151.446732 218.862061 247.580612 218.862061 151.446732 75.344246 93.874115 142.046005 182.927124 202.307297 181.207153 120.117386 42.934570 113.161575 130.304916 132.764328 122.744812 95.889771 49.709980 -7.966343 116.253548 111.708122 89.002365 56.855888 20.546696 -18.330360 -57.391411,
 -108.632996 42.277328 196.387177 327.463684 416.212433 447.418945 411.673706 16.345428 194.104431 359.721741 477.062134 527.439270 508.096069 422.151031 151.281799 336.483826 494.804810 584.119751 584.342407 507.242859 373.790955 277.254578 446.558472 574.269775 623.516846 574.269775 446.558472 277.254578 373.790955 507.242859 584.342407 584.119751 494.804810 336.483826 151.281799 422.151031 508.096069 527.439270 477.062134 359.721741 194.104431 16.345428 411.673706 447.418945 416.212433 327.463684 196.387177 42.277328 -108.632996,
 -34.344223 -6.455795 25.330484 34.120293 36.256973 57.085861 72.959961 -17.161648 15.303604 58.863621 70.944672 54.905499 56.200081 62.975086 2.588667 32.419334 81.495796 103.767593 73.104317 50.959984 44.710602 23.553724 43.556873 85.232086 117.779541 85.232086 43.556873 23.553724 44.710602 50.959984 73.104317 103.767593 81.495796 32.419334 2.588667 62.975086 56.200081 54.905499 70.944672 58.863621 15.303604 -17.161648 72.959961 57.085861 36.256973 34.120293 25.330484 -6.455795 -34.344223,
 -44.236404 -30.342150 -9.693464 18.211281 47.735992 68.017387 73.120590 -28.135336 -6.913776 20.338169 50.891914 73.581558 78.387497 66.987022 -5.162222 22.537411 53.997658 80.646286 87.257790 72.603653 47.754509 21.612835 51.823219 80.305870 93.477158 80.305870 51.823219 21.612835 47.754509 72.603653 87.257790 80.646286 53.997658 22.537411 -5.162222 66.987022 78.387497 73.581558 50.891914 20.338169 -6.913776 -28.135336 73.120590 68.017387 47.735992 18.211281 -9.693464 -30.342150 -44.236404,

Pairwise cross-correlations of the modulus of all oriented sub-bands at the same scale (size QxQ)
 103.052109 78.500038 51.932098 72.189255,
 78.500038 108.523010 74.025810 56.704422,
 51.932098 74.025810 91.165573 68.911697,
 72.189255 56.704422 68.911697 92.722420,
 296.889130 217.227020 191.964111 245.192703,
 217.227020 265.848633 206.495575 198.971161,
 191.964111 206.495575 232.422714 210.375717,
 245.192703 198.971161 210.375717 278.661957,
 388.062256 256.940704 193.850479 283.067963,
 256.940704 312.749786 195.062378 182.376968,
 193.850479 195.062378 204.643646 193.962067,
 283.067963 182.376968 193.962067 300.142517,
 247.580612 326.375549 100.753204 123.282524,
 326.375549 623.516785 211.830811 189.097504,
 100.753204 211.830811 117.779556 78.475716,
 123.282524 189.097504 78.475716 93.477158,

Cross-correlations of the modulus of all oriented sub-bands with all oriented sub-bands at the coarser scale (size QxQ)
 150.244217 118.057259 94.345642 122.123131,
 129.374146 151.962036 118.654022 113.175446,
 104.164024 115.287354 125.995476 116.226273,
 127.906960 98.051826 110.633514 137.576736,
 269.099030 199.832169 158.289368 239.339127,
 216.995712 231.674255 175.617599 188.981232,
 195.277725 180.887329 177.162384 198.590927,
 234.205978 173.298676 173.637421 241.918365,
 226.055084 297.508423 114.995590 147.359665,
 185.975006 340.065369 139.232788 129.928650,
 129.208511 242.825607 113.479836 104.557129,
 150.730606 225.766388 100.750854 124.753380,

Cross-correlations of the real part of each oriented sub-band with both the real and imaginary part of all phase-doubled oriented sub-bands at the next coarser scale (Q matrices of size 1x2Q, which are computed and stored in a matrix of size Qx2Q)
 37.871796 15.618110 1.817710 17.222519 -2.097579 1.425013 0.703016 1.756087,
 15.303216 33.866722 16.075834 1.160473 2.052742 5.201471 0.847210 0.451771,
 1.537646 14.554037 34.117859 13.863175 0.347971 1.078153 -2.552519 -0.972683,
 18.421167 1.449396 14.487056 35.895294 -3.293946 -0.322044 -1.659936 0.104131,
 6.823268 5.056891 -0.672906 -10.995037 -4.221698 9.811313 0.189705 -0.121890,
 8.009523 -4.212940 -9.121748 0.873998 4.951426 18.920914 1.702722 -0.448521,
 -1.407121 -1.829962 -13.655164 -0.788154 0.605296 4.422073 -13.516911 -5.292715,
 -10.087929 3.053559 -4.381829 -15.951349 -5.303213 -1.122977 -10.553495 -4.834964,
 -98.389694 -65.960907 -8.262157 -11.113241 31.495527 6.022633 5.154353 -3.685755,
 -78.329117 -112.694946 -27.046700 -0.538371 22.739746 5.065071 23.529194 -0.197778,
 -8.896617 -29.274069 -20.823254 9.425385 -0.355562 7.394617 21.627119 0.394345,
 -22.723263 -3.752415 -3.275574 2.427837 4.691384 2.357805 2.083713 -5.315475,
