Low-band skewness and kurtosis
 -2.539460 7.797527,
 -2.576630 8.426930,
 -2.233335 7.292239,
 -1.670179 4.978946,
 -1.398839 4.105633,

High-band variance
 113.481468,

Skewness, kurtosis, variance, mean, maximum and minimum of the reconstructed texture
 -2.529289 7.549206 5687.647949 227.855957 255.000000 0.000000,

Auto-correlations of the low-frequency bands at each scale
 2762.070557 3201.811768 3503.415283 3590.114746 3428.734131 3073.872803 2614.637451 3152.631104 3728.759277 4199.861328 4366.717773 4115.234375 3597.484375 3015.822998 3422.403809 4165.285156 4876.071289 5174.559570 4816.268555 4078.069092 3338.046387 3492.329590 4316.468750 5159.399414 5548.926270 5159.399414 4316.468750 3492.329590 3338.046387 4078.069092 4816.268555 5174.559570 4876.071289 4165.285156 3422.403809 3015.822998 3597.484375 4115.234375 4366.717773 4199.861328 3728.759277 3152.631104 2614.637451 3073.872803 3428.734131 3590.114746 3503.415283 3201.811768 2762.070557,
 1372.186768 1581.471436 1809.905273 1914.979248 1800.002930 1573.192139 1352.433350 1428.422119 1962.241699 2644.190186 2946.665039 2547.212646 1828.696289 1281.298340 1556.992554 2529.403809 3816.485352 4420.480469 3716.547363 2393.842285 1420.705933 1584.417480 2773.981201 4376.002930 5177.500000 4376.002930 2773.981201 1584.417480 1420.705933 2393.842285 3716.547363 4420.480469 3816.485352 2529.403809 1556.992554 1281.298340 1828.696289 2547.212646 2946.665039 2644.190186 1962.241699 1428.422119 1352.433350 1573.192139 1800.002930 1914.979248 1809.905273 1581.471436 1372.186768,
 764.708984 890.080200 898.264893 1093.527466 1548.900879 1859.533569 1717.037598 806.681580 1012.246704 1326.950195 1568.955322 1475.823242 1343.328491 1398.134521 626.599915 1142.942749 2337.558594 3029.755859 2181.897461 1023.435486 798.424988 520.002014 1129.140625 2873.846436 3981.947266 2873.846436 1129.140625 520.002014 798.424988 1023.435486 2181.897461 3029.755859 2337.558594 1142.942749 626.599915 1398.134521 1343.328491 1475.823242 1568.955322 1326.950195 1012.246704 806.681580 1717.037598 1859.533569 1548.900879 1093.527466 898.264893 890.080200 764.708984,
 -466.109314 -34.224304 276.291199 582.238220 999.709534 1213.826904 963.069641 -243.583069 163.499695 640.465637 1119.602783 1306.707764 1203.916504 960.463684 70.502930 424.590240 1205.311401 1889.107300 1648.807007 1067.867432 804.894592 463.180420 775.582764 1667.655029 2294.370605 1667.655029 775.582764 463.180420 804.894592 1067.867432 1648.807007 1889.107300 1205.311401 424.590240 70.502930 960.463684 1203.916504 1306.707764 1119.602783 640.465637 163.499695 -243.583069 963.069641 1213.826904 999.709534 582.238220 276.291199 -34.224304 -466.109314,
 -314.958008 -536.528442 -627.754578 -268.355682 312.965515 503.742554 214.355225 -646.904785 -749.841064 -394.449860 412.810364 936.403564 666.220581 23.299408 -786.293945 -543.126770 306.657227 1223.589111 1255.534424 429.663940 -360.505890 -675.546875 -48.151890 1033.559692 1616.928955 1033.559692 -48.151890 -675.546875 -360.505890 429.663940 1255.534424 1223.589111 306.657227 -543.126770 -786.293945 23.299408 666.220581 936.403564 412.810364 -394.449860 -749.841064 -646.904785 214.355225 503.742554 312.965515 -268.355682 -627.754578 -536.528442 -314.958008,

Auto-correlations of the modulus of each oriented sub-band
 69.451866 77.549858 84.578407 87.324623 84.334648 77.079811 68.890877 81.036674 92.765907 103.083595 107.290977 103.210625 92.872795 81.007072 92.562416 108.032074 121.734543 127.414757 122.076141 108.449493 92.822945 97.878052 115.220840 130.603485 136.875031 130.603485 115.220840 97.878052 92.822945 108.449493 122.076141 127.414757 121.734543 108.032074 92.562416 81.007072 92.872795 103.210625 107.290977 103.083595 92.765907 81.036674 68.890877 77.079811 84.334648 87.324623 84.578407 77.549858 69.451866,
 74.901871 79.780289 81.182518 78.132889 71.729317 64.009995 56.534286 78.220703 90.124977 97.846954 97.113052 88.309326 75.517769 62.886860 78.977928 96.937088 111.629234 114.995544 105.050209 87.772217 70.137062 76.119987 96.168053 114.731644 122.805550 114.731644 96.168053 76.119987 70.137062 87.772217 105.050209 114.995544 111.629234 96.937088 78.977928 62.886860 75.517769 88.309326 97.113052 97.846954 90.124977 78.220703 56.534286 64.009995 71.729317 78.132889 81.182518 79.780289 74.901871,
 68.176254 79.145447 90.849960 96.966599 93.307053 83.118011 72.260727 75.671631 90.447227 105.835739 113.260368 107.032608 92.383995 77.653076 82.104828 100.143112 118.888626 127.779099 119.270828 100.814575 82.827042 84.817558 104.115646 124.174088 133.719742 124.174088 104.115646 84.817558 82.827042 100.814575 119.270828 127.779099 118.888626 100.143112 82.104828 77.653076 92.383995 107.032608 113.260368 105.835739 90.447227 75.671631 72.260727 83.118011 93.307053 96.966599 90.849960 79.145447 68.176254,
 79.650963 88.692307 95.794228 99.700066 99.687767 96.143661 90.820061 87.220322 101.157440 113.309555 119.759346 117.544968 107.620590 94.837830 93.722855 112.704262 130.038712 138.669434 133.397964 117.025047 97.798172 97.614716 119.095383 138.598145 146.910675 138.598145 119.095383 97.614716 97.798172 117.025047 133.397964 138.669434 130.038712 112.704262 93.722855 94.837830 107.620590 117.544968 119.759346 113.309555 101.157440 87.220322 90.820061 96.143661 99.687767 99.700066 95.794228 88.692307 79.650963,
 157.820770 174.833466 189.462906 197.772552 198.036789 192.067352 182.740631 188.459686 213.755798 235.220291 244.940582 239.264572 222.575562 202.086517 227.791733 264.480408 296.394409 309.566284 296.867676 266.546936 232.331833 248.080826 290.058807 327.860107 343.968414 327.860107 290.058807 248.080826 232.331833 266.546936 296.867676 309.566284 296.394409 264.480408 227.791733 202.086517 222.575562 239.264572 244.940582 235.220291 213.755798 188.459686 182.740631 192.067352 198.036789 197.772552 189.462906 174.833466 157.820770,
 189.255753 210.695831 209.735992 191.018860 165.273346 141.947937 124.751816 201.468445 243.833313 260.539825 243.982040 205.770889 165.726562 135.617798 195.518402 255.520844 299.696228 300.525330 257.957947 200.511444 153.009949 175.920868 237.192932 299.214539 327.413666 299.214539 237.192932 175.920868 153.009949 200.511444 257.957947 300.525330 299.696228 255.520844 195.518402 135.617798 165.726562 205.770889 243.982040 260.539825 243.833313 201.468445 124.751816 141.947937 165.273346 191.018860 209.735992 210.695831 189.255753,
 152.616241 201.435638 245.095810 265.911377 254.646957 220.584076 182.045807 166.412109 226.464417 283.871674 309.275391 287.041412 235.496582 183.616150 177.058640 245.659592 316.371246 348.241821 315.970673 248.099075 184.103806 182.685089 253.155853 328.756348 365.009888 328.756348 253.155853 182.685089 184.103806 248.099075 315.970673 348.241821 316.371246 245.659592 177.058640 183.616150 235.496582 287.041412 309.275391 283.871674 226.464417 166.412109 182.045807 220.584076 254.646957 265.911377 245.095810 201.435638 152.616241,
 144.037903 166.852081 195.170868 225.084518 248.232941 254.231781 240.084473 160.206970 193.499969 236.296783 276.288208 294.126068 279.536469 242.585907 180.795654 230.402191 289.836975 332.848328 331.027222 286.542389 229.516907 205.968658 267.360443 330.855988 360.018799 330.855988 267.360443 205.968658 229.516907 286.542389 331.027222 332.848328 289.836975 230.402191 180.795654 242.585907 279.536469 294.126068 276.288208 236.296783 193.499969 160.206970 240.084473 254.231781 248.232941 225.084518 195.170868 166.852081 144.037903,
 135.502884 186.366089 224.826279 250.675705 267.845154 280.496918 288.389465 185.975281 244.249741 285.977478 305.857819 306.859802 298.021881 287.744385 243.457153 323.185974 388.207825 414.549042 393.601379 342.471741 287.800049 282.410034 372.288849 454.681458 489.704773 454.681458 372.288849 282.410034 287.800049 342.471741 393.601379 414.549042 388.207825 323.185974 243.457153 287.744385 298.021881 306.859802 305.857819 285.977478 244.249741 185.975281 288.389465 280.496918 267.845154 250.675705 224.826279 186.366089 135.502884,
 122.449707 183.097610 209.642136 205.826675 194.797623 185.727951 181.686218 165.866516 253.777710 306.546722 296.979004 255.547516 216.610779 188.206421 197.818848 303.149170 394.616974 406.413940 339.668427 258.586060 197.319519 205.252411 299.660889 407.452576 460.966003 407.452576 299.660889 205.252411 197.319519 258.586060 339.668427 406.413940 394.616974 303.149170 197.818848 188.206421 216.610779 255.547516 296.979004 306.546722 253.777710 165.866516 181.686218 185.727951 194.797623 205.826675 209.642136 183.097610 122.449707,
 118.944695 174.571335 238.946457 288.878540 300.444916 276.489532 243.150513 154.892014 216.275085 297.250244 358.525818 346.367920 286.937317 234.709366 185.965836 252.182129 351.421997 422.006866 379.419556 288.206238 224.257797 209.180984 277.147522 382.992401 449.139679 382.992401 277.147522 209.180984 224.257797 288.206238 379.419556 422.006866 351.421997 252.182129 185.965836 234.709366 286.937317 346.367920 358.525818 297.250244 216.275085 154.892014 243.150513 276.489532 300.444916 288.878540 238.946457 174.571335 118.944695,
 216.917145 307.072357 395.616364 482.963989 542.860962 550.512329 518.706909 294.811279 384.733612 482.546753 574.990295 612.486328 576.254272 507.329163 364.386902 460.314667 574.791138 664.688538 659.761353 572.362732 474.519165 424.782440 529.399902 647.573669 706.449219 647.573669 529.399902 424.782440 474.519165 572.362732 659.761353 664.688538 574.791138 460.314667 364.386902 507.329163 576.254272 612.486328 574.990295 482.546753 384.733612 294.811279 518.706909 550.512329 542.860962 482.963989 395.616364 307.072357 216.917145,
 -39.294891 -6.030506 28.272608 59.792835 83.911583 95.599030 90.838226 -25.642550 14.790298 53.216476 84.152748 102.786606 105.396240 89.475204 13.552410 66.952950 114.653839 144.559830 149.216431 129.838257 92.327194 68.972893 126.050728 170.895126 188.471802 170.895126 126.050728 68.972893 92.327194 129.838257 149.216431 144.559830 114.653839 66.952950 13.552410 89.475204 105.396240 102.786606 84.152748 53.216476 14.790298 -25.642550 90.838226 95.599030 83.911583 59.792835 28.272608 -6.030506 -39.294891,
 -0.907223 44.548737 83.108795 88.857529 72.948029 63.331528 58.331318 9.574615 59.309330 110.519577 121.305298 93.105606 67.244797 55.690659 22.059032 71.160461 134.174301 156.018127 117.523819 70.683517 47.387440 34.952232 73.646591 136.683853 172.876709 136.683853 73.646591 34.952232 47.387440 70.683517 117.523819 156.018127 134.174301 71.160461 22.059032 55.690659 67.244797 93.105606 121.305298 110.519577 59.309330 9.574615 58.331318 63.331528 72.948029 88.857529 83.108795 44.548737 -0.907223,
 -13.780800 -0.249859 23.335703 45.220192 51.958916 50.227840 41.153843 -6.868315 9.784519 42.570503 67.471001 62.496010 49.444515 38.588799 4.479062 22.469955 61.439709 88.473396 70.608376 43.780502 30.459148 18.119759 34.545555 71.779953 97.654877 71.779953 34.545555 18.119759 30.459148 43.780502 70.608376 88.473396 61.439709 22.469955 4.479062 38.588799 49.444515 62.496010 67.471001 42.570503 9.784519 -6.868315 41.153843 50.227840 51.958916 45.220192 23.335703 -0.249859 -13.780800,
 -45.143555 -22.851124 5.226984 37.933090 63.093102 70.879135 66.413986 -19.289810 9.977585 46.126675 81.621674 97.580292 88.906982 69.084480 14.987356 52.417328 95.841003 128.405518 127.804077 99.430527 65.083260 47.529427 88.889984 131.535538 151.623657 131.535538 88.889984 47.529427 65.083260 99.430527 127.804077 128.405518 95.841003 52.417328 14.987356 69.084480 88.906982 97.580292 81.621674 46.126675 9.977585 -19.289810 66.413986 70.879135 63.093102 37.933090 5.226984 -22.851124 -45.143555,

Pairwise cross-correlations of the modulus of all oriented sub-bands at the same scale (size QxQ)
 136.875046 90.401855 62.925323 99.051453,
 90.401855 122.805557 88.574867 63.985901,
 62.925323 88.574867 133.719742 102.041481,
 99.051453 63.985901 102.041481 146.910706,
 343.968445 270.959961 256.107422 283.938293,
 270.959961 327.413696 280.486328 236.459869,
 256.107422 280.486328 365.009949 301.208649,
 283.938293 236.459869 301.208649 360.018799,
 489.704834 362.854126 341.428497 452.942719,
 362.854126 460.966064 329.171570 362.096130,
 341.428497 329.171570 449.139740 473.018372,
 452.942719 362.096130 473.018372 706.449341,
 188.471802 130.625092 70.645264 116.098740,
 130.625092 172.876709 82.474182 77.060150,
 70.645264 82.474182 97.654884 85.142357,
 116.098740 77.060150 85.142357 151.623688,

Cross-correlations of the modulus of all oriented sub-bands with all oriented sub-bands at the coarser scale (size QxQ)
 189.222870 147.892853 133.984940 153.803207,
 150.015686 171.717621 155.105896 128.096176,
 126.358078 143.429321 188.898132 160.699356,
 160.631317 124.709015 168.395767 194.466248,
 348.979187 293.562408 275.317291 367.604431,
 291.323822 303.756744 264.709595 315.397827,
 277.324432 303.092010 306.967163 351.483032,
 311.103455 270.836609 300.707947 374.597687,
 229.847458 173.345520 119.115372 198.419373,
 181.136780 192.294434 140.889374 176.876251,
 166.615097 137.489243 135.640228 178.845490,
 240.640259 197.721634 146.061249 219.914948,

Cross-correlations of the real part of each oriented sub-band with both the real and imaginary part of all phase-doubled oriented sub-bands at the next coarser scale (Q matrices of size 1x2Q, which are computed and stored in a matrix of size Qx2Q)
 58.402863 24.184139 2.240411 28.273615 4.899858 3.299144 0.448623 0.492578,
 26.158190 51.435818 22.704117 2.989406 3.762907 2.786699 -0.532793 -0.865811,
 2.521489 21.523237 61.681057 31.317059 0.317619 -0.820104 -5.341055 -1.271224,
 26.561541 2.138731 30.670162 65.921173 0.247019 0.134028 -3.085833 2.423924,
 -91.241066 -37.746750 -2.247924 -31.951502 19.185579 14.428750 -0.932538 -7.535774,
 -44.874912 -69.076874 -19.910713 -6.238950 14.945143 16.021051 -2.451438 0.904296,
 -4.746603 -26.145279 -45.872547 -19.609728 1.148112 1.472311 -0.257667 0.042693,
 -37.136143 -4.414214 -20.556540 -46.405693 2.687193 1.337235 -0.226910 -13.297701,
 -60.010513 -29.010866 -4.741146 -12.173411 25.283062 47.537556 10.084175 32.029037,
 -29.169935 -55.198662 -32.188335 -1.859752 28.953888 78.528015 18.898321 2.989053,
 -2.094126 -26.059807 -59.072613 -5.664378 0.928226 22.321966 14.575582 19.056227,
 -24.778427 -5.658321 -22.356964 -20.589621 -3.186369 1.949868 11.445002 60.011875,
