Low-band skewness and kurtosis
 -2.362878 6.889714,
 -2.399302 7.445022,
 -2.083541 6.387527,
 -1.827013 5.519507,
 -1.142842 3.143066,

High-band variance
 117.270340,

Skewness, kurtosis, variance, mean, maximum and minimum of the reconstructed texture
 -2.352543 6.670986 6214.130371 225.032043 255.000000 0.000000,

Auto-correlations of the low-frequency bands at each scale
 3145.967041 3561.736572 3874.690430 4014.600342 3926.487793 3636.636475 3227.638916 3568.322266 4132.498535 4619.745605 4836.196777 4639.271973 4150.354980 3584.545898 3857.952637 4602.602539 5343.429199 5681.757812 5341.497559 4591.331055 3846.987305 3955.096436 4787.809082 5664.047852 6071.013672 5664.047852 4787.809082 3955.096436 3846.987305 4591.331055 5341.497559 5681.757812 5343.429199 4602.602539 3857.952637 3584.545898 4150.354980 4639.271973 4836.196777 4619.745605 4132.498535 3568.322266 3227.638916 3636.636475 3926.487793 4014.600342 3874.690430 3561.736572 3145.967041,
 1606.610962 1835.459473 2122.633057 2313.002930 2312.524170 2259.378418 2303.022217 1874.913330 2314.885254 2968.894531 3334.735840 3064.968750 2536.577637 2286.466553 2136.880859 2957.027344 4224.109375 4887.140625 4242.423828 3020.915527 2313.626465 2301.521973 3286.838379 4865.675293 5689.803711 4865.675293 3286.838379 2301.521973 2313.626465 3020.915527 4242.423828 4887.140625 4224.109375 2957.027344 2136.880859 2286.466553 2536.577637 3064.968750 3334.735840 2968.894531 2314.885254 1874.913330 2303.022217 2259.378418 2312.524170 2313.002930 2122.633057 1835.459473 1606.610962,
 446.851196 784.603882 1075.421997 1431.953613 1777.742798 2245.584473 2592.803711 840.781494 1127.373413 1556.958862 1983.322144 2071.225098 2259.718262 2541.535889 1317.140381 1698.386353 2682.412354 3428.273193 2947.847412 2280.772949 2191.673828 1787.324951 2200.849365 3471.290039 4351.804688 3471.290039 2200.849365 1787.324951 2191.673828 2280.772949 2947.847412 3428.273193 2682.412354 1698.386353 1317.140381 2541.535889 2259.718262 2071.225098 1983.322144 1556.958862 1127.373413 840.781494 2592.803711 2245.584473 1777.742798 1431.953613 1075.421997 784.603882 446.851196,
 -839.967224 -754.618347 -501.708069 46.565521 841.876892 1602.768066 1972.448486 -764.979797 -436.707214 199.822754 1062.880127 1853.354492 2251.574463 2036.195557 -433.816040 331.436035 1416.412109 2338.637207 2576.031738 2161.976562 1357.049683 350.870422 1389.503540 2479.151855 2991.129395 2479.151855 1389.503540 350.870422 1357.049683 2161.976562 2576.031738 2338.637207 1416.412109 331.436035 -433.816040 2036.195557 2251.574463 1853.354492 1062.880127 199.822754 -436.707214 -764.979797 1972.448486 1602.768066 841.876892 46.565521 -501.708069 -754.618347 -839.967224,
 -101.504730 -832.236084 -1118.761475 -1004.517700 -461.274750 401.964111 985.366943 -751.983337 -1173.660034 -995.890015 -243.986023 721.713257 1260.594116 971.626282 -1233.831055 -1005.171936 23.366638 1293.480103 1794.560059 1199.542603 112.078491 -938.982788 59.100922 1459.456543 2161.395020 1459.456543 59.100922 -938.982788 112.078491 1199.542603 1794.560059 1293.480103 23.366638 -1005.171936 -1233.831055 971.626282 1260.594116 721.713257 -243.986023 -995.890015 -1173.660034 -751.983337 985.366943 401.964111 -461.274750 -1004.517700 -1118.761475 -832.236084 -101.504730,

Auto-correlations of the modulus of each oriented sub-band
 71.871727 79.067558 85.465088 88.323303 86.528671 81.617470 76.541893 85.132683 96.138214 105.894119 109.992958 106.654755 98.183838 89.125328 98.455795 113.473610 127.015556 132.646362 127.510292 114.821800 101.035385 105.260727 121.829597 137.072327 143.432861 137.072327 121.829597 105.260727 101.035385 114.821800 127.510292 132.646362 127.015556 113.473610 98.455795 89.125328 98.183838 106.654755 109.992958 105.894119 96.138214 85.132683 76.541893 81.617470 86.528671 88.323303 85.465088 79.067558 71.871727,
 81.709152 87.188858 91.405823 92.214523 89.272095 83.668671 76.795395 87.678932 99.680634 109.657822 112.264572 106.586227 95.823822 83.814339 91.964890 109.747917 125.710213 131.043533 122.798149 106.629570 89.565750 92.667770 112.349533 131.043991 139.240784 131.043991 112.349533 92.667770 89.565750 106.629570 122.798149 131.043533 125.710213 109.747917 91.964890 83.814339 95.823822 106.586227 112.264572 109.657822 99.680634 87.678932 76.795395 83.668671 89.272095 92.214523 91.405823 87.188858 81.709152,
 64.081100 74.804184 85.788910 90.702919 86.277130 76.337540 66.841293 70.029099 84.022293 99.020760 106.075645 99.487633 85.102753 71.707718 75.407608 92.371552 111.104248 120.228905 111.434525 92.965103 76.185196 77.804626 95.957703 116.195358 126.136330 116.195358 95.957703 77.804626 76.185196 92.965103 111.434525 120.228905 111.104248 92.371552 75.407608 71.707718 85.102753 99.487633 106.075645 99.020760 84.022293 70.029099 66.841293 76.337540 86.277130 90.702919 85.788910 74.804184 64.081100,
 77.639389 86.040192 93.790634 99.165688 101.185257 100.134338 97.477036 86.879257 100.829674 113.479050 120.782608 119.890411 111.741982 100.957870 95.196449 114.129868 131.509689 140.483765 135.912857 120.590134 102.607063 100.788147 121.732246 140.783051 148.959747 140.783051 121.732246 100.788147 102.607063 120.590134 135.912857 140.483765 131.509689 114.129868 95.196449 100.957870 111.741982 119.890411 120.782608 113.479050 100.829674 86.879257 97.477036 100.134338 101.185257 99.165688 93.790634 86.040192 77.639389,
 199.001587 215.135910 231.311066 244.530441 251.686676 253.246292 252.950562 239.261108 263.115417 286.172028 301.081848 302.059296 291.548767 277.681946 288.584839 326.188049 361.224548 379.536713 371.673645 344.408569 312.704712 322.249786 365.605347 405.073853 422.075714 405.073853 365.605347 322.249786 312.704712 344.408569 371.673645 379.536713 361.224548 326.188049 288.584839 277.681946 291.548767 302.059296 301.081848 286.172028 263.115417 239.261108 252.950562 253.246292 251.686676 244.530441 231.311066 215.135910 199.001587,
 210.126999 230.662323 236.635681 226.509918 210.801453 202.667999 204.257034 234.711853 271.944550 292.637665 282.949951 251.951080 222.900421 207.887573 242.878616 294.579590 338.695526 343.295044 304.680084 254.809448 219.317856 234.523254 285.658386 343.488770 371.560974 343.488770 285.658386 234.523254 219.317856 254.809448 304.680084 343.295044 338.695526 294.579590 242.878616 207.887573 222.900421 251.951080 282.949951 292.637665 271.944550 234.711853 204.257034 202.667999 210.801453 226.509918 236.635681 230.662323 210.126999,
 166.142014 207.078629 257.225494 282.902252 269.320587 240.074539 219.535812 184.348465 229.989548 291.833466 324.377533 299.465851 252.339798 220.118454 199.724670 248.934998 320.152161 359.326385 323.634277 259.924774 217.245728 210.641068 259.489807 332.320007 373.644348 332.320007 259.489807 210.641068 217.245728 259.924774 323.634277 359.326385 320.152161 248.934998 199.724670 220.118454 252.339798 299.465851 324.377533 291.833466 229.989548 184.348465 219.535812 240.074539 269.320587 282.902252 257.225494 207.078629 166.142014,
 183.685425 209.981110 239.556946 271.337219 298.597290 312.875580 311.065918 210.594025 245.843597 288.357544 330.049194 354.303040 351.643829 329.755341 246.657623 295.581726 352.585754 396.854095 401.505188 368.351868 322.803009 289.501343 345.503937 402.419373 429.209900 402.419373 345.503937 289.501343 322.803009 368.351868 401.505188 396.854095 352.585754 295.581726 246.657623 329.755341 351.643829 354.303040 330.049194 288.357544 245.843597 210.594025 311.065918 312.875580 298.597290 271.337219 239.556946 209.981110 183.685425,
 59.116264 110.188004 163.652588 214.729538 255.455109 280.101868 289.686981 117.993576 179.593567 241.795990 291.671509 318.230927 320.967285 306.389343 207.756165 283.814117 357.234070 400.761841 398.444519 363.066376 315.495850 287.606537 363.014801 433.124817 463.995605 433.124817 363.014801 287.606537 315.495850 363.066376 398.444519 400.761841 357.234070 283.814117 207.756165 306.389343 320.967285 318.230927 291.671509 241.795990 179.593567 117.993576 289.686981 280.101868 255.455109 214.729538 163.652588 110.188004 59.116264,
 94.563683 147.265900 182.330200 204.799545 230.230743 260.671997 276.992737 142.621704 215.488129 263.976013 269.262329 257.203125 257.677887 263.148773 178.142395 259.280304 336.929779 351.237152 303.563446 257.640472 236.826965 206.955399 264.988251 347.726746 393.766052 347.726746 264.988251 206.955399 236.826965 257.640472 303.563446 351.237152 336.929779 259.280304 178.142395 263.148773 257.677887 257.203125 269.262329 263.976013 215.488129 142.621704 276.992737 260.671997 230.230743 204.799545 182.330200 147.265900 94.563683,
 84.688950 150.160873 222.655228 271.676208 277.275574 279.472595 291.387756 131.440201 204.391983 296.693787 354.204041 332.939087 301.954834 292.627747 182.242859 254.170197 358.148376 423.957153 375.811340 307.095123 271.643188 232.039001 290.830322 387.532654 452.353882 387.532654 290.830322 232.039001 271.643188 307.095123 375.811340 423.957153 358.148376 254.170197 182.242859 292.627747 301.954834 332.939087 354.204041 296.693787 204.391983 131.440201 291.387756 279.472595 277.275574 271.676208 222.655228 150.160873 84.688950,
 66.379761 112.357483 178.393784 251.474167 308.346008 334.725311 326.181335 113.476585 176.934113 261.884583 345.305786 391.157837 380.014008 328.314850 173.517395 257.745667 363.305847 449.679749 457.479675 386.746948 297.456909 240.574799 338.633453 447.769897 501.851135 447.769897 338.633453 240.574799 297.456909 386.746948 457.479675 449.679749 363.305847 257.745667 173.517395 328.314850 380.014008 391.157837 345.305786 261.884583 176.934113 113.476585 326.181335 334.725311 308.346008 251.474167 178.393784 112.357483 66.379761,
 -18.140289 -3.101307 11.578287 21.171829 26.836611 29.231918 28.096401 -7.394178 10.268599 24.761597 30.243252 32.064884 34.747131 33.863121 4.053051 27.819014 50.391716 53.672760 40.475372 28.856730 23.593830 11.362103 31.301548 60.369316 76.624336 60.369316 31.301548 11.362103 23.593830 28.856730 40.475372 53.672760 50.391716 27.819014 4.053051 33.863121 34.747131 32.064884 30.243252 24.761597 10.268599 -7.394178 28.096401 29.231918 26.836611 21.171829 11.578287 -3.101307 -18.140289,
 -29.305767 2.265152 38.786541 74.647125 103.288513 117.907906 116.875977 24.209328 67.215012 109.834312 139.527878 150.545364 145.173676 128.797485 74.198715 125.839111 175.080902 200.577911 192.659119 162.830872 126.876831 109.716507 159.964462 206.941895 227.497360 206.941895 159.964462 109.716507 126.876831 162.830872 192.659119 200.577911 175.080902 125.839111 74.198715 128.797485 145.173676 150.545364 139.527878 109.834312 67.215012 24.209328 116.875977 117.907906 103.288513 74.647125 38.786541 2.265152 -29.305767,
 -29.975227 -4.052244 16.939547 24.166676 37.348854 61.898079 73.421837 -4.706768 30.950428 68.418983 71.795288 61.192722 69.418442 76.470840 21.907597 54.781605 107.242851 123.183235 89.697868 70.051392 67.103363 47.399231 66.157623 112.042419 148.094040 112.042419 66.157623 47.399231 67.103363 70.051392 89.697868 123.183235 107.242851 54.781605 21.907597 76.470840 69.418442 61.192722 71.795288 68.418983 30.950428 -4.706768 73.421837 61.898079 37.348854 24.166676 16.939547 -4.052244 -29.975227,
 -43.324623 -23.300762 2.037025 28.806808 49.771824 61.903477 68.340294 -23.364044 3.381599 35.161240 64.954620 79.683563 78.244408 69.612831 2.503864 35.088341 72.348839 101.668541 102.536888 82.228371 57.143894 31.935156 65.862885 100.977913 119.314880 100.977913 65.862885 31.935156 57.143894 82.228371 102.536888 101.668541 72.348839 35.088341 2.503864 69.612831 78.244408 79.683563 64.954620 35.161240 3.381599 -23.364044 68.340294 61.903477 49.771824 28.806808 2.037025 -23.300762 -43.324623,

Pairwise cross-correlations of the modulus of all oriented sub-bands at the same scale (size QxQ)
 143.432861 102.812965 65.035957 102.903099,
 102.812965 139.240784 91.629181 70.887253,
 65.035957 91.629181 126.136337 98.697083,
 102.903099 70.887253 98.697083 148.959763,
 422.075745 325.929291 301.368286 352.303986,
 325.929291 371.561035 301.126587 296.557831,
 301.368286 301.126587 373.644348 325.925476,
 352.303986 296.557831 325.925476 429.209991,
 463.995636 343.786682 335.367279 393.462280,
 343.786682 393.766113 334.313293 300.880920,
 335.367279 334.313293 452.354004 387.959412,
 393.462280 300.880920 387.959412 501.851196,
 76.624344 97.509094 62.796951 70.482819,
 97.509094 227.497375 149.470062 111.627197,
 62.796951 149.470062 148.094055 84.245590,
 70.482819 111.627197 84.245590 119.314873,

Cross-correlations of the modulus of all oriented sub-bands with all oriented sub-bands at the coarser scale (size QxQ)
 211.421036 166.127945 142.670868 181.820251,
 183.527405 195.711197 166.193573 154.785004,
 143.209381 156.089905 187.203171 174.468903,
 180.776276 144.838409 174.170380 218.589081,
 340.028320 295.192596 301.767151 327.631683,
 310.574921 302.004791 293.387482 297.766846,
 281.618469 279.668854 337.855774 324.828461,
 330.561127 284.995789 329.979584 358.431244,
 96.633110 188.545563 142.564789 145.633713,
 94.757385 178.572708 128.344574 132.241821,
 89.632477 169.164520 143.425781 146.165207,
 92.352905 175.709106 147.929413 167.638046,

Cross-correlations of the real part of each oriented sub-band with both the real and imaginary part of all phase-doubled oriented sub-bands at the next coarser scale (Q matrices of size 1x2Q, which are computed and stored in a matrix of size Qx2Q)
 69.918945 31.960533 2.572172 31.796724 -1.681501 -1.625466 0.922170 -0.358676,
 31.797270 61.448269 21.549879 1.825622 -3.144948 0.166234 3.722125 0.377656,
 3.442662 22.465084 53.821690 27.554018 -0.724266 3.639894 4.686169 0.286063,
 30.597040 2.609360 27.631390 70.964462 0.207408 1.213850 0.906373 -0.327768,
 -35.432526 -11.690588 -2.030487 -8.002208 -23.651714 -6.457164 -1.205398 -2.542608,
 -17.437786 -29.365162 -3.383625 -1.062173 -4.321165 -10.899024 -13.313443 1.675267,
 -0.484487 -7.116114 -7.143879 -15.059111 0.335936 -13.887933 -35.809803 -11.888090,
 -10.220121 0.848013 -7.431928 -32.226509 -13.550070 -4.189904 -19.120127 -24.432281,
 -37.462143 -28.279638 0.792442 15.264091 13.936252 -2.084233 -2.208483 2.874369,
 -32.667648 -52.295891 -24.795057 4.234631 3.505720 -11.131846 -19.916317 -0.463881,
 1.219252 -25.378399 -36.847591 25.626886 -1.375502 -11.528005 -8.990371 16.895168,
 2.269126 -3.654071 -4.459549 42.350243 6.689834 -1.320210 7.653678 25.411432,
