Low-band skewness and kurtosis
 -2.280873 6.503507,
 -2.331700 7.134478,
 -1.964025 5.843431,
 -1.761370 5.367153,
 -1.127401 3.121324,

High-band variance
 123.293900,

Skewness, kurtosis, variance, mean, maximum and minimum of the reconstructed texture
 -2.268848 6.280673 6463.424805 223.571228 255.000000 0.000000,

Auto-correlations of the low-frequency bands at each scale
 3057.939941 3471.726074 3805.484863 3992.499756 3966.414551 3735.721680 3372.401855 3565.094727 4126.708008 4640.521973 4908.522461 4764.997559 4312.415039 3762.907227 3960.219971 4711.818848 5485.049805 5868.050781 5556.833984 4810.370605 4052.935303 4141.803711 4994.180664 5894.013184 6312.949219 5894.013184 4994.180664 4141.803711 4052.935303 4810.370605 5556.833984 5868.050781 5485.049805 4711.818848 3960.219971 3762.907227 4312.415039 4764.997559 4908.522461 4640.521973 4126.708008 3565.094727 3372.401855 3735.721680 3966.414551 3992.499756 3805.484863 3471.726074 3057.939941,
 1614.981323 1596.774292 1792.190918 2081.677002 2242.606934 2312.285645 2390.467773 1961.999756 2168.801514 2766.778564 3248.574219 3118.625732 2668.956299 2414.345459 2295.365479 2986.875732 4247.108398 4995.385742 4415.167969 3196.793701 2439.399658 2447.236328 3437.818115 5047.187012 5894.108398 5047.187012 3437.818115 2447.236328 2439.399658 3196.793701 4415.167969 4995.385742 4247.108398 2986.875732 2295.365479 2414.345459 2668.956299 3118.625732 3248.574219 2766.778564 2168.801514 1961.999756 2390.467773 2312.285645 2242.606934 2081.677002 1792.190918 1596.774292 1614.981323,
 409.334290 745.275635 944.229065 1312.416748 1827.372070 2208.774170 2417.729004 959.255432 1172.558838 1405.156372 1816.624756 2074.699463 2199.670654 2364.358887 1338.242798 1783.747559 2657.351074 3379.811768 3027.568848 2343.007324 2123.104004 1744.625244 2328.342773 3596.460449 4422.530762 3596.460449 2328.342773 1744.625244 2123.104004 2343.007324 3027.568848 3379.811768 2657.351074 1783.747559 1338.242798 2364.358887 2199.670654 2074.699463 1816.624756 1405.156372 1172.558838 959.255432 2417.729004 2208.774170 1827.372070 1312.416748 944.229065 745.275635 409.334290,
 -890.663818 -778.522522 -455.245544 161.611969 959.873840 1716.577393 2092.694824 -696.932922 -440.734436 184.061890 1087.498657 1875.835327 2292.282227 2132.278076 -245.970337 344.909424 1373.787231 2329.613770 2547.222656 2153.951660 1460.292969 517.003113 1385.010864 2447.582031 3001.011963 2447.582031 1385.010864 517.003113 1460.292969 2153.951660 2547.222656 2329.613770 1373.787231 344.909424 -245.970337 2132.278076 2292.282227 1875.835327 1087.498657 184.061890 -440.734436 -696.932922 2092.694824 1716.577393 959.873840 161.611969 -455.245544 -778.522522 -890.663818,
 -217.291504 -906.495361 -1213.560791 -1043.915527 -359.973572 527.928955 957.509033 -837.201660 -1218.733154 -1034.918457 -207.648010 879.671509 1410.579590 966.821411 -1236.564819 -956.247131 38.230774 1304.843994 1893.488525 1327.356323 138.162476 -891.557556 168.784241 1501.444824 2135.993164 1501.444824 168.784241 -891.557556 138.162476 1327.356323 1893.488525 1304.843994 38.230774 -956.247131 -1236.564819 966.821411 1410.579590 879.671509 -207.648010 -1034.918457 -1218.733154 -837.201660 957.509033 527.928955 -359.973572 -1043.915527 -1213.560791 -906.495361 -217.291504,

Auto-correlations of the modulus of each oriented sub-band
 71.234070 76.927505 82.466530 85.271988 83.857353 79.046570 73.401489 84.219574 93.786621 102.575127 106.401489 103.162239 94.502792 84.576370 96.719696 110.848358 123.597160 128.862396 123.693687 110.828735 96.384979 101.986732 118.519577 133.504547 139.714966 133.504547 118.519577 101.986732 96.384979 110.828735 123.693687 128.862396 123.597160 110.848358 96.719696 84.576370 94.502792 103.162239 106.401489 102.575127 93.786621 84.219574 73.401489 79.046570 83.857353 85.271988 82.466530 76.927505 71.234070,
 96.689827 102.430496 106.478889 106.090942 101.112114 93.660446 85.949821 102.427345 115.696754 126.795181 129.234955 121.753967 108.725975 95.065788 106.443596 125.985085 143.843292 149.808838 140.117523 121.636772 102.567024 106.684441 128.336243 149.207932 158.499130 149.207932 128.336243 106.684441 102.567024 121.636772 140.117523 149.808838 143.843292 125.985085 106.443596 95.065788 108.725975 121.753967 129.234955 126.795181 115.696754 102.427345 85.949821 93.660446 101.112114 106.090942 106.478889 102.430496 96.689827,
 80.511620 95.672417 109.929222 115.469627 109.150185 96.382530 84.023048 87.769196 107.400589 126.390213 134.220505 125.420792 107.409500 89.805603 94.340408 117.746613 140.997650 151.285736 140.269989 117.488617 95.160431 97.185791 121.752304 146.636841 158.347656 146.636841 121.752304 97.185791 95.160431 117.488617 140.269989 151.285736 140.997650 117.746613 94.340408 89.805603 107.409500 125.420792 134.220505 126.390213 107.400589 87.769196 84.023048 96.382530 109.150185 115.469627 109.929222 95.672417 80.511620,
 71.908463 80.594429 89.359901 96.165817 99.008507 97.369621 92.805008 80.133202 94.257385 108.241898 117.382118 117.515030 108.909790 96.817543 88.598007 107.736778 126.532829 137.122040 132.960526 116.827156 98.045059 95.158203 116.513748 136.779358 145.706085 136.779358 116.513748 95.158203 98.045059 116.827156 132.960526 137.122040 126.532829 107.736778 88.598007 96.817543 108.909790 117.515030 117.382118 108.241898 94.257385 80.133202 92.805008 97.369621 99.008507 96.165817 89.359901 80.594429 71.908463,
 197.330597 208.352478 217.904938 226.328613 233.477295 239.198975 243.153137 256.699097 276.720062 292.006378 299.431732 297.225983 287.308502 273.529907 310.292480 348.205597 377.822235 388.837280 376.167450 345.795990 308.983582 328.827576 377.237549 417.433472 433.733582 417.433472 377.237549 328.827576 308.983582 345.795990 376.167450 388.837280 377.822235 348.205597 310.292480 273.529907 287.308502 297.225983 299.431732 292.006378 276.720062 256.699097 243.153137 239.198975 233.477295 226.328613 217.904938 208.352478 197.330597,
 260.648407 280.636475 281.739105 267.729004 251.859650 243.476013 242.809631 293.344971 331.119446 348.970703 335.771484 302.989746 271.341125 251.281372 304.116882 358.977539 403.348755 406.969177 366.848633 312.791077 270.365479 292.606232 350.067780 411.125580 439.647186 411.125580 350.067780 292.606232 270.365479 312.791077 366.848633 406.969177 403.348755 358.977539 304.116882 251.281372 271.341125 302.989746 335.771484 348.970703 331.119446 293.344971 242.809631 243.476013 251.859650 267.729004 281.739105 280.636475 260.648407,
 196.269104 242.609802 291.374023 310.275787 290.761414 259.489807 238.335968 210.210739 262.379181 326.414734 354.607269 323.588745 273.210175 240.643356 223.415161 279.551392 357.055939 395.903625 354.677948 284.774231 239.319946 233.706070 288.203674 369.062195 413.912689 369.062195 288.203674 233.706070 239.319946 284.774231 354.677948 395.903625 357.055939 279.551392 223.415161 240.643356 273.210175 323.588745 354.607269 326.414734 262.379181 210.210739 238.335968 259.489807 290.761414 310.275787 291.374023 242.609802 196.269104,
 186.515991 204.470215 226.223999 253.382294 278.996399 290.853516 284.330109 207.169983 232.648865 271.555969 315.446838 341.528015 334.348938 305.025269 235.514908 277.026276 336.130920 386.321960 391.661438 351.593536 300.618500 271.599426 326.844727 390.168396 420.986420 390.168396 326.844727 271.599426 300.618500 351.593536 391.661438 386.321960 336.130920 277.026276 235.514908 305.025269 334.348938 341.528015 315.446838 271.555969 232.648865 207.169983 284.330109 290.853516 278.996399 253.382294 226.223999 204.470215 186.515991,
 62.776566 93.386795 122.539825 148.422592 170.285065 188.322983 201.369736 105.664680 135.800110 165.064423 191.567459 211.080811 219.999237 217.181488 163.544891 209.839005 253.670105 282.055969 284.615662 263.641357 229.284241 214.369904 271.923065 322.860779 344.563660 322.860779 271.923065 214.369904 229.284241 263.641357 284.615662 282.055969 253.670105 209.839005 163.544891 217.181488 219.999237 211.080811 191.567459 165.064423 135.800110 105.664680 201.369736 188.322983 170.285065 148.422592 122.539825 93.386795 62.776566,
 101.773041 164.527954 210.544861 239.096069 261.655396 277.443695 278.495789 150.502213 237.766525 302.958466 311.343628 291.517670 277.571838 265.313110 180.926529 278.086243 379.700897 401.047974 339.324860 274.187805 236.198807 205.283844 280.147705 387.182800 447.582123 387.182800 280.147705 205.283844 236.198807 274.187805 339.324860 401.047974 379.700897 278.086243 180.926529 265.313110 277.571838 291.517670 311.343628 302.958466 237.766525 150.502213 278.495789 277.443695 261.655396 239.096069 210.544861 164.527954 101.773041,
 96.157372 157.107315 236.694641 302.418854 323.661926 318.736511 305.108368 143.149902 216.919327 322.384888 399.348633 386.087463 335.952454 293.433167 187.864227 272.523682 400.480103 488.080444 435.195618 336.529968 266.429504 229.591919 314.879608 443.950500 526.511597 443.950500 314.879608 229.591919 266.429504 336.529968 435.195618 488.080444 400.480103 272.523682 187.864227 293.433167 335.952454 386.087463 399.348633 322.384888 216.919327 143.149902 305.108368 318.736511 323.661926 302.418854 236.694641 157.107315 96.157372,
 98.930740 156.929077 212.178848 259.355316 289.311096 297.053772 288.458862 145.287994 212.467789 281.464600 340.221069 361.861694 340.194092 299.816132 195.996445 275.731262 365.578705 432.534637 426.566559 361.222412 288.520599 249.075424 335.495667 430.220947 477.536285 430.220947 335.495667 249.075424 288.520599 361.222412 426.566559 432.534637 365.578705 275.731262 195.996445 299.816132 340.194092 361.861694 340.221069 281.464600 212.467789 145.287994 288.458862 297.053772 289.311096 259.355316 212.178848 156.929077 98.930740,
 -28.624514 -15.242004 -0.759855 14.811888 30.058157 41.293774 44.360725 -2.666143 18.187382 31.881025 38.786140 43.069752 46.573025 45.998772 22.231955 55.516644 78.713684 81.912933 68.494949 51.483585 37.625652 31.908232 64.913910 97.933983 112.969086 97.933983 64.913910 31.908232 37.625652 51.483585 68.494949 81.912933 78.713684 55.516644 22.231955 45.998772 46.573025 43.069752 38.786140 31.881025 18.187382 -2.666143 44.360725 41.293774 30.058157 14.811888 -0.759855 -15.242004 -28.624514,
 -75.233414 -30.059978 18.728371 65.386185 105.994225 136.313690 150.422638 -22.956772 37.439705 94.969818 137.551193 160.732880 166.477264 155.499878 36.349327 106.226242 169.046036 203.818726 201.910629 173.982071 133.497681 90.939087 154.982086 210.283447 233.474823 210.283447 154.982086 90.939087 133.497681 173.982071 201.910629 203.818726 169.046036 106.226242 36.349327 155.499878 166.477264 160.732880 137.551193 94.969818 37.439705 -22.956772 150.422638 136.313690 105.994225 65.386185 18.728371 -30.059978 -75.233414,
 -14.552523 16.558491 40.608578 38.357231 28.487436 29.357742 28.800817 6.119309 51.043247 93.877106 94.925400 63.226608 44.567623 28.941338 16.943630 69.122421 131.989349 153.277466 103.692078 57.544785 25.162754 21.391933 68.364006 134.248825 180.981140 134.248825 68.364006 21.391933 25.162754 57.544785 103.692078 153.277466 131.989349 69.122421 16.943630 28.941338 44.567623 63.226608 94.925400 93.877106 51.043247 6.119309 28.800817 29.357742 28.487436 38.357231 40.608578 16.558491 -14.552523,
 -53.207062 -28.270678 2.200714 28.986753 48.305782 61.947807 69.107483 -29.470196 -1.061024 31.369577 59.459686 74.993370 78.028717 71.146881 -3.542156 27.917315 66.262314 96.938423 101.526260 83.513000 57.321499 27.235752 62.290676 99.902580 118.354172 99.902580 62.290676 27.235752 57.321499 83.513000 101.526260 96.938423 66.262314 27.917315 -3.542156 71.146881 78.028717 74.993370 59.459686 31.369577 -1.061024 -29.470196 69.107483 61.947807 48.305782 28.986753 2.200714 -28.270678 -53.207062,

Pairwise cross-correlations of the modulus of all oriented sub-bands at the same scale (size QxQ)
 139.714996 107.447517 69.028442 98.702248,
 107.447517 158.499115 111.027763 74.889557,
 69.028442 111.027763 158.347672 107.653732,
 98.702248 74.889557 107.653732 145.706100,
 433.733582 379.010925 318.819916 341.702179,
 379.010925 439.647278 347.184448 315.453094,
 318.819916 347.184448 413.912689 344.445801,
 341.702179 315.453094 344.445801 420.986450,
 344.563690 302.607300 311.637756 330.376007,
 302.607300 447.582123 380.821442 325.338928,
 311.637756 380.821442 526.511719 405.898193,
 330.376007 325.338928 405.898193 477.536316,
 112.969093 104.791161 55.294258 80.442444,
 104.791161 233.474854 146.380219 100.806870,
 55.294258 146.380219 180.981140 88.853012,
 80.442444 100.806870 88.853012 118.354172,

Cross-correlations of the modulus of all oriented sub-bands with all oriented sub-bands at the coarser scale (size QxQ)
 212.124374 184.403229 147.072510 174.714142,
 200.993729 229.934143 186.752670 163.226654,
 163.343185 190.533417 222.923889 189.814560,
 181.209152 157.817139 179.829544 214.612366,
 308.345673 292.025848 320.296387 341.800171,
 294.221069 317.525940 335.806030 332.975555,
 246.852417 283.251495 333.017059 341.368408,
 268.245178 278.232483 335.160675 367.690735,
 117.402237 167.311310 111.164871 133.184280,
 132.673477 181.854248 112.848465 141.359344,
 149.735352 180.451538 119.061493 165.484268,
 143.358093 165.385086 106.938934 179.787537,

Cross-correlations of the real part of each oriented sub-band with both the real and imaginary part of all phase-doubled oriented sub-bands at the next coarser scale (Q matrices of size 1x2Q, which are computed and stored in a matrix of size Qx2Q)
 70.000130 37.129925 3.998378 25.981031 -0.794735 -0.281703 0.050095 1.685317,
 35.145321 79.716789 38.549324 3.085004 0.147620 -1.402695 -1.171334 0.715841,
 3.465675 35.920368 85.535706 31.356722 0.187595 -0.824664 1.653434 1.811334,
 27.602283 4.323424 37.411278 65.030617 -0.010875 0.194543 1.545874 1.764685,
 -41.935860 -19.787487 -4.211387 -21.192545 1.059373 -13.010914 -1.875610 -12.203815,
 -11.804753 -48.829865 -33.870941 -1.795006 -2.356194 -24.119764 -0.637463 0.530958,
 -2.149692 -21.270168 -80.154373 -14.045022 0.771055 -4.689291 5.829523 -0.137040,
 -25.440926 -1.197863 -36.595066 -38.827419 5.956594 0.077477 3.198884 -23.356638,
 -24.101732 -23.015614 -9.596219 -14.484743 20.039619 4.534257 -4.234571 2.735018,
 -5.677237 -86.711967 -29.195732 -2.057906 8.094189 -16.677074 -10.744291 0.080016,
 -4.052581 -36.579411 -33.639378 -11.089166 -1.074538 -19.848295 -9.184992 -19.394508,
 -19.394917 0.466192 -17.679157 -28.198690 8.061981 -2.257862 -4.795338 -21.578939,
