Low-band skewness and kurtosis
 -2.266302 6.434765,
 -2.303800 6.978872,
 -1.886256 5.424555,
 -1.787241 5.577123,
 -1.664014 4.891808,

High-band variance
 127.435776,

Skewness, kurtosis, variance, mean, maximum and minimum of the reconstructed texture
 -2.253939 6.212200 6511.291016 223.310303 255.000000 0.000000,

Auto-correlations of the low-frequency bands at each scale
 3302.617188 3776.946533 4120.598145 4213.603516 4012.424316 3608.294189 3114.131836 3721.561279 4337.092285 4861.269531 5050.236328 4767.864258 4199.157715 3579.532959 4023.855225 4818.163086 5602.147949 5938.964844 5546.470215 4739.802734 3948.864502 4116.470703 4999.619141 5924.403320 6355.810547 5924.403320 4999.619141 4116.470703 3948.864502 4739.802734 5546.470215 5938.964844 5602.147949 4818.163086 4023.855225 3579.532959 4199.157715 4767.864258 5050.236328 4861.269531 4337.092285 3721.561279 3114.131836 3608.294189 4012.424316 4213.603516 4120.598145 3776.946533 3302.617188,
 1840.508911 2039.727905 2331.660400 2433.598145 2211.229248 1926.072388 1864.204712 1938.609131 2439.585693 3182.691895 3499.885254 3014.566895 2252.524170 1885.327881 2129.666016 3073.008057 4454.686523 5109.929688 4324.241211 2916.500732 2058.714355 2210.140137 3353.453125 5069.540527 5947.512207 5069.540527 3353.453125 2210.140137 2058.714355 2916.500732 4324.241211 5109.929688 4454.686523 3073.008057 2129.666016 1885.327881 2252.524170 3014.566895 3499.885254 3182.691895 2439.585693 1938.609131 1864.204712 1926.072388 2211.229248 2433.598145 2331.660400 2039.727905 1840.508911,
 1136.250488 1316.524414 1586.472290 1657.419189 1627.247925 1887.390869 2148.248779 1432.406982 1503.227295 1875.931152 2096.086914 1834.273682 1792.822266 2050.095703 1603.534058 1819.977051 2853.643311 3551.170410 2775.269775 1882.109131 1866.820923 1737.394165 2026.925049 3479.884766 4518.930664 3479.884766 2026.925049 1737.394165 1866.820923 1882.109131 2775.269775 3551.170410 2853.643311 1819.977051 1603.534058 2050.095703 1792.822266 1834.273682 2096.086914 1875.931152 1503.227295 1432.406982 2148.248779 1887.390869 1627.247925 1657.419189 1586.472290 1316.524414 1136.250488,
 -168.562683 111.856201 501.687195 943.209595 1266.709717 1354.036621 1186.736084 268.637268 606.038452 1074.713257 1553.097168 1756.453003 1661.249146 1362.786621 659.649292 1136.463623 1841.683838 2373.738281 2252.092529 1780.184814 1323.396118 1055.335083 1622.577637 2416.178711 2865.629395 2416.178711 1622.577637 1055.335083 1323.396118 1780.184814 2252.092529 2373.738281 1841.683838 1136.463623 659.649292 1362.786621 1661.249146 1756.453003 1553.097168 1074.713257 606.038452 268.637268 1186.736084 1354.036621 1266.709717 943.209595 501.687195 111.856201 -168.562683,
 -699.973572 -868.050659 -874.692322 -629.383850 -246.088684 -29.551239 -139.869324 -768.046875 -747.682678 -335.931000 311.514496 740.190674 641.330627 125.147736 -606.302917 -143.102539 790.439514 1630.757080 1681.713379 979.948730 94.773880 -233.923645 641.487793 1750.589844 2295.296143 1750.589844 641.487793 -233.923645 94.773880 979.948730 1681.713379 1630.757080 790.439514 -143.102539 -606.302917 125.147736 641.330627 740.190674 311.514496 -335.931000 -747.682678 -768.046875 -139.869324 -29.551239 -246.088684 -629.383850 -874.692322 -868.050659 -699.973572,

Auto-correlations of the modulus of each oriented sub-band
 82.832916 90.282959 96.752708 98.826843 95.216011 87.895035 80.587662 95.476158 106.530708 116.285248 119.872177 115.250916 104.933678 94.042732 107.395485 122.579872 136.290802 141.793823 135.960602 122.109459 107.107536 112.698990 129.840958 145.628815 152.215271 145.628815 129.840958 112.698990 107.107536 122.109459 135.960602 141.793823 136.290802 122.579872 107.395485 94.042732 104.933678 115.250916 119.872177 116.285248 106.530708 95.476158 80.587662 87.895035 95.216011 98.826843 96.752708 90.282959 82.832916,
 82.699478 86.682968 88.796822 87.349228 82.223137 74.948105 67.299484 86.958481 98.443008 106.980827 107.576965 99.693779 87.126907 74.262283 88.779198 107.235397 123.103355 127.451225 117.495689 99.535721 81.166420 86.631577 107.695465 127.582108 136.317596 127.582108 107.695465 86.631577 81.166420 99.535721 117.495689 127.451225 123.103355 107.235397 88.779198 74.262283 87.126907 99.693779 107.576965 106.980827 98.443008 86.958481 67.299484 74.948105 82.223137 87.349228 88.796822 86.682968 82.699478,
 75.099312 87.902649 101.124313 106.876144 99.953430 85.076080 70.643547 81.031364 98.497299 116.692566 124.932800 115.677994 96.100876 77.544762 86.161285 107.725212 130.589188 141.393341 130.012985 106.361519 84.266312 87.632736 110.991760 136.048553 148.216034 136.048553 110.991760 87.632736 84.266312 106.361519 130.012985 141.393341 130.589188 107.725212 86.161285 77.544762 96.100876 115.677994 124.932800 116.692566 98.497299 81.031364 70.643547 85.076080 99.953430 106.876144 101.124313 87.902649 75.099312,
 71.367165 80.157707 88.784569 95.492050 98.552711 97.710930 94.544441 79.524673 93.820488 108.010933 117.490112 118.069817 110.138145 98.816101 88.851837 108.593216 128.008118 139.155426 135.265137 119.179855 100.197891 96.668373 118.785233 139.663895 148.851456 139.663895 118.785233 96.668373 100.197891 119.179855 135.265137 139.155426 128.008118 108.593216 88.851837 98.816101 110.138145 118.069817 117.490112 108.010933 93.820488 79.524673 94.544441 97.710930 98.552711 95.492050 88.784569 80.157707 71.367165,
 207.937180 220.690964 230.738770 234.912369 231.096344 221.099197 208.380722 247.345657 271.432648 291.246735 300.040619 293.239105 274.141388 249.673813 287.892181 328.287354 363.155884 378.680359 365.911133 332.070068 291.376862 307.561157 356.824310 400.045959 418.355804 400.045959 356.824310 307.561157 291.376862 332.070068 365.911133 378.680359 363.155884 328.287354 287.892181 249.673813 274.141388 293.239105 300.040619 291.246735 271.432648 247.345657 208.380722 221.099197 231.096344 234.912369 230.738770 220.690964 207.937180,
 201.525757 214.833862 211.737427 196.427429 177.896423 160.027100 141.791168 220.690628 251.848969 264.322113 248.806152 216.065857 183.938019 158.454941 222.509705 270.918213 309.748810 309.937286 269.861786 219.262390 179.797302 204.940521 256.401642 312.999390 340.220184 312.999390 256.401642 204.940521 179.797302 219.262390 269.861786 309.937286 309.748810 270.918213 222.509705 158.454941 183.938019 216.065857 248.806152 264.322113 251.848969 220.690628 141.791168 160.027100 177.896423 196.427429 211.737427 214.833862 201.525757,
 178.666153 224.434280 271.360107 296.551819 285.118896 247.053329 203.402206 188.293625 244.400177 306.494781 338.475891 317.265472 262.467407 207.412827 197.350754 262.386139 338.286194 376.658691 344.637512 272.999969 208.221573 204.688614 273.484375 354.012787 393.315033 354.012787 273.484375 204.688614 208.221573 272.999969 344.637512 376.658691 338.286194 262.386139 197.350754 207.412827 262.467407 317.265472 338.475891 306.494781 244.400177 188.293625 203.402206 247.053329 285.118896 296.551819 271.360107 224.434280 178.666153,
 167.499542 191.139633 220.837708 251.103821 272.427673 277.998230 266.733612 186.299637 222.299026 269.432312 313.224823 332.702576 320.299744 285.632812 213.548141 266.327911 331.537781 380.254822 380.864319 336.582977 277.892853 248.077972 312.915649 380.797333 412.245514 380.797333 312.915649 248.077972 277.892853 336.582977 380.864319 380.254822 331.537781 266.327911 213.548141 285.632812 320.299744 332.702576 313.224823 269.432312 222.299026 186.299637 266.733612 277.998230 272.427673 251.103821 220.837708 191.139633 167.499542,
 125.028839 145.247559 165.213135 182.230133 191.039368 188.677826 175.800446 190.359879 234.464630 275.416504 296.778076 287.566223 252.312592 205.208542 259.802979 344.792145 423.437103 457.855530 427.963348 351.302155 262.331055 295.176086 404.675110 506.349304 550.054810 506.349304 404.675110 295.176086 262.331055 351.302155 427.963348 457.855530 423.437103 344.792145 259.802979 205.208542 252.312592 287.566223 296.778076 275.416504 234.464630 190.359879 175.800446 188.677826 191.039368 182.230133 165.213135 145.247559 125.028839,
 105.306168 147.228668 179.222046 189.044586 181.549469 165.509705 148.073120 150.764572 216.459885 270.454224 273.988953 236.794098 194.016251 164.819260 183.533173 266.702087 356.531555 377.434204 314.981689 234.788528 184.197418 193.716721 269.112213 374.176086 429.400452 374.176086 269.112213 193.716721 184.197418 234.788528 314.981689 377.434204 356.531555 266.702087 183.533173 164.819260 194.016251 236.794098 273.988953 270.454224 216.459885 150.764572 148.073120 165.509705 181.549469 189.044586 179.222046 147.228668 105.306168,
 137.330490 172.424423 227.481842 266.055969 243.066193 181.867203 133.749435 155.188019 207.552811 294.629242 350.783051 305.969147 210.659927 148.403320 164.758972 236.424667 358.315674 432.877197 365.023193 237.367905 160.399689 166.690079 248.424255 388.062195 469.570953 388.062195 248.424255 166.690079 160.399689 237.367905 365.023193 432.877197 358.315674 236.424667 164.758972 148.403320 210.659927 305.969147 350.783051 294.629242 207.552811 155.188019 133.749435 181.867203 243.066193 266.055969 227.481842 172.424423 137.330490,
 163.003784 188.954422 226.709198 270.090515 294.865082 280.473175 241.903564 193.115784 238.711594 304.886383 372.597015 391.168732 343.737854 273.106995 231.975510 307.497620 414.514557 501.850220 488.023895 389.121033 285.931946 268.737244 372.665527 501.199036 568.427246 501.199036 372.665527 268.737244 285.931946 389.121033 488.023895 501.850220 414.514557 307.497620 231.975510 273.106995 343.737854 391.168732 372.597015 304.886383 238.711594 193.115784 241.903564 280.473175 294.865082 270.090515 226.709198 188.954422 163.003784,
 -13.183351 -6.227970 -3.749985 -4.623271 -1.788594 7.300529 19.128468 0.384081 18.632757 31.754150 32.405117 28.645237 29.588743 34.481598 19.498318 49.023449 77.813461 85.383919 70.967880 52.262493 40.070206 36.241505 65.436874 100.555168 118.312561 100.555168 65.436874 36.241505 40.070206 52.262493 70.967880 85.383919 77.813461 49.023449 19.498318 34.481598 29.588743 28.645237 32.405117 31.754150 18.632757 0.384081 19.128468 7.300529 -1.788594 -4.623271 -3.749985 -6.227970 -13.183351,
 5.495843 16.586803 23.449451 26.016388 31.267925 37.286324 34.807587 25.107613 45.115566 60.346722 61.429920 56.487804 54.092510 48.986725 39.925629 68.869743 99.846687 106.091888 86.817284 66.786736 52.790573 48.674213 74.238815 110.366562 131.380371 110.366562 74.238815 48.674213 52.790573 66.786736 86.817284 106.091888 99.846687 68.869743 39.925629 48.986725 54.092510 56.487804 61.429920 60.346722 45.115566 25.107613 34.807587 37.286324 31.267925 26.016388 23.449451 16.586803 5.495843,
 3.061556 14.219448 29.352524 40.479191 37.730667 39.132999 43.621994 17.948799 34.398537 59.947472 73.685226 58.807564 49.560860 52.552361 31.799671 49.099770 83.614532 104.611664 79.322540 55.501350 51.973385 43.906998 56.042942 90.550629 118.009659 90.550629 56.042942 43.906998 51.973385 55.501350 79.322540 104.611664 83.614532 49.099770 31.799671 52.552361 49.560860 58.807564 73.685226 59.947472 34.398537 17.948799 43.621994 39.132999 37.730667 40.479191 29.352524 14.219448 3.061556,
 -15.761365 -4.965595 10.180910 26.460518 39.655807 46.209370 42.346252 -0.159384 15.929979 34.726406 51.610268 59.094952 54.725075 46.395470 19.162159 40.162334 64.564049 85.368782 82.082100 62.645702 47.332180 38.550041 59.781284 87.782028 105.263168 87.782028 59.781284 38.550041 47.332180 62.645702 82.082100 85.368782 64.564049 40.162334 19.162159 46.395470 54.725075 59.094952 51.610268 34.726406 15.929979 -0.159384 42.346252 46.209370 39.655807 26.460518 10.180910 -4.965595 -15.761365,

Pairwise cross-correlations of the modulus of all oriented sub-bands at the same scale (size QxQ)
 152.215302 102.223236 68.755402 108.627655,
 102.223236 136.317612 99.246262 72.359680,
 68.755402 99.246262 148.216064 103.744583,
 108.627655 72.359680 103.744583 148.851486,
 418.355835 302.178131 288.677734 335.122589,
 302.178131 340.220184 301.620850 268.956451,
 288.677734 301.620850 393.315094 322.230194,
 335.122589 268.956451 322.230194 412.245544,
 550.054810 359.860596 331.136475 420.154114,
 359.860596 429.400482 356.805908 295.807312,
 331.136475 356.805908 469.570984 402.344452,
 420.154114 295.807312 402.344452 568.427307,
 118.312553 66.497223 33.502380 80.393433,
 66.497223 131.380386 80.936623 67.541870,
 33.502380 80.936623 118.009674 71.509277,
 80.393433 67.541870 71.509277 105.263184,

Cross-correlations of the modulus of all oriented sub-bands with all oriented sub-bands at the coarser scale (size QxQ)
 217.940308 162.345398 149.741257 185.892456,
 173.510010 185.813873 176.099640 147.967041,
 144.372604 160.995850 209.072723 172.328796,
 184.022858 140.082870 180.801453 214.872879,
 400.797150 306.540863 269.469574 350.599579,
 295.029510 297.798401 283.880920 282.725922,
 300.391113 285.077545 334.699921 336.608521,
 340.471985 272.600677 316.085693 383.641144,
 138.824188 126.057007 130.430542 156.432541,
 119.680099 134.173798 138.986115 149.381577,
 92.311020 107.121567 142.668671 130.363907,
 106.963036 134.291809 147.052216 134.855927,

Cross-correlations of the real part of each oriented sub-band with both the real and imaginary part of all phase-doubled oriented sub-bands at the next coarser scale (Q matrices of size 1x2Q, which are computed and stored in a matrix of size Qx2Q)
 79.991791 34.491451 3.045934 34.350414 2.459713 0.304514 -0.162811 -2.175724,
 33.592052 65.909935 27.765800 3.974238 0.217496 -1.694626 0.625593 -0.447618,
 2.358443 27.077566 66.526703 33.507153 0.635762 -0.405820 2.623606 1.248842,
 34.683022 3.915030 31.906185 73.718590 3.271152 0.730326 1.366139 -0.768691,
 -159.706268 -50.413029 -4.089867 -61.580948 -6.109004 -5.470310 -0.646078 -2.494191,
 -64.551819 -99.431480 -33.943802 -8.115939 -4.489398 -23.706631 -14.327476 2.847776,
 -5.731465 -38.808743 -89.084793 -39.580547 0.840390 -18.553154 -24.279337 -4.343310,
 -70.773544 -6.030914 -43.442188 -101.526085 0.918420 -2.532590 -7.889378 -17.699820,
 -55.754448 -5.141294 0.779480 -26.382309 36.260704 -10.981419 -2.134821 -18.345600,
 -12.373398 -6.511480 6.490304 -3.454151 4.836044 -15.949495 9.298593 -2.202974,
 2.020348 3.446413 -3.968433 -19.346344 -0.406891 3.231055 12.963959 -9.808099,
 -27.457500 1.334836 -9.213449 -46.239891 24.611034 1.338998 -3.101916 -31.194599,
