Low-band skewness and kurtosis
 -2.191562 6.146723,
 -2.249332 6.883049,
 -1.651572 4.800215,
 -1.245349 3.831738,
 -1.183762 3.516870,

High-band variance
 149.631912,

Skewness, kurtosis, variance, mean, maximum and minimum of the reconstructed texture
 -2.176662 5.885248 6669.554199 221.898376 255.000000 0.000000,

Auto-correlations of the low-frequency bands at each scale
 2550.777100 3059.193848 3440.221436 3608.200684 3499.462158 3137.027832 2609.811768 3162.871094 3877.960449 4491.429199 4756.869141 4506.148926 3893.002441 3170.922852 3605.071289 4571.012207 5515.885742 5940.498047 5510.700195 4561.794434 3598.018555 3767.837402 4855.949707 5973.190430 6486.807617 5973.190430 4855.949707 3767.837402 3598.018555 4561.794434 5510.700195 5940.498047 5515.885742 4571.012207 3605.071289 3170.922852 3893.002441 4506.148926 4756.869141 4491.429199 3877.960449 3162.871094 2609.811768 3137.027832 3499.462158 3608.200684 3440.221436 3059.193848 2550.777100,
 935.172729 893.135742 1002.171204 1153.956055 1180.487427 1084.684692 952.494385 1103.469727 1485.123779 2204.521729 2639.459473 2311.015381 1584.758301 1082.127930 1365.754761 2398.816162 4008.768799 4854.078613 4035.680420 2406.865479 1318.801636 1479.407104 2858.089600 4925.904785 5980.810547 4925.904785 2858.089600 1479.407104 1318.801636 2406.865479 4035.680420 4854.078613 4008.768799 2398.816162 1365.754761 1082.127930 1584.758301 2311.015381 2639.459473 2204.521729 1485.123779 1103.469727 952.494385 1084.684692 1180.487427 1153.956055 1002.171204 893.135742 935.172729,
 862.083313 804.287720 720.326355 664.195923 839.356018 1149.158081 1258.179443 828.862976 699.451477 830.821899 999.263184 814.823120 792.640320 1155.088257 858.114929 1034.688965 2059.905518 2832.113281 2001.340942 1029.029297 1135.512451 1054.465454 1365.866943 2971.280762 4145.257812 2971.280762 1365.866943 1054.465454 1135.512451 1029.029297 2001.340942 2832.113281 2059.905518 1034.688965 858.114929 1155.088257 792.640320 814.823120 999.263184 830.821899 699.451477 828.862976 1258.179443 1149.158081 839.356018 664.195923 720.326355 804.287720 862.083313,
 35.451263 433.054749 586.022583 610.983215 691.360352 748.768250 659.803955 265.420105 507.340027 659.641479 777.321533 860.830322 873.194763 737.534241 377.992157 656.809387 1176.746704 1558.612549 1375.776245 918.566101 569.382324 407.980499 842.804199 1639.387451 2104.549805 1639.387451 842.804199 407.980499 569.382324 918.566101 1375.776245 1558.612549 1176.746704 656.809387 377.992157 737.534241 873.194763 860.830322 777.321533 659.641479 507.340027 265.420105 659.803955 748.768250 691.360352 610.983215 586.022583 433.054749 35.451263,
 -568.661133 -393.809143 -99.290421 86.062866 132.962540 42.037994 -204.571808 -666.464355 -358.260193 171.440735 528.119751 544.566345 289.650208 -151.156586 -585.325378 -99.901947 631.071472 1080.616455 921.520935 372.032715 -227.706177 -388.302856 227.855103 988.453552 1359.817871 988.453552 227.855103 -388.302856 -227.706177 372.032715 921.520935 1080.616455 631.071472 -99.901947 -585.325378 -151.156586 289.650208 544.566345 528.119751 171.440735 -358.260193 -666.464355 -204.571808 42.037994 132.962540 86.062866 -99.290421 -393.809143 -568.661133,

Auto-correlations of the modulus of each oriented sub-band
 71.718681 79.553299 86.296928 88.730377 85.619209 78.831863 71.914406 89.095840 101.761909 112.982475 117.410400 112.772377 101.713982 89.735580 106.155785 123.749588 139.672028 146.201630 139.793457 124.110397 106.885170 113.978340 133.807938 151.976257 159.509598 151.976257 133.807938 113.978340 106.885170 124.110397 139.793457 146.201630 139.672028 123.749588 106.155785 89.735580 101.713982 112.772377 117.410400 112.982475 101.761909 89.095840 71.914406 78.831863 85.619209 88.730377 86.296928 79.553299 71.718681,
 97.403671 102.952835 104.924744 101.646812 93.468597 82.344559 70.695389 103.449753 118.507164 128.997955 129.286194 118.918007 101.977531 83.713928 106.180176 129.720627 149.215088 154.427643 142.361298 119.860115 95.527863 103.589310 130.491562 154.836182 165.287201 154.836182 130.491562 103.589310 95.527863 119.860115 142.361298 154.427643 149.215088 129.720627 106.180176 83.713928 101.977531 118.918007 129.286194 128.997955 118.507164 103.449753 70.695389 82.344559 93.468597 101.646812 104.924744 102.952835 97.403671,
 82.481880 99.175255 115.932884 124.011490 117.434837 99.980492 80.349586 91.732071 113.393349 135.113647 145.587814 136.792786 114.728386 90.774124 100.447685 126.633842 152.813782 165.332458 154.017334 127.700966 100.219444 104.054565 132.499405 160.559097 173.524750 160.559097 132.499405 104.054565 100.219444 127.700966 154.017334 165.332458 152.813782 126.633842 100.447685 90.774124 114.728386 136.792786 145.587814 135.113647 113.393349 91.732071 80.349586 99.980492 117.434837 124.011490 115.932884 99.175255 82.481880,
 78.229706 90.740929 102.314331 110.146118 112.474182 109.773918 104.412170 91.867622 111.174591 128.765900 138.762634 137.300629 125.835632 110.632057 103.704109 129.063187 152.204742 163.897659 157.839722 137.638901 113.697441 111.491051 139.138489 163.983978 174.466553 163.983978 139.138489 111.491051 113.697441 137.638901 157.839722 163.897659 152.204742 129.063187 103.704109 110.632057 125.835632 137.300629 138.762634 128.765900 111.174591 91.867622 104.412170 109.773918 112.474182 110.146118 102.314331 90.740929 78.229706,
 155.567612 165.057190 173.666931 177.994080 175.525818 167.601685 157.432114 210.996475 234.311066 255.259964 263.996185 254.810837 232.800446 206.985550 274.684937 318.454437 357.735107 373.632751 355.563293 314.665070 268.849915 301.373413 357.268555 408.609589 430.893982 408.609589 357.268555 301.373413 268.849915 314.665070 355.563293 373.632751 357.735107 318.454437 274.684937 206.985550 232.800446 254.810837 263.996185 255.259964 234.311066 210.996475 157.432114 167.601685 175.525818 177.994080 173.666931 165.057190 155.567612,
 281.936188 301.906067 295.997559 265.899475 223.661133 184.700439 157.977570 308.047424 355.353271 376.885315 355.528442 300.432495 239.154541 192.483704 307.250885 379.318787 438.389404 442.754150 384.957275 303.381287 235.165024 278.668213 358.793304 442.693390 481.892639 442.693390 358.793304 278.668213 235.165024 303.381287 384.957275 442.754150 438.389404 379.318787 307.250885 192.483704 239.154541 300.432495 355.528442 376.885315 355.353271 308.047424 157.977570 184.700439 223.661133 265.899475 295.997559 301.906067 281.936188,
 176.249771 230.937057 292.510712 319.822266 292.548370 239.074783 196.144943 192.870071 260.758606 342.873505 380.575562 340.622589 265.720520 208.486618 209.737900 287.463928 386.842682 435.917603 384.709198 289.587463 218.148026 219.650513 299.241821 404.421387 459.794220 404.421387 299.241821 219.650513 218.148026 289.587463 384.709198 435.917603 386.842682 287.463928 209.737900 208.486618 265.720520 340.622589 380.575562 342.873505 260.758606 192.870071 196.144943 239.074783 292.548370 319.822266 292.510712 230.937057 176.249771,
 141.687241 157.480255 190.908356 234.578384 268.017059 273.423309 252.922684 167.382919 204.436310 262.659088 320.848511 345.001434 323.513763 277.611267 205.322937 266.849792 346.434174 406.057861 402.702850 345.333435 276.185822 247.526062 323.351685 405.008820 443.988770 405.008820 323.351685 247.526062 276.185822 345.333435 402.702850 406.057861 346.434174 266.849792 205.322937 277.611267 323.513763 345.001434 320.848511 262.659088 204.436310 167.382919 252.922684 273.423309 268.017059 234.578384 190.908356 157.480255 141.687241,
 62.535561 79.513107 95.425819 109.841537 121.764305 130.988815 136.174683 136.525238 167.738235 192.132477 205.163971 207.634857 201.686630 188.201782 211.229858 281.829987 347.850372 380.806610 367.792816 319.576263 257.857727 267.490845 363.821350 453.785950 492.882324 453.785950 363.821350 267.490845 257.857727 319.576263 367.792816 380.806610 347.850372 281.829987 211.229858 188.201782 201.686630 207.634857 205.163971 192.132477 167.738235 136.525238 136.174683 130.988815 121.764305 109.841537 95.425819 79.513107 62.535561,
 149.599915 196.546188 195.440643 156.284668 131.979980 135.898026 133.139893 167.700836 255.091553 300.883179 253.817108 173.747971 137.300903 131.778870 167.473358 278.562561 394.383026 396.259033 279.939728 176.895599 136.247986 151.556152 241.574799 386.840973 471.481567 386.840973 241.574799 151.556152 136.247986 176.895599 279.939728 396.259033 394.383026 278.562561 167.473358 131.778870 137.300903 173.747971 253.817108 300.883179 255.091553 167.700836 133.139893 135.898026 131.979980 156.284668 195.440643 196.546188 149.599915,
 196.047531 221.861298 261.518036 292.254974 279.988434 240.453796 213.903275 215.802216 264.866638 352.705444 412.273285 366.105774 270.446899 210.523865 224.502899 299.894775 440.058136 529.488770 444.974701 297.354126 213.018372 220.371246 310.434845 477.407959 580.784729 477.407959 310.434845 220.371246 213.018372 297.354126 444.974701 529.488770 440.058136 299.894775 224.502899 210.523865 270.446899 366.105774 412.273285 352.705444 264.866638 215.802216 213.903275 240.453796 279.988434 292.254974 261.518036 221.861298 196.047531,
 132.983948 145.933807 173.708450 219.263687 267.500427 283.074646 248.833374 170.483093 193.299347 246.211212 327.468445 378.265228 347.647736 258.498749 201.724716 254.019958 364.010681 476.002563 483.817932 375.442078 250.730728 226.902039 330.669678 478.068451 555.855469 478.068451 330.669678 226.902039 250.730728 375.442078 483.817932 476.002563 364.010681 254.019958 201.724716 258.498749 347.647736 378.265228 327.468445 246.211212 193.299347 170.483093 248.833374 283.074646 267.500427 219.263687 173.708450 145.933807 132.983948,
 1.185297 3.041772 6.782540 13.088277 18.569897 19.255520 14.366972 -5.672157 0.012361 6.928738 13.821113 18.533283 19.623814 16.490753 -3.186799 15.547195 35.147923 45.418854 41.246410 28.735054 15.273060 9.527413 35.075485 62.070820 74.688675 62.070820 35.075485 9.527413 15.273060 28.735054 41.246410 45.418854 35.147923 15.547195 -3.186799 16.490753 19.623814 18.533283 13.821113 6.928738 0.012361 -5.672157 14.366972 19.255520 18.569897 13.088277 6.782540 3.041772 1.185297,
 -3.602821 29.198694 53.734837 68.613510 77.849136 78.864594 65.142448 11.919247 54.364571 89.605865 100.862427 95.233322 85.033012 67.984222 31.044216 79.362518 128.522903 144.053360 120.920036 88.256119 60.601139 47.286472 90.064781 141.635498 168.148117 141.635498 90.064781 47.286472 60.601139 88.256119 120.920036 144.053360 128.522903 79.362518 31.044216 67.984222 85.033012 95.233322 100.862427 89.605865 54.364571 11.919247 65.142448 78.864594 77.849136 68.613510 53.734837 29.198694 -3.602821,
 -12.095092 -2.161125 24.801140 52.502213 50.644676 19.460884 -5.705148 -18.020832 0.051472 50.422535 88.649490 70.746170 24.453960 -3.782611 -19.337103 6.116582 78.389442 130.006287 90.116783 23.504520 -6.903351 -14.249340 15.378346 94.899384 150.546448 94.899384 15.378346 -14.249340 -6.903351 23.504520 90.116783 130.006287 78.389442 6.116582 -19.337103 -3.782611 24.453960 70.746170 88.649490 50.422535 0.051472 -18.020832 -5.705148 19.460884 50.644676 52.502213 24.801140 -2.161125 -12.095092,
 -20.530132 -20.925148 -14.003945 3.601901 19.403145 19.007763 4.909866 -26.316132 -17.700678 5.033489 35.611813 48.011662 33.566246 9.528386 -20.197163 3.767357 47.215538 86.285843 83.332710 46.035500 9.607513 -3.795911 34.190292 87.336174 116.432869 87.336174 34.190292 -3.795911 9.607513 46.035500 83.332710 86.285843 47.215538 3.767357 -20.197163 9.528386 33.566246 48.011662 35.611813 5.033489 -17.700678 -26.316132 4.909866 19.007763 19.403145 3.601901 -14.003945 -20.925148 -20.530132,

Pairwise cross-correlations of the modulus of all oriented sub-bands at the same scale (size QxQ)
 159.509613 109.820549 63.942532 108.185753,
 109.820549 165.287201 109.591148 70.249832,
 63.942532 109.591148 173.524750 119.832741,
 108.185753 70.249832 119.832741 174.466583,
 430.894012 362.280609 289.782684 339.709747,
 362.280609 481.892700 364.743164 319.146912,
 289.782684 364.743164 459.794250 353.808441,
 339.709747 319.146912 353.808441 443.988831,
 492.882355 337.145508 343.232758 389.457153,
 337.145508 471.481567 385.477966 323.019287,
 343.232758 385.477966 580.784790 444.226898,
 389.457153 323.019287 444.226898 555.855530,
 74.688675 67.854202 47.601387 49.383888,
 67.854202 168.148117 87.534424 31.470989,
 47.601387 87.534424 150.546448 74.835190,
 49.383888 31.470989 74.835190 116.432877,

Cross-correlations of the modulus of all oriented sub-bands with all oriented sub-bands at the coarser scale (size QxQ)
 223.367767 194.223999 151.428238 181.735580,
 190.438705 239.971619 192.606110 155.363907,
 143.153275 196.309372 241.607544 192.441360,
 184.524811 164.784363 203.190109 237.149490,
 337.501282 308.936890 295.756378 300.672546,
 318.240417 365.949097 337.914124 293.836761,
 286.408081 331.633301 383.228394 327.595795,
 337.436157 288.144257 350.202271 365.539398,
 105.408195 171.969360 123.459282 109.077438,
 97.368225 163.238037 117.632454 113.940681,
 101.972000 201.609665 121.598701 104.158707,
 100.193069 182.234131 116.970345 106.427719,

Cross-correlations of the real part of each oriented sub-band with both the real and imaginary part of all phase-doubled oriented sub-bands at the next coarser scale (Q matrices of size 1x2Q, which are computed and stored in a matrix of size Qx2Q)
 82.864693 44.788513 5.610348 39.991703 -4.038258 0.168557 1.078893 0.050975,
 40.557060 96.475571 43.411034 4.853947 -2.798715 7.619448 2.080893 0.375471,
 3.846621 42.222969 102.917374 52.214851 0.256113 4.588143 -3.988479 1.069114,
 34.786026 4.495265 50.322243 104.814430 -0.615514 -0.351571 -2.120101 1.392973,
 -98.768265 -45.963108 -10.700814 -61.832268 -8.949409 -5.874735 0.664498 2.563375,
 -37.022896 -122.556908 -72.685287 -6.303616 -3.870316 2.528099 6.394331 -1.846137,
 -4.744792 -70.528931 -167.650269 -88.962708 -0.469084 11.712866 -7.020461 -11.380245,
 -46.832897 -10.297087 -82.375198 -175.593582 -6.492901 2.044004 -11.063820 -3.055148,
 -15.893122 -16.374907 -3.072068 -8.251808 -28.378458 -0.597841 -1.817037 10.041574,
 -18.683628 -34.506176 -38.682953 -2.502782 -3.942740 24.468754 9.520188 -1.078092,
 -2.761349 -15.518209 -89.175583 -33.549095 0.496989 15.629272 30.903175 -2.994835,
 1.543191 -1.473425 -36.557793 -49.969051 -22.634199 0.399357 9.234286 7.011502,
