Low-band skewness and kurtosis
 -2.147854 5.944272,
 -2.211034 6.683240,
 -1.669090 4.844261,
 -1.267971 3.854920,
 -1.099675 3.357754,

High-band variance
 148.425461,

Skewness, kurtosis, variance, mean, maximum and minimum of the reconstructed texture
 -2.134656 5.701343 6818.021973 221.042175 255.000000 0.000000,

Auto-correlations of the low-frequency bands at each scale
 2753.364014 3301.538086 3680.322266 3803.013672 3635.678711 3220.113770 2644.118896 3274.591553 4036.184082 4671.816406 4926.770996 4642.628906 3981.937012 3205.172119 3659.346436 4673.089355 5658.407715 6096.303223 5644.969238 4648.362793 3630.135498 3802.022217 4939.421875 6103.821289 6637.270508 6103.821289 4939.421875 3802.022217 3630.135498 4648.362793 5644.969238 6096.303223 5658.407715 4673.089355 3659.346436 3205.172119 3981.937012 4642.628906 4926.770996 4671.816406 4036.184082 3274.591553 2644.118896 3220.113770 3635.678711 3803.013672 3680.322266 3301.538086 2753.364014,
 1040.701294 1219.213257 1430.806885 1526.558594 1399.182373 1225.933228 1216.799927 1182.254761 1724.481323 2511.459961 2874.047363 2390.489258 1606.650513 1242.522827 1299.204224 2462.510986 4175.146973 5022.782227 4104.501465 2399.437744 1350.507446 1388.352661 2841.904053 5022.258789 6136.428711 5022.258789 2841.904053 1388.352661 1350.507446 2399.437744 4104.501465 5022.782227 4175.146973 2462.510986 1299.204224 1242.522827 1606.650513 2390.489258 2874.047363 2511.459961 1724.481323 1182.254761 1216.799927 1225.933228 1399.182373 1526.558594 1430.806885 1219.213257 1040.701294,
 644.789062 576.897827 806.854614 1212.562256 1486.027222 1564.693481 1502.473633 676.145386 516.409180 966.294922 1461.891968 1381.854248 1213.795532 1267.773926 783.040710 908.177002 2167.839844 3067.062012 2223.397461 1050.952881 839.210022 766.029358 1192.305786 3017.996338 4253.428711 3017.996338 1192.305786 766.029358 839.210022 1050.952881 2223.397461 3067.062012 2167.839844 908.177002 783.040710 1267.773926 1213.795532 1381.854248 1461.891968 966.294922 516.409180 676.145386 1502.473633 1564.693481 1486.027222 1212.562256 806.854614 576.897827 644.789062,
 -291.082672 10.725677 219.740326 545.927429 857.389160 990.186035 1024.967285 68.153839 316.308319 599.347595 1041.222412 1215.274902 1088.882568 988.114380 394.773987 619.644775 1188.456787 1779.003174 1614.622314 1104.231323 901.237732 713.957153 954.093567 1694.793213 2213.723633 1694.793213 954.093567 713.957153 901.237732 1104.231323 1614.622314 1779.003174 1188.456787 619.644775 394.773987 988.114380 1088.882568 1215.274902 1041.222412 599.347595 316.308319 68.153839 1024.967285 990.186035 857.389160 545.927429 219.740326 10.725677 -291.082672,
 -392.853516 -809.503540 -924.994141 -657.939575 -144.867401 281.535065 357.249878 -675.896423 -808.259766 -476.709808 132.994995 672.902466 816.809570 455.331482 -712.370972 -347.611023 418.038666 1103.113770 1263.001343 858.671936 136.796234 -385.165100 358.977722 1187.936279 1566.791138 1187.936279 358.977722 -385.165100 136.796234 858.671936 1263.001343 1103.113770 418.038666 -347.611023 -712.370972 455.331482 816.809570 672.902466 132.994995 -476.709808 -808.259766 -675.896423 357.249878 281.535065 -144.867401 -657.939575 -924.994141 -809.503540 -392.853516,

Auto-correlations of the modulus of each oriented sub-band
 71.655144 79.138351 85.747437 88.089500 84.844788 77.851517 70.715462 89.652893 101.874893 112.285172 115.753365 110.307388 98.693451 86.363068 106.739738 124.435692 139.750931 145.310867 138.069504 121.776253 103.943687 113.072708 133.469315 151.777786 159.301300 151.777786 133.469315 113.072708 103.943687 121.776253 138.069504 145.310867 139.750931 124.435692 106.739738 86.363068 98.693451 110.307388 115.753365 112.285172 101.874893 89.652893 70.715462 77.851517 84.844788 88.089500 85.747437 79.138351 71.655144,
 96.657982 103.751007 108.454575 107.685760 100.689514 89.395630 76.671425 103.730446 120.084816 133.060837 135.718536 126.167580 108.543907 88.685371 107.684731 132.430084 153.744507 160.642242 148.916016 125.368660 99.346413 106.262535 134.601929 160.206268 171.174973 160.206268 134.601929 106.262535 99.346413 125.368660 148.916016 160.642242 153.744507 132.430084 107.684731 88.685371 108.543907 126.167580 135.718536 133.060837 120.084816 103.730446 76.671425 89.395630 100.689514 107.685760 108.454575 103.751007 96.657982,
 76.062439 95.237007 114.699715 124.008652 117.222801 99.122032 79.118057 84.168907 108.697990 133.302521 144.621735 134.620850 110.691322 85.479042 91.317223 120.577637 149.855713 163.272903 150.331299 121.303101 91.681206 94.232880 125.493690 156.646912 170.942261 156.646912 125.493690 94.232880 91.681206 121.303101 150.331299 163.272903 149.855713 120.577637 91.317223 85.479042 110.691322 134.620850 144.621735 133.302521 108.697990 84.168907 79.118057 99.122032 117.222801 124.008652 114.699715 95.237007 76.062439,
 76.207291 88.350670 100.430702 109.628159 113.665001 112.254539 107.229599 87.613136 106.276688 124.371658 135.934509 136.218124 126.049484 111.516411 98.777939 123.205437 146.722275 159.653702 154.554916 135.041809 111.984940 107.525665 134.150818 158.978256 169.755219 158.978256 134.150818 107.525665 111.984940 135.041809 154.554916 159.653702 146.722275 123.205437 98.777939 111.516411 126.049484 136.218124 135.934509 124.371658 106.276688 87.613136 107.229599 112.254539 113.665001 109.628159 100.430702 88.350670 76.207291,
 179.921494 191.825668 204.166534 214.872543 220.596161 220.465805 216.068954 237.664291 260.986328 283.376587 298.188934 299.010681 287.061768 268.166077 302.106995 345.324921 384.621094 404.981964 395.249634 361.987091 319.939453 337.235901 391.769714 439.472473 459.744965 439.472473 391.769714 337.235901 319.939453 361.987091 395.249634 404.981964 384.621094 345.324921 302.106995 268.166077 287.061768 299.010681 298.188934 283.376587 260.986328 237.664291 216.068954 220.465805 220.596161 214.872543 204.166534 191.825668 179.921494,
 252.755798 273.596497 268.911163 242.002014 209.881866 186.481873 175.240326 286.496094 333.409821 351.548553 325.851593 272.922394 221.944916 189.172424 288.391602 360.577728 416.973785 415.894531 356.040680 279.198212 220.195801 259.944031 336.746643 419.164185 458.232056 419.164185 336.746643 259.944031 220.195801 279.198212 356.040680 415.894531 416.973785 360.577728 288.391602 189.172424 221.944916 272.922394 325.851593 351.548553 333.409821 286.496094 175.240326 186.481873 209.881866 242.002014 268.911163 273.596497 252.755798,
 166.910873 223.665039 295.422211 341.800568 324.895844 264.573853 213.342300 186.132767 253.866074 345.159424 399.400818 365.769165 281.189697 215.761032 202.830551 280.485657 389.785919 450.989746 400.131073 293.753845 216.731277 213.265106 294.993530 411.225281 473.008850 411.225281 294.993530 213.265106 216.731277 293.753845 400.131073 450.989746 389.785919 280.485657 202.830551 215.761032 281.189697 365.769165 399.400818 345.159424 253.866074 186.132767 213.342300 264.573853 324.895844 341.800568 295.422211 223.665039 166.910873,
 177.830673 214.856842 264.411072 316.884888 354.996094 363.958710 341.543640 214.531158 269.412964 338.412903 401.180664 429.601624 411.798828 361.475250 262.022491 337.739838 424.094971 485.914948 486.219604 429.273651 351.724335 313.433167 400.696442 486.200256 524.824097 486.200256 400.696442 313.433167 351.724335 429.273651 486.219604 485.914948 424.094971 337.739838 262.022491 361.475250 411.798828 429.601624 401.180664 338.412903 269.412964 214.531158 341.543640 363.958710 354.996094 316.884888 264.411072 214.856842 177.830673,
 129.723892 159.871552 188.958145 213.047852 228.703232 236.838776 238.347916 207.292404 250.908218 292.050903 314.992157 311.709473 290.367645 263.055634 296.495667 373.550964 447.177917 477.511108 445.102051 374.336121 303.542969 333.176056 430.857788 531.333374 577.016174 531.333374 430.857788 333.176056 303.542969 374.336121 445.102051 477.511108 447.177917 373.550964 296.495667 263.055634 290.367645 311.709473 314.992157 292.050903 250.908218 207.292404 238.347916 236.838776 228.703232 213.047852 188.958145 159.871552 129.723892,
 136.743759 171.157898 196.751114 210.453125 219.731491 224.116089 218.213394 183.222260 242.529083 284.406281 281.253540 255.940155 238.276276 225.130219 213.825668 304.434174 395.349182 407.227692 337.054504 263.129181 222.352493 220.093674 302.391479 420.406219 484.520203 420.406219 302.391479 220.093674 222.352493 263.129181 337.054504 407.227692 395.349182 304.434174 213.825668 225.130219 238.276276 255.940155 281.253540 284.406281 242.529083 183.222260 218.213394 224.116089 219.731491 210.453125 196.751114 171.157898 136.743759,
 141.995605 189.990402 250.888885 290.409302 295.053192 294.157410 288.061401 185.756592 240.591614 335.846558 392.887634 360.792114 315.556824 299.192932 227.133560 284.087250 407.971436 487.003021 418.763367 323.307770 289.504211 263.383667 313.335480 440.022949 527.371277 440.022949 313.335480 263.383667 289.504211 323.307770 418.763367 487.003021 407.971436 284.087250 227.133560 299.192932 315.556824 360.792114 392.887634 335.846558 240.591614 185.756592 288.061401 294.157410 295.053192 290.409302 250.888885 189.990402 141.995605,
 173.209518 191.398727 212.182617 253.483124 302.825439 328.018982 316.495667 212.648438 233.524109 283.233704 360.558777 410.682007 392.776306 337.809143 250.455734 297.390442 395.514771 497.703827 505.494751 419.087646 329.130554 292.591370 375.867554 501.146973 570.636475 501.146973 375.867554 292.591370 329.130554 419.087646 505.494751 497.703827 395.514771 297.390442 250.455734 337.809143 392.776306 410.682007 360.558777 283.233704 233.524109 212.648438 316.495667 328.018982 302.825439 253.483124 212.182617 191.398727 173.209518,
 -36.769962 -22.204556 -2.765686 15.691473 28.543842 35.641666 39.037441 -17.632465 9.342268 41.904739 66.074570 72.723724 64.646622 51.343258 15.235397 58.940575 108.597900 136.859604 127.916733 93.265862 57.837669 48.827530 98.968285 154.524811 180.027283 154.524811 98.968285 48.827530 57.837669 93.265862 127.916733 136.859604 108.597900 58.940575 15.235397 51.343258 64.646622 72.723724 66.074570 41.904739 9.342268 -17.632465 39.037441 35.641666 28.543842 15.691473 -2.765686 -22.204556 -36.769962,
 -6.651587 3.443336 17.461046 24.578003 28.959593 33.613815 32.795799 16.743420 39.068439 59.637951 60.986801 54.514767 53.560184 44.800873 35.913349 67.589714 107.867577 114.880028 85.964180 65.233986 50.877132 47.674606 72.446686 116.913055 146.921127 116.913055 72.446686 47.674606 50.877132 65.233986 85.964180 114.880028 107.867577 67.589714 35.913349 44.800873 53.560184 54.514767 60.986801 59.637951 39.068439 16.743420 32.795799 33.613815 28.959593 24.578003 17.461046 3.443336 -6.651587,
 -22.796253 -13.465612 2.087639 17.291941 24.680305 27.742929 31.390865 -12.083142 3.645441 27.757139 45.638329 41.890053 31.145750 25.294563 -0.985474 20.148354 52.731697 74.334267 57.785484 32.383892 16.764685 8.245077 29.863869 64.205833 87.542831 64.205833 29.863869 8.245077 16.764685 32.383892 57.785484 74.334267 52.731697 20.148354 -0.985474 25.294563 31.145750 41.890053 45.638329 27.757139 3.645441 -12.083142 31.390865 27.742929 24.680305 17.291941 2.087639 -13.465612 -22.796253,
 -27.646091 -15.996558 -4.012772 10.115887 25.470707 38.093391 41.306988 -11.939220 8.666664 27.834312 43.710506 51.683907 48.809551 37.993713 6.394212 37.827614 69.636551 92.496826 88.028244 61.696503 34.698303 24.932253 60.445480 100.110367 121.646790 100.110367 60.445480 24.932253 34.698303 61.696503 88.028244 92.496826 69.636551 37.827614 6.394212 37.993713 48.809551 51.683907 43.710506 27.834312 8.666664 -11.939220 41.306988 38.093391 25.470707 10.115887 -4.012772 -15.996558 -27.646091,

Pairwise cross-correlations of the modulus of all oriented sub-bands at the same scale (size QxQ)
 159.301315 112.655052 67.862968 111.667290,
 112.655052 171.174988 116.793312 72.952927,
 67.862968 116.793312 170.942261 114.427727,
 111.667290 72.952927 114.427727 169.755249,
 459.744995 367.265076 328.841156 392.964417,
 367.265076 458.232117 363.257477 326.721130,
 328.841156 363.257477 473.008942 397.805389,
 392.964417 326.721130 397.805389 524.824158,
 577.016235 414.329651 352.471436 407.257965,
 414.329651 484.520203 351.375427 331.909119,
 352.471436 351.375427 527.371277 423.589844,
 407.257965 331.909119 423.589844 570.636536,
 180.027283 113.166191 59.488026 88.246323,
 113.166191 146.921127 45.667091 65.181824,
 59.488026 45.667091 87.542831 60.303265,
 88.246323 65.181824 60.303265 121.646797,

Cross-correlations of the modulus of all oriented sub-bands with all oriented sub-bands at the coarser scale (size QxQ)
 224.852310 185.866730 153.430679 199.444321,
 199.681870 238.499130 198.631454 171.043747,
 162.749649 195.666611 245.015137 204.974030,
 200.427032 158.299927 202.860962 253.998505,
 353.282410 305.636963 319.942810 362.104492,
 318.948517 332.229614 350.133179 317.183655,
 302.696411 292.615417 378.492065 345.202209,
 342.937225 291.876740 365.810974 412.544891,
 161.692078 151.225616 87.148438 114.713005,
 135.589539 140.832214 77.449203 80.210434,
 136.457550 113.741074 125.549660 114.915085,
 139.824585 120.703995 119.878906 136.302307,

Cross-correlations of the real part of each oriented sub-band with both the real and imaginary part of all phase-doubled oriented sub-bands at the next coarser scale (Q matrices of size 1x2Q, which are computed and stored in a matrix of size Qx2Q)
 97.039909 43.390125 4.677511 38.957760 4.112136 2.405395 -0.209488 0.993473,
 42.907967 100.875008 48.219517 3.738099 2.957202 0.932830 -2.105013 0.216217,
 4.176316 47.661835 101.848389 41.795071 0.252284 -1.044209 -2.764200 3.058988,
 43.587158 4.643875 43.078468 92.486603 1.143508 0.276174 -0.843104 5.214282,
 -141.951065 -58.203865 -7.530580 -35.409443 37.471966 20.547430 0.484857 0.431662,
 -71.960953 -107.247032 -42.551292 -8.274044 25.215427 16.178577 1.994011 1.096820,
 -6.788257 -39.823162 -137.629227 -68.427177 2.896482 2.433668 3.628411 5.525338,
 -52.786594 -8.359342 -80.764641 -110.905525 10.236049 3.938960 1.386748 1.275514,
 -87.024368 -60.127220 -5.073872 -15.101347 37.253475 -14.219822 -0.552218 4.000056,
 -60.634972 -94.856972 7.148244 -0.291086 13.186178 -15.137929 12.821573 1.119208,
 -6.572584 -26.749651 22.644215 -2.431973 -0.894334 8.259287 14.423136 -0.840485,
 -22.029030 -7.293736 0.126128 -24.846533 9.768855 3.001470 2.799383 0.060833,
