Low-band skewness and kurtosis
 -2.257405 6.451351,
 -2.314884 7.220833,
 -1.730832 5.120610,
 -1.534875 5.279850,
 -1.016848 3.089541,

High-band variance
 147.194138,

Skewness, kurtosis, variance, mean, maximum and minimum of the reconstructed texture
 -2.243316 6.183241 6463.188477 223.126526 255.000000 0.000000,

Auto-correlations of the low-frequency bands at each scale
 2442.369629 2993.350586 3403.765137 3559.120850 3425.216309 3069.538086 2564.059082 3012.868652 3746.392090 4377.857910 4644.328613 4391.860840 3795.516602 3086.610352 3428.271973 4393.017578 5338.831055 5766.153320 5345.547852 4415.087891 3458.647949 3589.186035 4670.067871 5775.228027 6283.922852 5775.228027 4670.067871 3589.186035 3458.647949 4415.087891 5345.547852 5766.153320 5338.831055 4393.017578 3428.271973 3086.610352 3795.516602 4391.860840 4644.328613 4377.857910 3746.392090 3012.868652 2564.059082 3069.538086 3425.216309 3559.120850 3403.765137 2993.350586 2442.369629,
 891.554321 899.619995 1053.106934 1225.725830 1286.435791 1280.445679 1234.639526 975.799744 1420.972656 2190.897217 2637.562256 2303.949463 1585.626953 1071.951782 1112.508545 2224.177979 3877.182129 4734.530273 3920.402832 2270.913818 1101.690430 1178.030273 2654.138184 4753.011719 5806.508301 4753.011719 2654.138184 1178.030273 1101.690430 2270.913818 3920.402832 4734.530273 3877.182129 2224.177979 1112.508545 1071.951782 1585.626953 2303.949463 2637.562256 2190.897217 1420.972656 975.799744 1234.639526 1280.445679 1286.435791 1225.725830 1053.106934 899.619995 891.554321,
 814.599670 844.137634 623.769165 566.393311 906.647339 1222.068604 1138.396240 800.100464 689.366089 701.732422 969.416016 1106.016724 1079.970825 1058.790405 569.736633 774.445801 1901.920288 2811.494629 2099.683838 919.297607 655.120178 437.540894 918.092285 2791.437988 4046.709473 2791.437988 918.092285 437.540894 655.120178 919.297607 2099.683838 2811.494629 1901.920288 774.445801 569.736633 1058.790405 1079.970825 1106.016724 969.416016 701.732422 689.366089 800.100464 1138.396240 1222.068604 906.647339 566.393311 623.769165 844.137634 814.599670,
 -135.808716 61.856262 301.844971 573.266846 610.354004 598.406067 764.246826 128.608032 254.024658 550.626770 892.139526 864.544861 768.496826 862.157593 369.829407 486.614258 1047.149902 1552.611328 1256.412842 802.146729 736.399841 550.770630 714.014832 1441.980103 1985.981201 1441.980103 714.014832 550.770630 736.399841 802.146729 1256.412842 1552.611328 1047.149902 486.614258 369.829407 862.157593 768.496826 864.544861 892.139526 550.626770 254.024658 128.608032 764.246826 598.406067 610.354004 573.266846 301.844971 61.856262 -135.808716,
 -395.531189 -560.184692 -597.330017 -443.539246 -127.685486 112.882172 72.613815 -515.282532 -531.560486 -253.626343 147.750595 438.738586 466.690369 184.436050 -425.929749 -153.366913 431.067413 920.736755 944.456421 590.074829 98.338867 -159.649628 342.500946 979.717346 1299.308594 979.717346 342.500946 -159.649628 98.338867 590.074829 944.456421 920.736755 431.067413 -153.366913 -425.929749 184.436050 466.690369 438.738586 147.750595 -253.626343 -531.560486 -515.282532 72.613815 112.882172 -127.685486 -443.539246 -597.330017 -560.184692 -395.531189,

Auto-correlations of the modulus of each oriented sub-band
 71.268959 79.518890 86.706276 89.162483 85.323128 77.048325 68.292152 88.969574 101.746315 112.896675 117.012474 111.730492 99.628136 86.329498 105.259743 122.799088 138.203720 144.212372 137.515640 121.554626 103.724083 111.695274 131.599045 149.361389 156.621643 149.361389 131.599045 111.695274 103.724083 121.554626 137.515640 144.212372 138.203720 122.799088 105.259743 86.329498 99.628136 111.730492 117.012474 112.896675 101.746315 88.969574 68.292152 77.048325 85.323128 89.162483 86.706276 79.518890 71.268959,
 96.675163 101.283188 102.862747 99.442902 90.879684 78.936203 66.113167 101.540413 115.605713 125.834328 126.668930 116.717522 99.407745 80.058571 103.581612 126.234749 145.011826 150.579041 139.536728 117.397667 92.500267 100.770233 127.406113 150.822083 160.614151 150.822083 127.406113 100.770233 92.500267 117.397667 139.536728 150.579041 145.011826 126.234749 103.581612 80.058571 99.407745 116.717522 126.668930 125.834328 115.605713 101.540413 66.113167 78.936203 90.879684 99.442902 102.862747 101.283188 96.675163,
 65.672119 86.218620 106.186211 115.174736 107.625175 89.193336 70.085220 74.700050 100.106216 124.850372 136.017822 126.045151 102.561249 78.243111 83.310394 112.807938 141.603546 154.677963 142.268036 114.204361 85.304260 87.492439 118.415955 148.606201 162.308334 148.606201 118.415955 87.492439 85.304260 114.204361 142.268036 154.677963 141.603546 112.807938 83.310394 78.243111 102.561249 126.045151 136.017822 124.850372 100.106216 74.700050 70.085220 89.193336 107.625175 115.174736 106.186211 86.218620 65.672119,
 68.076569 82.208908 95.030838 104.499023 108.962418 107.928726 102.516403 81.654259 102.398827 120.739342 131.719376 131.811737 121.563210 105.919502 93.724792 120.378143 143.829758 155.876022 150.776016 131.223114 106.494843 102.482834 131.213715 155.932434 166.156631 155.932434 131.213715 102.482834 106.494843 131.223114 150.776016 155.876022 143.829758 120.378143 93.724792 105.919502 121.563210 131.811737 131.719376 120.739342 102.398827 81.654259 102.516403 107.928726 108.962418 104.499023 95.030838 82.208908 68.076569,
 132.554626 143.488098 153.670074 160.238724 162.218140 160.877075 157.756409 189.071671 212.387955 232.049500 240.519836 233.679932 215.283432 192.824020 250.578842 293.324402 330.023743 344.485199 327.421875 288.068176 243.083725 273.778137 328.935791 377.961761 398.862244 377.961761 328.935791 273.778137 243.083725 288.068176 327.421875 344.485199 330.023743 293.324402 250.578842 192.824020 215.283432 233.679932 240.519836 232.049500 212.387955 189.071671 157.756409 160.877075 162.218140 160.238724 153.670074 143.488098 132.554626,
 241.791000 255.675507 246.173431 218.154800 187.713440 169.657318 165.355759 269.597931 311.933990 325.530945 299.904053 249.459290 202.348358 175.059219 267.712494 337.594177 389.105652 387.775208 332.170776 258.925842 202.332245 239.649475 315.388916 393.362732 428.715546 393.362732 315.388916 239.649475 202.332245 258.925842 332.170776 387.775208 389.105652 337.594177 267.712494 175.059219 202.348358 249.459290 299.904053 325.530945 311.933990 269.597931 165.355759 169.657318 187.713440 218.154800 246.173431 255.675507 241.791000,
 152.538376 203.791489 265.619995 303.374268 292.090210 245.428452 196.183762 168.910339 234.427475 315.637421 361.626892 335.920563 265.566467 200.578888 183.605316 261.087067 359.200531 412.068237 370.480865 278.009369 200.372253 194.785706 277.191956 380.761627 433.449829 380.761627 277.191956 194.785706 200.372253 278.009369 370.480865 412.068237 359.200531 261.087067 183.605316 200.578888 265.566467 335.920563 361.626892 315.637421 234.427475 168.910339 196.183762 245.428452 292.090210 303.374268 265.619995 203.791489 152.538376,
 116.470131 138.764343 183.417191 242.174500 291.147705 306.853333 285.775574 144.583252 192.242310 263.718079 335.623840 371.570618 354.042786 300.276001 189.308746 263.365479 354.876953 423.219421 425.587463 365.342773 284.143524 241.724243 330.615479 420.668701 461.448090 420.668701 330.615479 241.724243 284.143524 365.342773 425.587463 423.219421 354.876953 263.365479 189.308746 300.276001 354.042786 371.570618 335.623840 263.718079 192.242310 144.583252 285.775574 306.853333 291.147705 242.174500 183.417191 138.764343 116.470131,
 106.438248 126.319672 141.662994 149.654739 150.585693 150.453735 155.015121 110.125519 149.726913 184.578964 200.512909 193.438858 175.304062 162.193207 162.996582 239.580109 314.194489 348.597717 325.339935 268.064972 214.151978 224.199158 316.392761 411.896515 454.682831 411.896515 316.392761 224.199158 214.151978 268.064972 325.339935 348.597717 314.194489 239.580109 162.996582 162.193207 175.304062 193.438858 200.512909 184.578964 149.726913 110.125519 155.015121 150.453735 150.585693 149.654739 141.662994 126.319672 106.438248,
 203.405731 241.863647 269.751831 268.269562 245.701965 227.693787 223.486420 262.340363 340.535797 395.741516 383.589508 319.972839 264.359589 239.782898 282.826141 393.556793 502.575775 519.033081 426.339264 318.318329 257.920380 275.144836 375.845673 512.706116 584.649170 512.706116 375.845673 275.144836 257.920380 318.318329 426.339264 519.033081 502.575775 393.556793 282.826141 239.782898 264.359589 319.972839 383.589508 395.741516 340.535797 262.340363 223.486420 227.693787 245.701965 268.269562 269.751831 241.863647 203.405731,
 113.182945 151.905136 222.531403 250.526062 219.663055 193.512222 193.087128 130.507660 182.263306 291.335785 346.804626 286.344635 219.174225 197.251129 150.392242 212.548019 355.532654 442.557556 350.427063 234.530838 189.716797 172.431870 232.903320 380.851013 485.614410 380.851013 232.903320 172.431870 189.716797 234.530838 350.427063 442.557556 355.532654 212.548019 150.392242 197.251129 219.174225 286.344635 346.804626 291.335785 182.263306 130.507660 193.087128 193.512222 219.663055 250.526062 222.531403 151.905136 113.182945,
 146.343445 176.053711 206.314148 233.256073 246.480774 239.194031 217.024231 167.426025 212.385513 277.913727 346.263489 367.847015 323.783081 251.983948 198.369232 279.115295 398.543915 496.525330 484.903229 376.530518 260.771210 236.942596 353.498810 499.307007 573.606567 499.307007 353.498810 236.942596 260.771210 376.530518 484.903229 496.525330 398.543915 279.115295 198.369232 251.983948 323.783081 367.847015 346.263489 277.913727 212.385513 167.426025 217.024231 239.194031 246.480774 233.256073 206.314148 176.053711 146.343445,
 -58.343491 -29.514484 10.683472 53.586819 87.893646 107.562317 110.531006 -26.987644 16.339405 67.443192 112.282448 138.020782 139.013489 120.471756 23.655411 81.619667 141.010361 179.736633 182.816544 154.879150 111.663193 77.505157 138.931580 194.165802 217.996613 194.165802 138.931580 77.505157 111.663193 154.879150 182.816544 179.736633 141.010361 81.619667 23.655411 120.471756 139.013489 138.020782 112.282448 67.443192 16.339405 -26.987644 110.531006 107.562317 87.893646 53.586819 10.683472 -29.514484 -58.343491,
 -14.814550 -12.442459 -2.247436 12.531746 26.703300 36.128456 37.785217 16.154202 26.059675 34.127247 35.758408 33.732929 32.606529 33.054535 32.367260 60.217300 86.501282 87.348312 62.657471 36.903145 23.682831 27.337402 56.641575 98.160614 120.672241 98.160614 56.641575 27.337402 23.682831 36.903145 62.657471 87.348312 86.501282 60.217300 32.367260 33.054535 32.606529 33.732929 35.758408 34.127247 26.059675 16.154202 37.785217 36.128456 26.703300 12.531746 -2.247436 -12.442459 -14.814550,
 -11.703560 -9.795795 13.124123 33.100964 28.191841 22.018406 14.512665 -4.268925 0.682266 33.728531 60.031731 41.944557 24.643066 17.919724 4.705397 11.700153 53.118237 87.849304 55.487247 23.332237 16.717348 12.190067 19.509048 61.362286 100.762680 61.362286 19.509048 12.190067 16.717348 23.332237 55.487247 87.849304 53.118237 11.700153 4.705397 17.919724 24.643066 41.944557 60.031731 33.728531 0.682266 -4.268925 14.512665 22.018406 28.191841 33.100964 13.124123 -9.795795 -11.703560,
 -14.593165 -6.667706 8.318522 27.549812 40.118771 40.594090 33.914619 -1.225487 14.572523 34.662064 55.956928 64.131485 54.346344 39.056751 21.905346 47.375584 80.410599 109.508087 107.024094 77.153000 48.841938 44.408878 77.689003 120.830910 144.699997 120.830910 77.689003 44.408878 48.841938 77.153000 107.024094 109.508087 80.410599 47.375584 21.905346 39.056751 54.346344 64.131485 55.956928 34.662064 14.572523 -1.225487 33.914619 40.594090 40.118771 27.549812 8.318522 -6.667706 -14.593165,

Pairwise cross-correlations of the modulus of all oriented sub-bands at the same scale (size QxQ)
 156.621628 103.752548 60.742641 108.635086,
 103.752548 160.614151 107.180588 65.761902,
 60.742641 107.180588 162.308350 111.366173,
 108.635086 65.761902 111.366173 166.156662,
 398.862244 330.114868 290.715057 345.429291,
 330.114868 428.715576 333.987762 298.222687,
 290.715057 333.987762 433.449860 363.424866,
 345.429291 298.222687 363.424866 461.448120,
 454.682861 379.929688 289.385345 380.771149,
 379.929688 584.649231 382.279785 341.287109,
 289.385345 382.279785 485.614441 399.223999,
 380.771149 341.287109 399.223999 573.606689,
 217.996613 107.509598 48.189934 115.435379,
 107.509598 120.672256 51.491348 49.801666,
 48.189934 51.491348 100.762665 57.299492,
 115.435379 49.801666 57.299492 144.699982,

Cross-correlations of the modulus of all oriented sub-bands with all oriented sub-bands at the coarser scale (size QxQ)
 216.537750 181.551758 146.564041 191.416000,
 178.707443 227.863342 185.924194 150.949646,
 140.670349 177.780334 226.255829 189.120819,
 182.520187 145.351990 191.532104 239.075455,
 334.631958 339.097565 271.004944 340.830933,
 313.751373 392.569427 297.406311 287.678925,
 273.641541 354.884918 329.200562 332.240723,
 323.235046 344.273621 320.930450 400.222839,
 177.450195 119.756653 87.344894 140.380646,
 172.090622 144.059708 106.026237 112.565994,
 112.037773 95.329575 122.579727 115.803726,
 136.483612 97.416176 112.484253 157.434296,

Cross-correlations of the real part of each oriented sub-band with both the real and imaginary part of all phase-doubled oriented sub-bands at the next coarser scale (Q matrices of size 1x2Q, which are computed and stored in a matrix of size Qx2Q)
 82.553360 34.944695 3.897457 39.032768 5.033185 1.638900 -0.171425 1.241528,
 34.221092 86.437004 43.214890 3.692872 1.929477 -1.089610 -0.803509 0.303452,
 3.641411 41.749653 104.809731 43.754684 -0.397726 -1.455244 1.423205 2.386944,
 39.126408 3.830009 48.702240 93.526611 1.269131 0.378207 1.499765 4.088934,
 -146.305054 -62.993172 -9.456537 -59.903671 30.792240 7.172725 2.690486 -1.515249,
 -68.572731 -123.408783 -77.354187 -7.485778 14.720709 13.550074 0.098001 -2.813178,
 -8.672974 -59.948631 -183.803452 -85.315163 -0.735380 9.508468 -14.006142 -3.490772,
 -64.541367 -11.134009 -88.851753 -162.806442 5.352698 1.301693 -2.558090 0.280562,
 -75.420570 -33.713615 -7.716379 -48.932060 -20.103104 25.733637 3.609967 15.646035,
 -31.177544 -98.216553 -24.417845 -6.028448 0.009674 45.379871 -0.119524 3.538112,
 -9.308634 -45.557602 -23.065729 -31.034351 1.437464 10.457042 -17.662497 22.055231,
 -47.530251 -1.870625 -17.121601 -92.037514 -8.898674 0.040295 -3.335860 47.456081,
