Low-band skewness and kurtosis
 -2.111851 5.798026,
 -2.168878 6.515713,
 -1.595106 4.617727,
 -1.146881 3.629135,
 -0.689823 2.510017,

High-band variance
 157.728409,

Skewness, kurtosis, variance, mean, maximum and minimum of the reconstructed texture
 -2.098891 5.552651 6915.859863 220.340149 255.000000 0.000000,

Auto-correlations of the low-frequency bands at each scale
 2593.966797 3116.108154 3501.917480 3668.940430 3560.243652 3203.030518 2678.860840 3223.877686 3946.393311 4585.642578 4891.065430 4669.968750 4061.526123 3325.601318 3694.027832 4671.645996 5665.843262 6147.005859 5735.554199 4764.249512 3772.743652 3905.139648 5017.685547 6184.398438 6724.664062 6184.398438 5017.685547 3905.139648 3772.743652 4764.249512 5735.554199 6147.005859 5665.843262 4671.645996 3694.027832 3325.601318 4061.526123 4669.968750 4891.065430 4585.642578 3946.393311 3223.877686 2678.860840 3203.030518 3560.243652 3668.940430 3501.917480 3116.108154 2593.966797,
 1199.384521 1031.206299 969.567749 992.812256 935.587524 844.354980 863.426758 1274.811646 1536.924316 2191.351807 2619.991699 2270.624268 1555.100342 1172.304077 1464.288696 2440.055664 4084.978516 5000.245117 4185.158203 2548.348633 1523.546753 1636.614502 2989.644531 5106.601074 6205.259766 5106.601074 2989.644531 1636.614502 1523.546753 2548.348633 4185.158203 5000.245117 4084.978516 2440.055664 1464.288696 1172.304077 1555.100342 2270.624268 2619.991699 2191.351807 1536.924316 1274.811646 863.426758 844.354980 935.587524 992.812256 969.567749 1031.206299 1199.384521,
 453.328522 465.139282 438.479218 354.290405 436.208527 834.624023 1086.921509 867.300781 716.874268 727.840637 732.193542 566.669983 649.023804 830.773682 1088.436035 1261.796265 2185.712891 2820.926758 2032.508301 1023.904907 742.795959 953.896790 1503.358032 3147.787598 4260.380859 3147.787598 1503.358032 953.896790 742.795959 1023.904907 2032.508301 2820.926758 2185.712891 1261.796265 1088.436035 830.773682 649.023804 566.669983 732.193542 727.840637 716.874268 867.300781 1086.921509 834.624023 436.208527 354.290405 438.479218 465.139282 453.328522,
 103.102448 156.049454 249.720627 390.830566 506.836060 584.222473 567.237183 114.519165 131.167206 316.343781 594.220947 756.946167 792.379517 717.766113 335.263947 492.638367 1066.712769 1483.895508 1200.815063 685.416565 499.090179 412.382324 715.618225 1610.582153 2168.597168 1610.582153 715.618225 412.382324 499.090179 685.416565 1200.815063 1483.895508 1066.712769 492.638367 335.263947 717.766113 792.379517 756.946167 594.220947 316.343781 131.167206 114.519165 567.237183 584.222473 506.836060 390.830566 249.720627 156.049454 103.102448,
 -532.676392 -492.847351 -410.480560 -370.513489 -292.877716 -192.901382 -241.827271 -319.958923 -229.750977 -11.850113 172.370178 237.668121 193.423706 7.575623 15.333176 128.861588 514.631836 847.770325 755.933960 434.663879 191.962936 240.826996 422.037415 894.706543 1193.825928 894.706543 422.037415 240.826996 191.962936 434.663879 755.933960 847.770325 514.631836 128.861588 15.333176 7.575623 193.423706 237.668121 172.370178 -11.850113 -229.750977 -319.958923 -241.827271 -192.901382 -292.877716 -370.513489 -410.480560 -492.847351 -532.676392,

Auto-correlations of the modulus of each oriented sub-band
 67.706131 74.371750 81.162003 84.213112 81.577408 74.647385 66.898041 86.959641 99.093788 110.479355 115.277596 110.784256 99.402275 86.664688 106.565865 124.568619 140.899673 147.590286 140.987534 124.664291 106.440376 115.249146 136.154083 155.080704 162.867859 155.080704 136.154083 115.249146 106.440376 124.664291 140.987534 147.590286 140.899673 124.568619 106.565865 86.664688 99.402275 110.784256 115.277596 110.479355 99.093788 86.959641 66.898041 74.647385 81.577408 84.213112 81.162003 74.371750 67.706131,
 114.464172 118.898148 119.870377 115.810303 106.687973 93.755249 79.276581 119.700317 135.554977 146.638580 146.714478 135.083771 115.799515 94.447479 121.369583 147.182693 168.575974 174.240219 160.822647 135.588303 108.033768 117.522774 147.459641 174.408493 185.889496 174.408493 147.459641 117.522774 108.033768 135.588303 160.822647 174.240219 168.575974 147.182693 121.369583 94.447479 115.799515 135.083771 146.714478 146.638580 135.554977 119.700317 79.276581 93.755249 106.687973 115.810303 119.870377 118.898148 114.464172,
 74.333786 92.956490 111.906021 120.297974 111.967407 93.586632 75.603165 82.776970 106.601990 131.039200 142.119751 131.323929 107.768768 84.966499 91.177605 119.288887 148.349884 161.869370 148.595001 120.168739 92.800484 95.300247 124.821701 155.506622 169.989014 155.506622 124.821701 95.300247 92.800484 120.168739 148.595001 161.869370 148.349884 119.288887 91.177605 84.966499 107.768768 131.323929 142.119751 131.039200 106.601990 82.776970 75.603165 93.586632 111.967407 120.297974 111.906021 92.956490 74.333786,
 66.224571 77.614784 89.285568 98.282448 102.291550 101.054649 96.526573 78.532013 97.433090 115.474762 126.685616 126.625961 116.167557 101.480881 90.687462 116.042458 139.594818 152.135437 146.770844 126.926109 103.207253 99.647293 127.284286 152.246445 162.909241 152.246445 127.284286 99.647293 103.207253 126.926109 146.770844 152.135437 139.594818 116.042458 90.687462 101.480881 116.167557 126.625961 126.685616 115.474762 97.433090 78.532013 96.526573 101.054649 102.291550 98.282448 89.285568 77.614784 66.224571,
 183.146149 193.372116 199.438446 200.828445 196.570892 186.521988 171.706024 234.543076 258.849854 277.787598 284.875854 275.698364 252.598358 222.103348 295.886963 343.229828 383.604309 400.564178 383.836243 341.353729 289.651611 324.181763 386.048401 439.565491 461.933716 439.565491 386.048401 324.181763 289.651611 341.353729 383.836243 400.564178 383.604309 343.229828 295.886963 222.103348 252.598358 275.698364 284.875854 277.787598 258.849854 234.543076 171.706024 186.521988 196.570892 200.828445 199.438446 193.372116 183.146149,
 309.771149 332.278198 317.921509 272.084229 215.824585 168.002060 136.312714 338.692139 396.138306 413.269775 376.185852 304.070068 230.620743 175.376755 327.842834 416.635071 479.350372 475.216003 403.409698 308.102600 227.114502 283.769501 380.704651 475.826111 518.543823 475.826111 380.704651 283.769501 227.114502 308.102600 403.409698 475.216003 479.350372 416.635071 327.842834 175.376755 230.620743 304.070068 376.185852 413.269775 396.138306 338.692139 136.312714 168.002060 215.824585 272.084229 317.921509 332.278198 309.771149,
 207.243378 254.137253 302.599731 318.109589 279.149719 219.551651 187.318268 216.125946 275.198792 347.909729 379.699524 331.602112 250.486023 201.245209 221.137878 290.099335 384.845551 432.922424 377.113190 278.005646 214.033752 221.108887 292.546753 397.810852 455.192596 397.810852 292.546753 221.108887 214.033752 278.005646 377.113190 432.922424 384.845551 290.099335 221.137878 201.245209 250.486023 331.602112 379.699524 347.909729 275.198792 216.125946 187.318268 219.551651 279.149719 318.109589 302.599731 254.137253 207.243378,
 163.655762 176.464035 201.186554 235.955811 266.264374 276.104675 263.103241 184.546066 215.503036 265.533142 318.844025 344.591736 328.498962 288.140503 216.902313 271.412354 344.927765 403.019592 403.003143 350.135864 285.715790 256.421722 326.411499 403.955627 441.431427 403.955627 326.411499 256.421722 285.715790 350.135864 403.003143 403.019592 344.927765 271.412354 216.902313 288.140503 328.498962 344.591736 318.844025 265.533142 215.503036 184.546066 263.103241 276.104675 266.264374 235.955811 201.186554 176.464035 163.655762,
 30.021500 49.668350 68.751305 88.479630 107.267494 119.722382 119.797897 78.303009 116.476425 146.500046 165.223877 170.305588 160.889084 138.177734 134.960663 205.338165 265.734619 293.464294 274.796265 219.861938 153.831146 163.327148 254.807556 340.196716 377.074860 340.196716 254.807556 163.327148 153.831146 219.861938 274.796265 293.464294 265.734619 205.338165 134.960663 138.177734 160.889084 170.305588 165.223877 146.500046 116.476425 78.303009 119.797897 119.722382 107.267494 88.479630 68.751305 49.668350 30.021500,
 97.958115 131.509796 159.549072 166.708405 157.147247 149.334015 145.341644 155.482285 225.072617 279.984344 276.040527 226.314056 182.286972 161.333450 186.457245 289.786743 395.547089 415.116272 329.248627 229.357925 169.519012 183.107590 283.080139 415.637543 488.052185 415.637543 283.080139 183.107590 169.519012 229.357925 329.248627 415.116272 395.547089 289.786743 186.457245 161.333450 182.286972 226.314056 276.040527 279.984344 225.072617 155.482285 145.341644 149.334015 157.147247 166.708405 159.549072 131.509796 97.958115,
 147.416443 197.982162 271.712982 328.704163 344.111298 344.476868 349.730225 197.942780 256.546021 364.594940 452.099609 437.518585 385.385986 364.386566 252.795715 319.107910 460.654022 572.873901 509.746552 396.420837 347.694946 306.437134 371.877625 520.648987 626.878113 520.648987 371.877625 306.437134 347.694946 396.420837 509.746552 572.873901 460.654022 319.107910 252.795715 364.386566 385.385986 437.518585 452.099609 364.594940 256.546021 197.942780 349.730225 344.476868 344.111298 328.704163 271.712982 197.982162 147.416443,
 86.875237 113.597488 156.762512 204.381317 232.297974 228.096420 212.880493 131.255478 178.932587 254.488129 329.690277 349.216827 301.774445 247.243881 183.029617 256.087982 376.275085 476.377411 456.963745 345.565582 254.548141 229.237961 324.547302 469.631653 550.226868 469.631653 324.547302 229.237961 254.548141 345.565582 456.963745 476.377411 376.275085 256.087982 183.029617 247.243881 301.774445 349.216827 329.690277 254.488129 178.932587 131.255478 212.880493 228.096420 232.297974 204.381317 156.762512 113.597488 86.875237,
 -8.080804 0.764123 7.297817 14.333241 23.033630 29.154064 27.181831 4.717094 24.475809 37.120922 40.750549 38.756596 34.679714 27.645130 26.446432 63.889782 92.869125 100.633904 86.025101 60.709232 35.519905 40.725548 83.253510 123.294861 140.769821 123.294861 83.253510 40.725548 35.519905 60.709232 86.025101 100.633904 92.869125 63.889782 26.446432 27.645130 34.679714 38.756596 40.750549 37.120922 24.475809 4.717094 27.181831 29.154064 23.033630 14.333241 7.297817 0.764123 -8.080804,
 -14.228474 10.361782 32.970131 53.346390 67.372787 71.969711 68.957321 -1.995705 34.951523 70.754463 93.490295 96.223259 85.846733 68.683693 13.657272 64.500214 117.750305 143.884781 125.591034 88.634415 52.870644 32.052151 83.660263 141.810120 172.108521 141.810120 83.660263 32.052151 52.870644 88.634415 125.591034 143.884781 117.750305 64.500214 13.657272 68.683693 85.846733 96.223259 93.490295 70.754463 34.951523 -1.995705 68.957321 71.969711 67.372787 53.346390 32.970131 10.361782 -14.228474,
 27.925568 58.033550 62.628826 45.959053 32.741467 30.448818 21.885368 38.818451 80.279839 119.532326 109.199104 64.568779 43.366898 40.725258 53.094650 87.643456 159.245026 180.368408 114.211586 62.226814 57.339172 62.471848 79.588554 155.991592 214.277222 155.991592 79.588554 62.471848 57.339172 62.226814 114.211586 180.368408 159.245026 87.643456 53.094650 40.725258 43.366898 64.568779 109.199104 119.532326 80.279839 38.818451 21.885368 30.448818 32.741467 45.959053 62.628826 58.033550 27.925568,
 2.273473 10.823538 29.884495 41.203323 37.337627 26.404303 14.085049 31.785280 51.743305 74.214928 88.400558 87.540504 71.114166 46.224308 60.475594 89.283501 126.024887 156.481720 151.088547 111.870888 69.642555 74.118271 114.611267 167.489487 196.607666 167.489487 114.611267 74.118271 69.642555 111.870888 151.088547 156.481720 126.024887 89.283501 60.475594 46.224308 71.114166 87.540504 88.400558 74.214928 51.743305 31.785280 14.085049 26.404303 37.337627 41.203323 29.884495 10.823538 2.273473,

Pairwise cross-correlations of the modulus of all oriented sub-bands at the same scale (size QxQ)
 162.867859 118.070335 65.241219 109.177483,
 118.070335 185.889496 117.973717 73.125450,
 65.241219 117.973717 169.989044 110.323784,
 109.177483 73.125450 110.323784 162.909241,
 461.933716 393.064972 330.631317 364.659851,
 393.064972 518.543884 394.632202 337.192413,
 330.631317 394.632202 455.192627 344.421173,
 364.659851 337.192413 344.421173 441.431519,
 377.074890 283.391785 248.006119 307.543243,
 283.391785 488.052246 386.326355 251.280640,
 248.006119 386.326355 626.878174 390.780060,
 307.543243 251.280640 390.780060 550.226868,
 140.769821 73.667068 40.935371 82.480629,
 73.667068 172.108521 114.046913 66.791016,
 40.935371 114.046913 214.277237 125.670639,
 82.480629 66.791016 125.670639 196.607666,

Cross-correlations of the modulus of all oriented sub-bands with all oriented sub-bands at the coarser scale (size QxQ)
 232.010086 207.028137 154.697540 187.671051,
 207.273300 268.704773 203.875809 163.544586,
 157.127884 208.880173 237.563278 183.717850,
 199.029266 172.547806 194.843781 229.116745,
 310.761169 278.505157 316.666626 337.790192,
 300.549622 344.185059 368.104553 342.231171,
 265.819000 315.170166 387.957336 344.650543,
 288.185028 238.807343 344.318024 384.287292,
 101.428284 106.399017 145.729462 137.984924,
 83.695374 159.118042 161.723099 145.021027,
 81.573280 202.333908 194.851181 164.094589,
 98.121498 133.103561 171.390106 202.678619,

Cross-correlations of the real part of each oriented sub-band with both the real and imaginary part of all phase-doubled oriented sub-bands at the next coarser scale (Q matrices of size 1x2Q, which are computed and stored in a matrix of size Qx2Q)
 97.919342 46.884815 4.615737 37.851936 6.572701 -0.557603 -0.625757 0.417254,
 49.473557 112.656059 54.765282 3.435679 3.138040 -5.034023 -3.756767 0.607371,
 4.844034 54.314198 102.583504 34.876534 -0.544649 -2.898234 0.688312 3.168306,
 38.573593 5.045750 37.192062 83.081345 1.453097 0.053392 3.012369 3.368576,
 -107.502304 -54.113937 -16.152050 -71.627464 10.478774 8.268851 -2.265368 2.473386,
 -48.830524 -139.862686 -94.424789 -13.140718 11.348751 5.306870 -11.370118 -2.568590,
 -13.106240 -73.260155 -188.127670 -81.913078 -1.793724 -6.598308 -2.417208 19.421631,
 -62.908195 -7.159202 -88.078590 -172.646332 -6.065023 -0.748022 7.030282 31.537706,
 -82.597321 -60.442055 -9.797047 -34.258453 -12.485796 -15.315780 0.661636 3.088008,
 -34.758339 -173.969147 -66.591972 -7.858278 -17.651293 -26.325130 0.194377 5.581613,
 -4.894015 -93.586731 -139.827042 -43.609409 -8.060313 -2.265846 63.527538 67.781082,
 -42.543549 -8.193975 -69.813354 -69.962540 -11.391659 2.945568 53.668522 66.654381,
