Low-band skewness and kurtosis
 -2.162205 6.020644,
 -2.214827 6.729211,
 -1.639855 4.717087,
 -1.194799 3.479064,
 -0.788393 2.486413,

High-band variance
 153.310547,

Skewness, kurtosis, variance, mean, maximum and minimum of the reconstructed texture
 -2.148304 5.766145 6740.719727 221.359009 255.000000 0.000000,

Auto-correlations of the low-frequency bands at each scale
 2604.004883 3133.536865 3518.770752 3662.091309 3511.421631 3121.406494 2582.448730 3236.333740 3961.565430 4575.183105 4817.419922 4520.137207 3867.241699 3124.788330 3646.395508 4628.061035 5589.070312 6006.442871 5531.773438 4532.698730 3541.925781 3745.442627 4859.259277 6017.697266 6554.303711 6017.697266 4859.259277 3745.442627 3541.925781 4532.698730 5531.773438 6006.442871 5589.070312 4628.061035 3646.395508 3124.788330 3867.241699 4520.137207 4817.419922 4575.183105 3961.565430 3236.333740 2582.448730 3121.406494 3511.421631 3662.091309 3518.770752 3133.536865 2604.004883,
 854.324829 914.667542 1083.079956 1216.537476 1253.889771 1264.050293 1232.511108 1063.925537 1498.576416 2268.874512 2679.326904 2301.548340 1582.768799 1117.512939 1365.063843 2418.146240 4078.095703 4909.897461 4013.485352 2320.945557 1226.220825 1420.035156 2814.268066 4952.122070 6046.428711 4952.122070 2814.268066 1420.035156 1226.220825 2320.945557 4013.485352 4909.897461 4078.095703 2418.146240 1365.063843 1117.512939 1582.768799 2301.548340 2679.326904 2268.874512 1498.576416 1063.925537 1232.511108 1264.050293 1253.889771 1216.537476 1083.079956 914.667542 854.324829,
 760.716736 838.189575 849.994141 925.491455 1142.994873 1156.681763 762.437317 881.137695 716.111877 857.256104 1162.832764 1147.105713 857.417908 549.227051 1016.544434 1050.040894 2031.422607 2869.513672 2159.596436 982.609070 623.407104 942.041138 1305.653076 2957.339844 4105.545898 2957.339844 1305.653076 942.041138 623.407104 982.609070 2159.596436 2869.513672 2031.422607 1050.040894 1016.544434 549.227051 857.417908 1147.105713 1162.832764 857.256104 716.111877 881.137695 762.437317 1156.681763 1142.994873 925.491455 849.994141 838.189575 760.716736,
 194.394348 518.013611 744.610596 869.377869 807.597656 633.243591 522.836853 317.083679 570.951660 844.551880 1050.032959 876.550415 567.717163 477.038391 524.457275 765.014648 1283.170166 1659.331787 1246.719971 641.660400 458.620300 581.653625 855.396606 1604.655518 2125.813721 1604.655518 855.396606 581.653625 458.620300 641.660400 1246.719971 1659.331787 1283.170166 765.014648 524.457275 477.038391 567.717163 876.550415 1050.032959 844.551880 570.951660 317.083679 522.836853 633.243591 807.597656 869.377869 744.610596 518.013611 194.394348,
 -682.420837 -413.074982 -98.347984 81.593994 91.855675 -109.678070 -457.431213 -546.327881 -207.417862 260.505188 545.449402 488.591980 181.034317 -244.614777 -337.129578 121.087631 750.415405 1103.561890 875.448730 356.944519 -142.390244 -180.807175 348.169098 1019.476746 1371.139282 1019.476746 348.169098 -180.807175 -142.390244 356.944519 875.448730 1103.561890 750.415405 121.087631 -337.129578 -244.614777 181.034317 488.591980 545.449402 260.505188 -207.417862 -546.327881 -457.431213 -109.678070 91.855675 81.593994 -98.347984 -413.074982 -682.420837,

Auto-correlations of the modulus of each oriented sub-band
 78.864365 85.674561 91.736366 93.291977 88.724846 79.965942 71.119446 96.275528 107.911835 118.482422 122.261131 116.652878 104.255249 90.965775 113.279198 130.378357 145.931412 152.100647 145.250595 128.888367 110.915779 120.232201 140.240173 158.527618 166.056534 158.527618 140.240173 120.232201 110.915779 128.888367 145.250595 152.100647 145.931412 130.378357 113.279198 90.965775 104.255249 116.652878 122.261131 118.482422 107.911835 96.275528 71.119446 79.965942 88.724846 93.291977 91.736366 85.674561 78.864365,
 94.196770 98.839180 100.039246 96.618050 89.311829 80.010033 70.598930 99.447205 114.304298 124.413216 124.379921 114.017738 97.654289 80.748062 101.509422 125.339134 144.854111 149.855469 137.602890 114.866829 90.868202 98.523590 125.707779 150.366882 160.808807 150.366882 125.707779 98.523590 90.868202 114.866829 137.602890 149.855469 144.854111 125.339134 101.509422 80.748062 97.654289 114.017738 124.379921 124.413216 114.304298 99.447205 70.598930 80.010033 89.311829 96.618050 100.039246 98.839180 94.196770,
 77.019379 93.201637 111.136673 120.519287 113.356125 95.075768 77.184357 84.518692 105.820335 128.935608 140.543076 130.496277 106.723305 83.708786 91.186264 117.276680 145.170502 158.849167 146.045380 117.650505 90.480484 93.624741 122.048004 152.111542 166.425461 152.111542 122.048004 93.624741 90.480484 117.650505 146.045380 158.849167 145.170502 117.276680 91.186264 83.708786 106.723305 130.496277 140.543076 128.935608 105.820335 84.518692 77.184357 95.075768 113.356125 120.519287 111.136673 93.201637 77.019379,
 79.617264 92.341980 104.881187 115.041519 120.705757 120.962494 116.782562 92.001953 113.017601 132.851898 145.782455 147.092072 136.700806 120.120972 104.004356 132.708359 159.022781 173.392014 168.485367 146.929642 119.479256 113.801208 145.628510 173.480255 185.142334 173.480255 145.628510 113.801208 119.479256 146.929642 168.485367 173.392014 159.022781 132.708359 104.004356 120.120972 136.700806 147.092072 145.782455 132.851898 113.017601 92.001953 116.782562 120.962494 120.705757 115.041519 104.881187 92.341980 79.617264,
 190.321518 197.944839 202.228149 203.832855 201.816528 195.504807 185.925613 246.319061 264.681274 278.040344 282.228363 272.926697 252.341553 227.013428 311.973145 350.856995 383.104218 395.291138 377.570282 338.135925 292.682495 335.826294 389.589600 437.192261 457.669067 437.192261 389.589600 335.826294 292.682495 338.135925 377.570282 395.291138 383.104218 350.856995 311.973145 227.013428 252.341553 272.926697 282.228363 278.040344 264.681274 246.319061 185.925613 195.504807 201.816528 203.832855 202.228149 197.944839 190.321518,
 268.292938 295.065399 301.049927 281.200684 245.970688 213.472870 193.740173 291.292664 338.217102 365.215363 351.400391 303.305634 250.220657 213.748047 294.059662 360.510559 417.739594 425.238190 373.469391 300.337463 243.335663 274.639648 345.365540 422.910614 459.441071 422.910614 345.365540 274.639648 243.335663 300.337463 373.469391 425.238190 417.739594 360.510559 294.059662 213.748047 250.220657 303.305634 351.400391 365.215363 338.217102 291.292664 193.740173 213.472870 245.970688 281.200684 301.049927 295.065399 268.292938,
 200.231171 265.461853 335.201752 365.894806 337.064056 276.227234 222.084991 213.687622 291.091064 378.808044 418.731598 377.634827 295.287720 225.856323 223.102036 310.981964 415.830658 466.158142 413.767487 311.169342 227.508926 227.192841 318.145111 429.997070 486.460175 429.997070 318.145111 227.192841 227.508926 311.169342 413.767487 466.158142 415.830658 310.981964 223.102036 225.856323 295.287720 377.634827 418.731598 378.808044 291.091064 213.687622 222.084991 276.227234 337.064056 365.894806 335.201752 265.461853 200.231171,
 209.564438 226.375259 261.007629 306.858032 341.870544 343.998657 309.154846 230.042480 269.252136 332.630676 396.513214 423.208191 394.569397 329.890381 261.317169 330.023987 420.429108 487.755310 483.820648 414.025085 325.716583 298.335999 388.468384 484.640594 529.474976 484.640594 388.468384 298.335999 325.716583 414.025085 483.820648 487.755310 420.429108 330.023987 261.317169 329.890381 394.569397 423.208191 396.513214 332.630676 269.252136 230.042480 309.154846 343.998657 341.870544 306.858032 261.007629 226.375259 209.564438,
 160.717697 187.558563 206.076355 210.404678 197.249298 174.054413 152.781326 201.169891 237.987854 263.442749 267.523071 246.498520 211.151733 177.649597 267.130157 335.184387 392.024933 406.171082 364.842743 293.477112 228.337860 280.562744 371.624512 465.501923 508.197937 465.501923 371.624512 280.562744 228.337860 293.477112 364.842743 406.171082 392.024933 335.184387 267.130157 177.649597 211.151733 246.498520 267.523071 263.442749 237.987854 201.169891 152.781326 174.054413 197.249298 210.404678 206.076355 187.558563 160.717697,
 255.699188 292.154144 303.062805 284.752625 255.552673 234.938873 217.205353 274.994751 342.915344 386.225739 372.828156 316.294708 264.255859 226.597656 276.297180 378.339722 475.377228 491.229523 407.998932 309.130737 238.296585 258.452545 360.460419 487.540527 556.172729 487.540527 360.460419 258.452545 238.296585 309.130737 407.998932 491.229523 475.377228 378.339722 276.297180 226.597656 264.255859 316.294708 372.828156 386.225739 342.915344 274.994751 217.205353 234.938873 255.552673 284.752625 303.062805 292.154144 255.699188,
 179.175369 222.437531 278.436157 322.034668 325.635559 302.287933 264.056519 204.268127 268.891418 363.115051 424.481628 394.193726 323.812805 261.827820 221.491455 309.407654 443.473846 524.600891 456.317291 334.615784 248.135681 234.071411 331.772125 480.319275 569.090637 480.319275 331.772125 234.071411 248.135681 334.615784 456.317291 524.600891 443.473846 309.407654 221.491455 261.827820 323.812805 394.193726 424.481628 363.115051 268.891418 204.268127 264.056519 302.287933 325.635559 322.034668 278.436157 222.437531 179.175369,
 148.311554 178.815918 211.539993 239.803925 245.518478 222.156494 183.547180 161.207199 197.028076 251.862518 315.590271 329.247711 268.191772 193.720901 172.728500 226.571045 328.253845 430.095062 410.100891 289.746277 193.566910 185.397400 268.286774 409.718872 496.168060 409.718872 268.286774 185.397400 193.566910 289.746277 410.100891 430.095062 328.253845 226.571045 172.728500 193.720901 268.191772 329.247711 315.590271 251.862518 197.028076 161.207199 183.547180 222.156494 245.518478 239.803925 211.539993 178.815918 148.311554,
 5.372236 14.622699 30.016319 42.915100 45.019806 33.256992 11.644291 29.693716 47.050507 71.072083 88.729782 87.287689 64.753113 32.060780 52.675224 84.359146 124.486336 149.118103 137.289581 95.742325 49.871178 61.113876 107.832855 160.504944 185.198181 160.504944 107.832855 61.113876 49.871178 95.742325 137.289581 149.118103 124.486336 84.359146 52.675224 32.060780 64.753113 87.287689 88.729782 71.072083 47.050507 29.693716 11.644291 33.256992 45.019806 42.915100 30.016319 14.622699 5.372236,
 5.358716 16.083950 27.947773 37.918839 37.675106 20.847034 3.328263 22.375217 40.701820 55.811150 51.717834 40.246788 23.224943 -0.368794 29.005104 56.638985 94.051521 94.334747 60.116371 31.507532 9.216309 21.236103 47.399765 93.341446 124.368179 93.341446 47.399765 21.236103 9.216309 31.507532 60.116371 94.334747 94.051521 56.638985 29.005104 -0.368794 23.224943 40.246788 51.717834 55.811150 40.701820 22.375217 3.328263 20.847034 37.675106 37.918839 27.947773 16.083950 5.358716,
 23.997311 41.798820 57.409210 64.772102 58.818069 42.978195 26.514118 38.951012 63.563072 90.462494 104.619614 88.808640 57.498840 32.290871 45.451080 77.630524 119.820343 143.916229 117.857224 71.819397 38.572662 43.995178 80.039032 131.026749 161.153152 131.026749 80.039032 43.995178 38.572662 71.819397 117.857224 143.916229 119.820343 77.630524 45.451080 32.290871 57.498840 88.808640 104.619614 90.462494 63.563072 38.951012 26.514118 42.978195 58.818069 64.772102 57.409210 41.798820 23.997311,
 8.102026 7.724737 18.109137 33.081291 40.030685 30.409712 13.556770 15.340479 23.483818 38.635803 57.899204 64.722664 44.907043 23.419645 21.129381 39.020000 71.448433 107.578766 103.405327 61.044453 30.635214 28.382860 56.766449 108.127777 140.217285 108.127777 56.766449 28.382860 30.635214 61.044453 103.405327 107.578766 71.448433 39.020000 21.129381 23.419645 44.907043 64.722664 57.899204 38.635803 23.483818 15.340479 13.556770 30.409712 40.030685 33.081291 18.109137 7.724737 8.102026,

Pairwise cross-correlations of the modulus of all oriented sub-bands at the same scale (size QxQ)
 166.056564 110.561295 68.363312 115.898766,
 110.561295 160.808807 107.802170 72.758583,
 68.363312 107.802170 166.425491 123.217796,
 115.898766 72.758583 123.217796 185.142395,
 457.669067 364.613800 333.315735 386.169647,
 364.613800 459.441101 388.184845 363.029022,
 333.315735 388.184845 486.460236 413.871735,
 386.169647 363.029022 413.871735 529.475098,
 508.197968 415.258362 332.972443 326.439880,
 415.258362 556.172791 404.205444 309.385254,
 332.972443 404.205444 569.090698 416.705902,
 326.439880 309.385254 416.705902 496.168030,
 185.198181 105.620193 90.769165 95.158409,
 105.620193 124.368179 90.585739 55.120937,
 90.769165 90.585739 161.153168 99.024139,
 95.158409 55.120937 99.024139 140.217316,

Cross-correlations of the modulus of all oriented sub-bands with all oriented sub-bands at the coarser scale (size QxQ)
 236.695374 194.575775 163.297150 207.950439,
 198.723083 229.984375 199.624222 174.256638,
 159.150345 193.511307 242.330460 218.172791,
 199.756348 178.512543 214.217529 268.370056,
 352.508240 370.921021 340.210052 313.227631,
 331.053497 391.947479 369.689758 288.872467,
 304.721588 357.381195 404.228394 336.972321,
 325.042786 358.559631 398.617889 367.287689,
 149.107315 126.181198 179.105713 153.455826,
 145.341034 148.928116 188.695847 147.408203,
 142.643982 141.106339 197.719391 157.279724,
 120.637856 114.640854 172.841202 157.189682,

Cross-correlations of the real part of each oriented sub-band with both the real and imaginary part of all phase-doubled oriented sub-bands at the next coarser scale (Q matrices of size 1x2Q, which are computed and stored in a matrix of size Qx2Q)
 81.445984 36.244877 5.127600 47.282372 -5.629552 2.571023 -0.915734 4.150103,
 33.857845 77.002243 30.967840 3.977754 -0.519458 6.910923 3.713128 0.089562,
 3.980056 31.994738 87.565529 53.978317 0.465112 5.292079 3.167274 -5.494563,
 40.189728 3.501234 51.093918 116.434494 -3.954627 0.968819 -4.572730 -2.760654,
 -116.742584 -53.288475 -11.497168 -69.523148 -25.014942 13.596947 -2.294314 9.432624,
 -56.403194 -115.323853 -55.819458 -6.710563 -8.170673 34.447971 -7.147925 0.561470,
 -10.362906 -55.078857 -118.535507 -76.468315 -2.417966 13.681298 -34.566811 -27.497509,
 -59.734638 -7.017063 -62.560474 -162.260406 -15.456474 -0.077058 -25.930033 -23.836174,
 -65.430504 -17.613129 -2.972246 -22.579811 -34.859207 -1.613043 0.575815 33.968342,
 -17.637457 -40.362625 -5.965203 1.923447 -4.497831 -2.243053 -11.110765 4.170685,
 -1.764809 -18.964397 23.045530 1.494011 -2.091788 -3.495137 -55.377388 -11.480067,
 -37.558231 -1.645566 16.444508 -26.713028 -30.048307 -0.660526 -31.213322 21.100048,
