Low-band skewness and kurtosis
 -2.204906 6.195009,
 -2.259651 6.896673,
 -1.740774 5.007143,
 -1.412757 4.023527,
 -1.257412 3.425370,

High-band variance
 143.675583,

Skewness, kurtosis, variance, mean, maximum and minimum of the reconstructed texture
 -2.190786 5.945864 6651.620605 222.113770 255.000000 0.000000,

Auto-correlations of the low-frequency bands at each scale
 2884.956055 3391.547119 3751.656006 3881.200195 3717.680420 3293.379639 2714.860352 3364.720215 4060.742920 4655.595215 4898.517578 4619.264160 3977.179932 3236.162598 3720.206299 4647.161133 5565.470703 5974.420410 5539.267578 4596.553711 3651.873779 3836.734131 4882.112793 5972.079590 6476.264648 5972.079590 4882.112793 3836.734131 3651.873779 4596.553711 5539.267578 5974.420410 5565.470703 4647.161133 3720.206299 3236.162598 3977.179932 4619.264160 4898.517578 4655.595215 4060.742920 3364.720215 2714.860352 3293.379639 3717.680420 3881.200195 3751.656006 3391.547119 2884.956055,
 1575.072388 1682.290039 1835.802734 1883.032349 1698.405273 1406.891113 1209.280396 1508.094238 1954.331665 2685.678223 3047.065674 2570.301758 1716.501587 1180.752441 1607.403442 2624.864502 4185.853027 4976.295410 4112.494629 2476.310303 1404.872925 1631.395264 2966.762451 4969.217285 5997.250977 4969.217285 2966.762451 1631.395264 1404.872925 2476.310303 4112.494629 4976.295410 4185.853027 2624.864502 1607.403442 1180.752441 1716.501587 2570.301758 3047.065674 2685.678223 1954.331665 1508.094238 1209.280396 1406.891113 1698.405273 1883.032349 1835.802734 1682.290039 1575.072388,
 1061.958862 1315.019531 1246.519409 1269.671631 1442.040161 1553.294189 1652.438110 1243.878418 1403.873169 1580.898926 1670.020752 1371.388184 1179.178101 1487.692383 1090.086792 1387.605103 2520.778076 3221.328125 2251.973877 1132.644165 1237.849243 1061.184082 1347.831299 3070.246094 4280.761719 3070.246094 1347.831299 1061.184082 1237.849243 1132.644165 2251.973877 3221.328125 2520.778076 1387.605103 1090.086792 1487.692383 1179.178101 1371.388184 1670.020752 1580.898926 1403.873169 1243.878418 1652.438110 1553.294189 1442.040161 1269.671631 1246.519409 1315.019531 1061.958862,
 -185.007629 12.424927 376.912628 760.414307 1002.330322 1197.234985 1169.751221 157.185364 393.133545 838.334229 1262.083008 1365.156006 1375.572021 1241.918945 579.501221 913.624817 1519.282715 1983.184326 1772.575195 1386.019043 1074.947632 872.359192 1282.995605 1955.233643 2400.390381 1955.233643 1282.995605 872.359192 1074.947632 1386.019043 1772.575195 1983.184326 1519.282715 913.624817 579.501221 1241.918945 1375.572021 1365.156006 1262.083008 838.334229 393.133545 157.185364 1169.751221 1197.234985 1002.330322 760.414307 376.912628 12.424927 -185.007629,
 -608.200500 -772.534546 -710.293213 -470.846985 -165.783051 20.713257 -11.119812 -704.465637 -679.943726 -267.351440 292.110809 670.981445 661.969727 282.980347 -671.281616 -217.776367 620.961365 1325.137695 1410.289307 896.744507 135.427490 -339.503784 479.076477 1407.707764 1837.739136 1407.707764 479.076477 -339.503784 135.427490 896.744507 1410.289307 1325.137695 620.961365 -217.776367 -671.281616 282.980347 661.969727 670.981445 292.110809 -267.351440 -679.943726 -704.465637 -11.119812 20.713257 -165.783051 -470.846985 -710.293213 -772.534546 -608.200500,

Auto-correlations of the modulus of each oriented sub-band
 80.369072 87.823273 95.230255 98.602020 95.898071 88.752182 81.114937 95.946709 108.425224 120.013557 124.958252 120.538124 109.310005 97.065407 111.917122 129.454636 145.396286 151.983353 145.595413 129.860397 112.585991 119.272598 139.071548 157.182953 164.688354 157.182953 139.071548 119.272598 112.585991 129.860397 145.595413 151.983353 145.396286 129.454636 111.917122 97.065407 109.310005 120.538124 124.958252 120.013557 108.425224 95.946709 81.114937 88.752182 95.898071 98.602020 95.230255 87.823273 80.369072,
 102.357513 107.437187 108.298515 104.039566 95.978676 86.082787 75.753876 105.421722 119.849594 129.379089 128.771439 118.368164 102.613907 86.091614 106.088165 128.728104 147.414337 152.003571 140.029877 118.458412 95.712158 102.858055 128.542664 152.083862 162.204468 152.083862 128.542664 102.858055 95.712158 118.458412 140.029877 152.003571 147.414337 128.728104 106.088165 86.091614 102.613907 118.368164 128.771439 129.379089 119.849594 105.421722 75.753876 86.082787 95.978676 104.039566 108.298515 107.437187 102.357513,
 83.827866 98.573494 112.424500 118.236137 111.767700 97.196480 82.170547 90.954712 110.483704 129.451218 137.692413 128.662674 108.915100 89.224350 97.113503 120.770927 144.519928 155.315414 143.964569 119.724937 96.024223 99.209442 124.504570 150.404327 162.577789 150.404327 124.504570 99.209442 96.024223 119.724937 143.964569 155.315414 144.519928 120.770927 97.113503 89.224350 108.915100 128.662674 137.692413 129.451218 110.483704 90.954712 82.170547 97.196480 111.767700 118.236137 112.424500 98.573494 83.827866,
 77.643738 87.742706 98.549217 107.316551 111.046303 108.765381 102.616486 89.998222 106.981247 123.664230 134.330795 133.937393 122.796982 107.253502 101.176804 124.669067 146.974915 159.019974 153.484314 133.597015 110.024002 108.317650 134.800842 159.113800 169.623734 159.113800 134.800842 108.317650 110.024002 133.597015 153.484314 159.019974 146.974915 124.669067 101.176804 107.253502 122.796982 133.937393 134.330795 123.664230 106.981247 89.998222 102.616486 108.765381 111.046303 107.316551 98.549217 87.742706 77.643738,
 213.557510 218.679047 223.972610 228.650696 230.035477 226.638794 219.639267 247.491714 267.089996 284.897583 294.052612 289.665466 275.130219 256.597656 292.465149 333.028534 369.648376 385.810120 371.629822 337.470978 299.230530 317.438263 368.234222 414.998718 435.457245 414.998718 368.234222 317.438263 299.230530 337.470978 371.629822 385.810120 369.648376 333.028534 292.465149 256.597656 275.130219 289.665466 294.052612 284.897583 267.089996 247.491714 219.639267 226.638794 230.035477 228.650696 223.972610 218.679047 213.557510,
 267.644104 289.789948 285.028778 255.637726 217.945221 185.260651 162.462708 285.284546 332.976227 351.336670 325.454956 270.144775 214.277374 173.918213 273.690948 347.474304 403.356293 402.656555 342.498932 263.618347 199.776474 238.160248 318.217407 401.203369 439.869354 401.203369 318.217407 238.160248 199.776474 263.618347 342.498932 402.656555 403.356293 347.474304 273.690948 173.918213 214.277374 270.144775 325.454956 351.336670 332.976227 285.284546 162.462708 185.260651 217.945221 255.637726 285.028778 289.789948 267.644104,
 242.489075 292.132141 345.809204 370.718384 349.395752 299.885437 252.478943 249.963028 314.852478 388.622131 422.064697 387.171936 316.123352 253.777603 255.272964 332.128540 423.747253 467.457031 421.429321 331.339905 256.223083 257.471741 338.369751 436.872131 486.832153 436.872131 338.369751 257.471741 256.223083 331.339905 421.429321 467.457031 423.747253 332.128540 255.272964 253.777603 316.123352 387.171936 422.064697 388.622131 314.852478 249.963028 252.478943 299.885437 349.395752 370.718384 345.809204 292.132141 242.489075,
 162.825317 184.996460 218.337280 258.926453 291.600311 297.398132 273.760925 175.443115 215.544983 271.397797 328.031158 354.824982 333.956116 282.147644 201.713516 265.210266 344.267792 405.518127 405.123932 345.461304 270.004395 238.530304 318.242462 402.926331 443.337036 402.926331 318.242462 238.530304 270.004395 345.461304 405.123932 405.518127 344.267792 265.210266 201.713516 282.147644 333.956116 354.824982 328.031158 271.397797 215.544983 175.443115 273.760925 297.398132 291.600311 258.926453 218.337280 184.996460 162.825317,
 161.911819 194.701675 224.824921 247.964935 258.309906 253.127426 234.062393 210.902924 261.613800 307.818207 336.882874 337.665436 310.055511 266.340210 271.180206 360.565063 444.454407 487.995758 467.696716 395.165527 305.638397 314.114044 429.941650 536.223511 581.432129 536.223511 429.941650 314.114044 305.638397 395.165527 467.696716 487.995758 444.454407 360.565063 271.180206 266.340210 310.055511 337.665436 336.882874 307.818207 261.613800 210.902924 234.062393 253.127426 258.309906 247.964935 224.824921 194.701675 161.911819,
 154.756180 190.215561 197.431656 185.384064 168.535202 151.840469 139.004135 179.230591 247.663971 283.817871 264.242432 220.842361 183.407715 156.875244 192.574020 282.619202 367.973206 372.522369 300.835571 224.253647 174.250839 189.425781 268.638428 375.225098 431.839417 375.225098 268.638428 189.425781 174.250839 224.253647 300.835571 372.522369 367.973206 282.619202 192.574020 156.875244 183.407715 220.842361 264.242432 283.817871 247.663971 179.230591 139.004135 151.840469 168.535202 185.384064 197.431656 190.215561 154.756180,
 139.195084 160.634323 196.457352 231.303497 226.104599 189.365982 161.787247 156.039230 183.187759 256.848785 321.083832 291.009125 206.408066 157.276382 157.235641 198.249268 317.404419 409.049988 342.915833 213.655701 153.433548 153.708893 209.407227 353.482513 448.054688 353.482513 209.407227 153.708893 153.433548 213.655701 342.915833 409.049988 317.404419 198.249268 157.235641 157.276382 206.408066 291.009125 321.083832 256.848785 183.187759 156.039230 161.787247 189.365982 226.104599 231.303497 196.457352 160.634323 139.195084,
 168.381149 200.455643 242.522690 298.535217 338.797394 336.908020 308.651367 217.308167 266.983978 347.352692 433.999329 464.959808 421.447662 353.002258 273.967957 358.584045 483.708710 583.125244 574.318176 472.391541 366.132629 333.207397 446.400635 586.367493 655.749023 586.367493 446.400635 333.207397 366.132629 472.391541 574.318176 583.125244 483.708710 358.584045 273.967957 353.002258 421.447662 464.959808 433.999329 347.352692 266.983978 217.308167 308.651367 336.908020 338.797394 298.535217 242.522690 200.455643 168.381149,
 2.258657 14.570415 22.499317 25.590633 27.869072 30.132244 30.466024 8.446806 28.801233 44.291718 48.531830 45.105774 40.682037 37.612785 20.928900 51.725624 82.257065 92.584152 77.333237 53.613220 36.952354 32.849834 63.984062 102.297668 121.697113 102.297668 63.984062 32.849834 36.952354 53.613220 77.333237 92.584152 82.257065 51.725624 20.928900 37.612785 40.682037 45.105774 48.531830 44.291718 28.801233 8.446806 30.466024 30.132244 27.869072 25.590633 22.499317 14.570415 2.258657,
 21.906765 22.329189 16.794025 9.583139 5.708064 5.947199 5.231242 22.843042 33.593948 39.926453 35.810890 26.020203 18.425320 14.951132 25.113863 46.107208 70.778572 76.276138 58.262234 36.618607 23.543890 27.244789 49.340660 81.915787 100.233162 81.915787 49.340660 27.244789 23.543890 36.618607 58.262234 76.276138 70.778572 46.107208 25.113863 14.951132 18.425320 26.020203 35.810890 39.926453 33.593948 22.843042 5.231242 5.947199 5.708064 9.583139 16.794025 22.329189 21.906765,
 1.719001 6.117805 10.379776 17.267635 20.480228 18.388916 13.469984 2.095718 17.255512 35.446445 46.169941 38.013103 23.262833 8.694349 3.055689 26.685492 58.215652 76.531509 57.311813 29.877565 6.972078 5.211164 31.686171 66.793655 90.472336 66.793655 31.686171 5.211164 6.972078 29.877565 57.311813 76.531509 58.215652 26.685492 3.055689 8.694349 23.262833 38.013103 46.169941 35.446445 17.255512 2.095718 13.469984 18.388916 20.480228 17.267635 10.379776 6.117805 1.719001,
 -5.761449 -6.158787 -3.397989 6.303235 19.525736 26.665974 26.242207 -4.885552 1.094160 11.700060 33.608849 47.955864 38.586525 23.600502 2.461191 13.162607 43.845871 83.706940 81.036148 42.073280 16.438837 10.071287 30.563606 80.927704 115.467323 80.927704 30.563606 10.071287 16.438837 42.073280 81.036148 83.706940 43.845871 13.162607 2.461191 23.600502 38.586525 47.955864 33.608849 11.700060 1.094160 -4.885552 26.242207 26.665974 19.525736 6.303235 -3.397989 -6.158787 -5.761449,

Pairwise cross-correlations of the modulus of all oriented sub-bands at the same scale (size QxQ)
 164.688370 113.578011 71.363342 113.368561,
 113.578011 162.204453 110.538063 73.209236,
 71.363342 110.538063 162.577835 115.198608,
 113.368561 73.209236 115.198608 169.623734,
 435.457275 339.832306 323.718323 339.031281,
 339.832306 439.869385 374.415741 302.846100,
 323.718323 374.415741 486.832153 373.171326,
 339.031281 302.846100 373.171326 443.337097,
 581.432190 385.915192 299.492615 457.648651,
 385.915192 431.839417 328.159485 360.718323,
 299.492615 328.159485 448.054688 423.698700,
 457.648651 360.718323 423.698700 655.749023,
 121.697121 61.848511 44.522964 65.065559,
 61.848511 100.233170 47.598846 35.214981,
 44.522964 47.598846 90.472336 65.189278,
 65.065559 35.214981 65.189278 115.467316,

Cross-correlations of the modulus of all oriented sub-bands with all oriented sub-bands at the coarser scale (size QxQ)
 227.610825 191.394104 165.955566 182.789444,
 189.218781 232.167999 201.630447 153.358658,
 152.169235 189.669403 242.174240 189.381760,
 192.245972 159.165909 205.902512 231.366989,
 404.718628 306.672028 270.114655 359.204468,
 365.365875 335.259857 299.180359 360.481842,
 350.288788 324.878906 341.067749 396.280884,
 349.541260 288.345398 312.327026 394.619293,
 170.270279 135.108032 126.489517 129.185837,
 138.170792 116.290253 111.339912 108.163559,
 137.465607 106.058182 129.659149 131.449265,
 156.567841 135.794464 159.938187 185.247772,

Cross-correlations of the real part of each oriented sub-band with both the real and imaginary part of all phase-doubled oriented sub-bands at the next coarser scale (Q matrices of size 1x2Q, which are computed and stored in a matrix of size Qx2Q)
 93.128174 42.792469 3.150970 39.384071 -2.519506 1.213598 -1.238415 2.780206,
 46.388962 93.088036 45.185101 4.928664 0.294012 0.799190 -0.084632 0.892299,
 4.559586 42.708405 102.265312 40.206226 0.218734 -0.022763 -1.732257 -0.202641,
 37.464455 4.892684 42.585709 88.084923 -2.004426 -0.163872 -3.509638 0.721195,
 -133.031296 -61.545910 -7.209025 -35.520443 13.031828 0.615020 -0.274335 14.799557,
 -71.506836 -109.675232 -39.385246 -3.388567 6.993288 -1.842962 -9.999874 -2.374022,
 -8.494988 -40.931725 -84.743484 -47.503353 0.239486 -3.953582 -20.096718 -4.595236,
 -48.485222 -7.575844 -41.858242 -98.311470 -1.225091 0.059841 -9.680828 19.422390,
 -47.143738 -6.143916 -3.986620 -46.691925 -31.775747 -8.236699 -3.020191 5.902050,
 -15.477636 -14.143977 -16.158577 -3.661459 -9.832230 -19.468374 -1.318709 -0.152842,
 -3.260953 -11.749752 -45.469456 -44.993885 1.182658 -3.450532 10.478272 -0.220878,
 -25.607618 -3.841698 -26.360683 -113.470612 -10.955092 1.719128 2.784381 5.195074,
