Low-band skewness and kurtosis
 -2.118826 5.859203,
 -2.186736 6.683927,
 -1.466779 4.226051,
 -0.956979 3.306835,
 -0.780736 2.829165,

High-band variance
 169.395676,

Skewness, kurtosis, variance, mean, maximum and minimum of the reconstructed texture
 -2.104040 5.585044 6844.487305 220.466858 255.000000 0.000000,

Auto-correlations of the low-frequency bands at each scale
 2284.609863 2875.060059 3298.822754 3446.389648 3266.174316 2812.815918 2190.605957 2925.588867 3758.325684 4456.293457 4726.474609 4396.846191 3668.225586 2827.096680 3361.602051 4481.413574 5568.303223 6037.113770 5515.487793 4408.824707 3297.033203 3497.141846 4750.728516 6043.195801 6638.442383 6043.195801 4750.728516 3497.141846 3297.033203 4408.824707 5515.487793 6037.113770 5568.303223 4481.413574 3361.602051 2827.096680 3668.225586 4396.846191 4726.474609 4456.293457 3758.325684 2925.588867 2190.605957 2812.815918 3266.174316 3446.389648 3298.822754 2875.060059 2284.609863,
 700.717041 582.535889 680.693115 793.929199 713.457764 633.010986 775.242432 842.710693 1144.913086 1923.051270 2360.072754 1870.008301 1054.697266 735.704346 934.894531 2037.780884 3884.485596 4834.169922 3809.360107 1908.250854 769.775513 889.422974 2439.500000 4858.115234 6105.480957 4858.115234 2439.500000 889.422974 769.775513 1908.250854 3809.360107 4834.169922 3884.485596 2037.780884 934.894531 735.704346 1054.697266 1870.008301 2360.072754 1923.051270 1144.913086 842.710693 775.242432 633.010986 713.457764 793.929199 680.693115 582.535889 700.717041,
 676.382324 596.317749 309.417480 147.894669 451.297607 884.143677 845.720947 679.396912 468.217163 510.909332 595.783264 528.435669 599.055786 648.210510 603.716125 670.094421 1800.302612 2586.706055 1731.787720 642.792053 490.021179 508.440491 837.178711 2657.926270 3922.039062 2657.926270 837.178711 508.440491 490.021179 642.792053 1731.787720 2586.706055 1800.302612 670.094421 603.716125 648.210510 599.055786 528.435669 595.783264 510.909332 468.217163 679.396912 845.720947 884.143677 451.297607 147.894669 309.417480 596.317749 676.382324,
 208.337128 428.762756 570.298706 677.048279 669.999390 495.144104 331.074615 211.991791 411.925140 591.535522 729.937256 670.512817 499.446930 391.222076 296.720428 525.797180 959.230896 1231.772461 942.955627 552.626648 453.604401 454.906311 654.453430 1257.752686 1670.492920 1257.752686 654.453430 454.906311 453.604401 552.626648 942.955627 1231.772461 959.230896 525.797180 296.720428 391.222076 499.446930 670.512817 729.937256 591.535522 411.925140 211.991791 331.074615 495.144104 669.999390 677.048279 570.298706 428.762756 208.337128,
 -528.621948 -360.075745 -70.404678 122.785126 45.501415 -179.263931 -391.304871 -414.514099 -206.611221 200.771942 469.314362 359.190338 72.813980 -181.334900 -231.103485 29.441376 551.644958 873.049683 661.706360 246.036407 -37.417686 -68.055328 224.589767 757.703003 1064.573975 757.703003 224.589767 -68.055328 -37.417686 246.036407 661.706360 873.049683 551.644958 29.441376 -231.103485 -181.334900 72.813980 359.190338 469.314362 200.771942 -206.611221 -414.514099 -391.304871 -179.263931 45.501415 122.785126 -70.404678 -360.075745 -528.621948,

Auto-correlations of the modulus of each oriented sub-band
 67.278961 75.710632 83.633873 86.746979 83.087349 74.697113 66.126205 88.100098 101.657272 114.102905 119.256599 114.244080 101.784988 88.243988 108.733002 127.687874 144.951523 152.192886 145.463242 128.442184 109.580719 118.322784 139.833984 159.462097 167.550964 159.462097 139.833984 118.322784 109.580719 128.442184 145.463242 152.192886 144.951523 127.687874 108.733002 88.243988 101.784988 114.244080 119.256599 114.102905 101.657272 88.100098 66.126205 74.697113 83.087349 86.746979 83.633873 75.710632 67.278961,
 100.338791 104.252289 104.035278 98.406746 87.789429 74.182190 60.139187 104.966988 119.746086 129.606339 128.588074 115.863739 95.922600 74.744408 105.307838 129.990509 150.293060 155.420013 141.715363 116.298622 88.861717 99.784576 129.155685 155.510620 166.730591 155.510620 129.155685 99.784576 88.861717 116.298622 141.715363 155.420013 150.293060 129.990509 105.307838 74.744408 95.922600 115.863739 128.588074 129.606339 119.746086 104.966988 60.139187 74.182190 87.789429 98.406746 104.035278 104.252289 100.338791,
 66.271759 87.038033 108.751450 118.973953 109.763046 87.450035 64.698013 74.012932 99.782082 126.729691 139.519699 127.786514 100.405296 73.022530 81.212723 111.597725 143.217773 158.278992 143.984863 112.156258 80.865677 84.134399 116.690720 150.276382 166.013519 150.276382 116.690720 84.134399 80.865677 112.156258 143.984863 158.278992 143.217773 111.597725 81.212723 73.022530 100.405296 127.786514 139.519699 126.729691 99.782082 74.012932 64.698013 87.450035 109.763046 118.973953 108.751450 87.038033 66.271759,
 73.260895 88.457123 102.578514 113.250732 118.969460 119.582901 116.383789 88.885414 112.585587 133.730850 146.644760 147.341904 136.757462 120.823631 103.612602 134.256409 161.318726 175.452560 169.832275 147.963928 120.720558 114.863770 147.419647 175.582855 187.372589 175.582855 147.419647 114.863770 120.720558 147.963928 169.832275 175.452560 161.318726 134.256409 103.612602 120.823631 136.757462 147.341904 146.644760 133.730850 112.585587 88.885414 116.383789 119.582901 118.969460 113.250732 102.578514 88.457123 73.260895,
 177.330902 187.049942 194.366226 198.717834 199.100784 195.366013 187.259003 253.357651 277.851685 296.360443 303.177216 295.151459 275.226562 248.360672 329.281677 379.299835 420.031921 435.978027 418.607178 376.134796 323.512329 360.089325 425.250977 479.981476 502.493652 479.981476 425.250977 360.089325 323.512329 376.134796 418.607178 435.978027 420.031921 379.299835 329.281677 248.360672 275.226562 295.151459 303.177216 296.360443 277.851685 253.357651 187.259003 195.366013 199.100784 198.717834 194.366226 187.049942 177.330902,
 286.506927 306.346436 292.882874 254.957581 211.476608 179.040146 161.917511 318.965149 373.558563 387.216400 350.192291 282.072296 216.459137 174.539795 307.502197 397.433105 460.054443 453.908966 380.054138 283.983521 208.157242 260.499451 358.806641 457.791809 502.616486 457.791809 358.806641 260.499451 208.157242 283.983521 380.054138 453.908966 460.054443 397.433105 307.502197 174.539795 216.459137 282.072296 350.192291 387.216400 373.558563 318.965149 161.917511 179.040146 211.476608 254.957581 292.882874 306.346436 286.506927,
 174.111206 236.034439 321.201813 364.320374 322.535675 240.784592 183.991638 181.710983 258.265717 365.962524 422.501770 368.405396 263.250275 189.915482 188.657700 276.956238 403.856232 471.932739 405.420624 279.804565 193.036758 192.809769 285.319458 419.802124 492.477600 419.802124 285.319458 192.809769 193.036758 279.804565 405.420624 471.932739 403.856232 276.956238 188.657700 189.915482 263.250275 368.405396 422.501770 365.962524 258.265717 181.710983 183.991638 240.784592 322.535675 364.320374 321.201813 236.034439 174.111206,
 158.263245 179.487732 221.862061 278.100952 325.950134 341.644897 316.392822 179.167023 226.503204 302.247345 381.166534 422.870453 405.534271 343.179169 219.170807 301.563934 407.737793 489.793854 494.740051 424.535187 326.634003 275.748840 381.654694 490.069946 539.883301 490.069946 381.654694 275.748840 326.634003 424.535187 494.740051 489.793854 407.737793 301.563934 219.170807 343.179169 405.534271 422.870453 381.166534 302.247345 226.503204 179.167023 316.392822 341.644897 325.950134 278.100952 221.862061 179.487732 158.263245,
 102.008392 114.595047 119.106705 115.895615 113.781342 117.375732 120.387909 133.275513 154.748291 172.658081 175.934708 167.748901 159.710510 155.340332 196.882385 255.467316 314.681000 337.113586 306.417755 248.497040 195.752991 224.453003 312.496765 408.477356 454.015839 408.477356 312.496765 224.453003 195.752991 248.497040 306.417755 337.113586 314.681000 255.467316 196.882385 155.340332 159.710510 167.748901 175.934708 172.658081 154.748291 133.275513 120.387909 117.375732 113.781342 115.895615 119.106705 114.595047 102.008392,
 200.315277 241.508987 260.269043 239.375000 203.301971 174.663773 152.335876 226.128113 297.634521 352.333832 336.261353 273.628815 219.126221 182.986572 245.417572 346.140198 454.558716 472.582764 382.589966 281.724060 216.822540 241.885406 338.682892 472.817108 548.566528 472.817108 338.682892 241.885406 216.822540 281.724060 382.589966 472.582764 454.558716 346.140198 245.417572 182.986572 219.126221 273.628815 336.261353 352.333832 297.634521 226.128113 152.335876 174.663773 203.301971 239.375000 260.269043 241.508987 200.315277,
 202.926895 230.544113 251.133240 254.541061 223.499634 180.588638 154.041428 215.546906 253.203537 319.688416 360.510132 302.087830 212.318008 167.244049 214.674866 268.802917 388.747101 471.034485 380.188812 246.093567 184.407532 202.316422 267.667419 416.237915 521.853882 416.237915 267.667419 202.316422 184.407532 246.093567 380.188812 471.034485 388.747101 268.802917 214.674866 167.244049 212.318008 302.087830 360.510132 319.688416 253.203537 215.546906 154.041428 180.588638 223.499634 254.541061 251.133240 230.544113 202.926895,
 219.240387 239.367706 245.381088 250.196457 249.732254 231.518585 201.633026 241.051788 268.542969 310.686127 361.227966 367.022980 311.507202 247.026367 257.947754 312.606293 412.208801 502.259064 478.316345 366.636627 274.142334 272.953369 359.754456 495.784882 574.065613 495.784882 359.754456 272.953369 274.142334 366.636627 478.316345 502.259064 412.208801 312.606293 257.947754 247.026367 311.507202 367.022980 361.227966 310.686127 268.542969 241.051788 201.633026 231.518585 249.732254 250.196457 245.381088 239.367706 219.240387,
 -14.723113 -7.108599 6.100574 16.763273 18.487450 11.001188 0.071004 -13.009518 2.118565 23.072018 38.649029 39.111275 24.720074 6.052898 -1.262707 20.624878 50.267487 70.283577 65.397446 40.369759 13.744450 11.883940 41.410393 76.985573 94.123367 76.985573 41.410393 11.883940 13.744450 40.369759 65.397446 70.283577 50.267487 20.624878 -1.262707 6.052898 24.720074 39.111275 38.649029 23.072018 2.118565 -13.009518 0.071004 11.001188 18.487450 16.763273 6.100574 -7.108599 -14.723113,
 3.611624 7.361353 11.044235 5.583361 -1.133457 -9.931738 -13.534868 6.637900 16.757845 33.246407 29.772507 12.548159 -2.843185 -11.676461 7.159323 28.315636 63.029427 72.197281 39.969742 10.037168 -6.734255 0.660301 24.755728 67.152916 97.881042 67.152916 24.755728 0.660301 -6.734255 10.037168 39.969742 72.197281 63.029427 28.315636 7.159323 -11.676461 -2.843185 12.548159 29.772507 33.246407 16.757845 6.637900 -13.534868 -9.931738 -1.133457 5.583361 11.044235 7.361353 3.611624,
 10.519858 7.403582 29.009003 58.000771 48.193039 28.034540 27.418659 20.350317 27.632442 65.290092 101.416100 77.193779 43.502689 39.742638 32.282845 48.534565 101.328537 145.513733 105.738510 55.858685 43.962044 41.060032 59.002846 117.478912 165.227020 117.478912 59.002846 41.060032 43.962044 55.858685 105.738510 145.513733 101.328537 48.534565 32.282845 39.742638 43.502689 77.193779 101.416100 65.290092 27.632442 20.350317 27.418659 28.034540 48.193039 58.000771 29.009003 7.403582 10.519858,
 8.215016 14.360804 20.287031 23.960115 20.452311 9.315725 -0.862470 8.473952 23.602985 41.999508 54.779671 48.043125 25.050529 7.921855 15.110296 41.592968 76.553833 101.501892 87.207947 49.417881 21.333845 23.482525 56.664612 102.419586 129.418182 102.419586 56.664612 23.482525 21.333845 49.417881 87.207947 101.501892 76.553833 41.592968 15.110296 7.921855 25.050529 48.043125 54.779671 41.999508 23.602985 8.473952 -0.862470 9.315725 20.452311 23.960115 20.287031 14.360804 8.215016,

Pairwise cross-correlations of the modulus of all oriented sub-bands at the same scale (size QxQ)
 167.550964 110.246666 60.561058 117.095024,
 110.246666 166.730606 106.901123 67.711670,
 60.561058 106.901123 166.013550 116.915558,
 117.095024 67.711670 116.915558 187.372620,
 502.493652 401.458557 347.417847 405.798645,
 401.458557 502.616516 390.919739 349.984894,
 347.417847 390.919739 492.477600 403.881470,
 405.798645 349.984894 403.881470 539.883362,
 454.015900 361.013641 283.253632 355.696289,
 361.013641 548.566528 368.471802 321.133362,
 283.253632 368.471802 521.853882 393.083923,
 355.696289 321.133362 393.083923 574.065674,
 94.123367 55.726357 24.682358 47.459892,
 55.726357 97.881042 72.489853 42.936939,
 24.682358 72.489853 165.227020 82.875504,
 47.459892 42.936939 82.875504 129.418182,

Cross-correlations of the modulus of all oriented sub-bands with all oriented sub-bands at the coarser scale (size QxQ)
 246.099197 200.202026 161.634735 209.195892,
 204.545593 246.559189 201.772629 164.934952,
 159.579865 196.055756 242.723984 206.486954,
 212.657776 167.998306 213.302368 273.476105,
 334.573792 340.231659 307.991943 356.826691,
 305.179321 387.890137 337.682922 324.666351,
 295.094421 373.539795 355.561432 346.168030,
 328.264526 341.997131 336.992065 389.290222,
 81.428329 95.160385 108.013962 98.923355,
 96.768753 109.317078 120.950508 128.481262,
 68.172562 85.825676 178.115128 120.437698,
 64.551941 77.933701 150.149139 119.764679,

Cross-correlations of the real part of each oriented sub-band with both the real and imaginary part of all phase-doubled oriented sub-bands at the next coarser scale (Q matrices of size 1x2Q, which are computed and stored in a matrix of size Qx2Q)
 107.738503 45.515331 6.380329 49.215641 -0.868240 0.819559 -0.753015 3.374718,
 45.771835 103.491043 45.080559 4.174530 2.266423 1.272986 -1.069308 -0.048272,
 4.935935 43.218925 110.863426 55.891537 0.922446 0.421799 -1.568098 0.293213,
 49.354431 3.355473 57.666878 120.591545 -1.486157 0.396794 -1.696505 4.372716,
 -176.218399 -70.339798 -12.241089 -68.931107 -24.388071 24.908922 0.513056 12.525028,
 -84.195740 -143.058914 -72.016083 -11.029168 5.968241 55.261845 3.519567 2.417640,
 -9.639576 -65.132927 -189.477966 -101.737061 3.079371 16.912434 -9.200470 -10.040294,
 -72.309830 -10.875937 -108.928856 -179.640350 -16.682585 0.313723 -11.174583 -0.146234,
 -61.181511 -20.141827 -2.303307 -33.614601 -32.144188 -12.563445 0.379686 -3.517467,
 -28.110458 -41.045765 -20.280720 -6.864135 -18.093029 -10.671565 -14.571488 -2.726777,
 -2.684189 -12.761213 -61.157524 -32.634415 0.118343 0.200160 -45.148998 -19.780077,
 -27.433723 -0.045734 -29.783306 -60.185093 -7.046774 -3.904405 -15.614824 -27.238529,
