Low-band skewness and kurtosis
 -2.702093 8.589698,
 -2.722434 9.037598,
 -2.489408 8.102817,
 -2.369319 7.890624,
 -1.708660 4.968199,

High-band variance
 85.090622,

Skewness, kurtosis, variance, mean, maximum and minimum of the reconstructed texture
 -2.690768 8.369577 5363.143555 230.103638 255.000000 0.000000,

Auto-correlations of the low-frequency bands at each scale
 3229.456299 3583.086670 3858.373535 3970.442139 3883.494141 3657.747314 3367.523682 3498.707031 3921.792236 4297.697266 4463.486328 4311.191406 3959.217041 3574.443359 3698.223145 4220.479004 4753.504883 5002.514648 4759.329102 4234.130371 3730.218262 3783.496826 4352.976562 4967.798828 5258.785645 4967.798828 4352.976562 3783.496826 3730.218262 4234.130371 4759.329102 5002.514648 4753.504883 4220.479004 3698.223145 3574.443359 3959.217041 4311.191406 4463.486328 4297.697266 3921.792236 3498.707031 3367.523682 3657.747314 3883.494141 3970.442139 3858.373535 3583.086670 3229.456299,
 1853.970215 2228.769531 2647.726318 2906.881836 2888.243408 2727.195312 2624.785156 2123.832764 2601.555664 3229.884766 3563.063965 3339.355469 2882.364258 2621.788330 2390.304688 3043.979736 4001.993164 4497.522461 4043.878418 3173.543701 2640.192383 2586.473145 3302.104004 4406.185059 4979.070312 4406.185059 3302.104004 2586.473145 2640.192383 3173.543701 4043.878418 4497.522461 4001.993164 3043.979736 2390.304688 2621.788330 2882.364258 3339.355469 3563.063965 3229.884766 2601.555664 2123.832764 2624.785156 2727.195312 2888.243408 2906.881836 2647.726318 2228.769531 1853.970215,
 210.617920 625.957520 1218.933838 1867.997803 2293.011230 2538.530518 2610.036865 712.541687 1202.253662 1921.811523 2561.379150 2671.932617 2573.252197 2471.647949 1273.695801 1872.038818 2860.501709 3558.321045 3207.356201 2545.357666 2181.156494 1779.886230 2377.001953 3445.784668 4116.720703 3445.784668 2377.001953 1779.886230 2181.156494 2545.357666 3207.356201 3558.321045 2860.501709 1872.038818 1273.695801 2471.647949 2573.252197 2671.932617 2561.379150 1921.811523 1202.253662 712.541687 2610.036865 2538.530518 2293.011230 1867.997803 1218.933838 625.957520 210.617920,
 -591.333984 -565.292725 -335.177612 283.977509 1242.667114 2050.855713 2085.137695 -594.347656 -414.424072 260.469482 1335.203369 2247.425781 2486.025146 1855.718262 -418.650024 201.886658 1428.894287 2605.254150 2833.020752 2148.211426 1083.086304 173.726089 1227.001221 2565.312988 3245.815430 2565.312988 1227.001221 173.726089 1083.086304 2148.211426 2833.020752 2605.254150 1428.894287 201.886658 -418.650024 1855.718262 2486.025146 2247.425781 1335.203369 260.469482 -414.424072 -594.347656 2085.137695 2050.855713 1242.667114 283.977509 -335.177612 -565.292725 -591.333984,
 -363.562653 -619.896423 -885.244446 -725.291748 -56.507507 459.748596 332.589508 -642.201355 -867.753357 -762.568359 101.609467 1074.141479 1105.045776 310.248535 -855.513550 -778.913696 134.523254 1511.739014 1901.633545 927.954956 -207.918121 -745.638550 -13.636932 1446.771240 2269.867676 1446.771240 -13.636932 -745.638550 -207.918121 927.954956 1901.633545 1511.739014 134.523254 -778.913696 -855.513550 310.248535 1105.045776 1074.141479 101.609467 -762.568359 -867.753357 -642.201355 332.589508 459.748596 -56.507507 -725.291748 -885.244446 -619.896423 -363.562653,

Auto-correlations of the modulus of each oriented sub-band
 65.687759 72.337860 78.247971 81.075165 79.864517 75.729218 71.013565 75.734009 84.925240 93.031265 96.567947 94.090195 87.250908 79.521820 85.508705 97.333359 107.894241 112.341774 108.507248 98.658875 87.615227 90.418701 103.315414 114.957779 119.736916 114.957779 103.315414 90.418701 87.615227 98.658875 108.507248 112.341774 107.894241 97.333359 85.508705 79.521820 87.250908 94.090195 96.567947 93.031265 84.925240 75.734009 71.013565 75.729218 79.864517 81.075165 78.247971 72.337860 65.687759,
 61.872196 66.879646 70.895714 71.774208 69.175606 64.143333 58.188366 66.416595 76.252449 84.506241 86.644936 81.829453 72.811806 62.916409 69.472450 83.663910 96.393745 100.597443 93.860313 80.778763 67.072014 69.608017 85.261055 100.139526 106.656883 100.139526 85.261055 69.608017 67.072014 80.778763 93.860313 100.597443 96.393745 83.663910 69.472450 62.916409 72.811806 81.829453 86.644936 84.506241 76.252449 66.416595 58.188366 64.143333 69.175606 71.774208 70.895714 66.879646 61.872196,
 52.429520 61.316105 70.925560 76.319427 74.215996 67.181419 59.868309 59.643665 71.289856 83.727531 90.132645 85.899651 75.223495 64.606415 66.136063 80.065376 94.856247 102.158836 95.911087 82.018486 68.605667 69.475555 84.151535 99.618301 107.027618 99.618301 84.151535 69.475555 68.605667 82.018486 95.911087 102.158836 94.856247 80.065376 66.136063 64.606415 75.223495 85.899651 90.132645 83.727531 71.289856 59.643665 59.868309 67.181419 74.215996 76.319427 70.925560 61.316105 52.429520,
 56.031429 63.059246 70.150375 75.485703 77.577576 76.337646 73.337898 63.013851 73.187042 83.542831 90.420364 90.788223 84.974075 76.846992 70.074409 83.504372 97.007118 104.751091 102.135765 91.093163 78.151512 75.692444 90.601700 104.852600 111.071945 104.852600 90.601700 75.692444 78.151512 91.093163 102.135765 104.751091 97.007118 83.504372 70.074409 76.846992 84.974075 90.788223 90.420364 83.542831 73.187042 63.013851 73.337898 76.337646 77.577576 75.485703 70.150375 63.059246 56.031429,
 160.217834 181.429367 200.736435 215.273254 222.952286 223.897537 219.139008 196.954163 222.248337 244.431107 258.075562 259.803528 251.483749 236.726685 238.524902 270.946259 298.437897 311.896179 306.130585 285.668976 258.407288 263.578186 298.666229 327.543457 339.306396 327.543457 298.666229 263.578186 258.407288 285.668976 306.130585 311.896179 298.437897 270.946259 238.524902 236.726685 251.483749 259.803528 258.075562 244.431107 222.248337 196.954163 219.139008 223.897537 222.952286 215.273254 200.736435 181.429367 160.217834,
 131.432541 144.722488 148.764832 145.560150 140.825500 137.704056 134.989090 149.347778 175.145020 187.819000 181.827103 164.222198 146.605927 133.825562 154.520966 192.080231 221.079041 223.158737 198.114075 164.963654 138.333954 147.668823 185.582947 224.979095 243.359894 224.979095 185.582947 147.668823 138.333954 164.963654 198.114075 223.158737 221.079041 192.080231 154.520966 133.825562 146.605927 164.222198 181.827103 187.819000 175.145020 149.347778 134.989090 137.704056 140.825500 145.560150 148.764832 144.722488 131.432541,
 106.981934 132.620758 168.831100 198.481812 201.000717 186.275757 170.047485 122.306450 155.233124 198.974701 229.024719 221.067230 192.396942 166.158325 136.886795 175.587082 225.339996 255.030151 236.382233 194.340652 159.079819 149.330322 189.293488 239.223816 265.657166 239.223816 189.293488 149.330322 159.079819 194.340652 236.382233 255.030151 225.339996 175.587082 136.886795 166.158325 192.396942 221.067230 229.024719 198.974701 155.233124 122.306450 170.047485 186.275757 201.000717 198.481812 168.831100 132.620758 106.981934,
 111.033325 133.180099 162.594986 194.931488 219.886368 227.108414 215.369995 129.015381 159.983704 199.037598 235.568466 253.118347 243.406738 215.196320 153.312393 194.974106 242.413345 276.914154 277.688171 246.597519 203.764145 180.818176 228.650589 274.936066 295.745239 274.936066 228.650589 180.818176 203.764145 246.597519 277.688171 276.914154 242.413345 194.974106 153.312393 215.196320 243.406738 253.118347 235.568466 199.037598 159.983704 129.015381 215.369995 227.108414 219.886368 194.931488 162.594986 133.180099 111.033325,
 52.486336 100.862793 150.958221 190.256912 209.061829 209.156372 201.486755 103.155502 164.546295 226.774628 268.457520 275.152313 252.397797 218.266068 163.430542 240.580551 315.616943 356.133057 342.142212 288.739471 225.489044 209.504272 290.916870 366.839478 399.808807 366.839478 290.916870 209.504272 225.489044 288.739471 342.142212 356.133057 315.616943 240.580551 163.430542 218.266068 252.397797 275.152313 268.457520 226.774628 164.546295 103.155502 201.486755 209.156372 209.061829 190.256912 150.958221 100.862793 52.486336,
 62.085606 89.493973 114.179329 131.021759 139.797714 141.699738 137.641830 84.267044 118.438828 146.735199 155.726166 151.159454 143.467056 133.244247 104.531189 145.920563 187.278946 198.057617 175.295151 146.611603 123.709732 116.514633 153.720108 199.404724 223.885986 199.404724 153.720108 116.514633 123.709732 146.611603 175.295151 198.057617 187.278946 145.920563 104.531189 133.244247 143.467056 151.159454 155.726166 146.735199 118.438828 84.267044 137.641830 141.699738 139.797714 131.021759 114.179329 89.493973 62.085606,
 39.795914 68.974480 108.493423 144.241028 165.943344 175.721802 173.186081 57.219864 96.599838 153.556625 196.602325 203.612930 188.860580 166.510696 82.529007 131.128464 200.530045 245.759598 230.042953 185.682083 145.245636 114.426163 164.639984 230.787048 267.489471 230.787048 164.639984 114.426163 145.245636 185.682083 230.042953 245.759598 200.530045 131.128464 82.529007 166.510696 188.860580 203.612930 196.602325 153.556625 96.599838 57.219864 173.186081 175.721802 165.943344 144.241028 108.493423 68.974480 39.795914,
 51.620117 89.366112 130.502197 172.263275 205.558197 218.798004 211.679016 87.337646 129.824753 182.799759 234.375076 258.387146 242.764053 207.299622 121.232544 174.862549 246.640747 303.015686 299.714966 244.847534 185.544617 154.244019 218.318726 296.449524 335.581848 296.449524 218.318726 154.244019 185.544617 244.847534 299.714966 303.015686 246.640747 174.862549 121.232544 207.299622 242.764053 258.387146 234.375076 182.799759 129.824753 87.337646 211.679016 218.798004 205.558197 172.263275 130.502197 89.366112 51.620117,
 -29.937017 -6.251011 15.481468 42.698898 74.844124 93.767715 85.073280 1.517654 41.422653 65.702835 74.931526 83.333893 93.692291 89.576279 24.456495 77.857010 120.995277 127.202103 105.049980 81.793167 64.262993 40.659210 84.590012 135.367279 160.935028 135.367279 84.590012 40.659210 64.262993 81.793167 105.049980 127.202103 120.995277 77.857010 24.456495 89.576279 93.692291 83.333893 74.931526 65.702835 41.422653 1.517654 85.073280 93.767715 74.844124 42.698898 15.481468 -6.251011 -29.937017,
 -31.691391 53.228897 136.203857 202.432220 240.267120 244.245712 216.737961 47.269066 146.153534 233.942657 291.263062 307.802216 284.802704 231.333984 124.024185 229.379639 317.106537 362.126221 353.180634 300.015137 220.404953 184.258667 283.120270 360.210449 390.404205 360.210449 283.120270 184.258667 220.404953 300.015137 353.180634 362.126221 317.106537 229.379639 124.024185 231.333984 284.802704 307.802216 291.263062 233.942657 146.153534 47.269066 216.737961 244.245712 240.267120 202.432220 136.203857 53.228897 -31.691391,
 -19.929035 11.616055 37.536407 58.388771 88.896065 102.272797 79.206161 3.170700 44.858562 84.905548 96.241211 101.940491 111.201920 87.415787 28.703386 67.915436 120.616119 138.274414 115.260742 100.966064 80.152069 57.159573 84.560997 127.578957 158.905579 127.578957 84.560997 57.159573 80.152069 100.966064 115.260742 138.274414 120.616119 67.915436 28.703386 87.415787 111.201920 101.940491 96.241211 84.905548 44.858562 3.170700 79.206161 102.272797 88.896065 58.388771 37.536407 11.616055 -19.929035,
 -37.911133 -17.335110 6.326706 28.855881 48.208260 61.428249 65.822701 -21.109827 4.354015 32.509518 59.695232 78.879471 82.612793 70.230293 -0.856583 31.161345 67.963982 98.809868 105.868065 86.212349 53.312851 24.784714 63.320198 102.000977 119.937370 102.000977 63.320198 24.784714 53.312851 86.212349 105.868065 98.809868 67.963982 31.161345 -0.856583 70.230293 82.612793 78.879471 59.695232 32.509518 4.354015 -21.109827 65.822701 61.428249 48.208260 28.855881 6.326706 -17.335110 -37.911133,

Pairwise cross-correlations of the modulus of all oriented sub-bands at the same scale (size QxQ)
 119.736931 81.861420 58.306755 86.359665,
 81.861420 106.656898 76.980934 59.451763,
 58.306755 76.980934 107.027649 82.036873,
 86.359665 59.451763 82.036873 111.071960,
 339.306396 232.349060 217.498581 271.306732,
 232.349060 243.359940 206.969345 209.619965,
 217.498581 206.969345 265.657196 239.767975,
 271.306732 209.619965 239.767975 295.745239,
 399.808838 229.857147 212.831909 312.058777,
 229.857147 223.886032 190.708771 198.415817,
 212.831909 190.708771 267.489502 242.186600,
 312.058777 198.415817 242.186600 335.581879,
 160.935059 202.403290 98.602516 100.282242,
 202.403290 390.404205 215.391663 152.252960,
 98.602516 215.391663 158.905609 104.763252,
 100.282242 152.252960 104.763252 119.937355,

Cross-correlations of the modulus of all oriented sub-bands with all oriented sub-bands at the coarser scale (size QxQ)
 177.017929 123.091179 109.163467 144.285355,
 141.068222 141.639359 123.437798 121.806519,
 121.332741 116.879425 144.752045 135.411575,
 148.666397 103.506165 129.602676 158.531876,
 308.817230 198.761032 212.395889 274.604889,
 219.850739 187.644806 193.605377 205.412567,
 205.960281 172.931061 216.103500 230.228271,
 245.400818 174.279694 207.377625 250.482681,
 149.854126 255.025146 155.692551 164.479034,
 133.137527 223.743500 133.442123 113.814102,
 134.093475 226.537170 147.058594 136.455948,
 137.696182 236.844452 159.968018 157.219620,

Cross-correlations of the real part of each oriented sub-band with both the real and imaginary part of all phase-doubled oriented sub-bands at the next coarser scale (Q matrices of size 1x2Q, which are computed and stored in a matrix of size Qx2Q)
 51.182945 19.572538 1.968215 20.144653 1.200369 4.004796 -0.925043 4.618151,
 20.005764 35.599133 16.467367 1.750243 1.643094 1.245855 -3.492580 0.784806,
 1.123686 15.474270 39.716770 19.648827 -0.741149 -0.477242 -4.921339 -3.144247,
 22.932562 2.998244 18.937695 44.962120 -2.637243 0.801584 -2.288189 -1.542125,
 -45.230560 -24.175541 -1.358207 -5.627848 -20.646303 -0.570433 0.545283 9.613670,
 -26.157951 -25.174557 -8.729983 -2.718280 -6.724708 -12.616566 -8.247540 0.771452,
 -0.910179 -6.365315 -35.554653 -18.122011 -0.310591 -10.459219 -1.857019 -2.350126,
 -11.376073 -4.379438 -22.115088 -21.860683 -8.530890 0.536972 3.806393 5.217666,
 -52.019955 -35.639198 1.593052 4.841921 9.294858 -9.548072 -2.982828 10.510086,
 -34.324013 -48.887222 -18.991060 0.538816 11.990545 -42.560471 -13.225277 1.910482,
 -0.762826 -13.253147 -16.883730 2.876368 0.228319 -16.523642 -16.433121 10.236844,
 -9.196427 -3.683946 5.135278 4.413540 -1.399963 1.071269 -5.314408 24.884680,
