Low-band skewness and kurtosis
 -2.175525 6.078892,
 -2.228646 6.799451,
 -1.645415 4.793229,
 -1.448200 4.699004,
 -1.200321 3.502270,

High-band variance
 153.275742,

Skewness, kurtosis, variance, mean, maximum and minimum of the reconstructed texture
 -2.160898 5.818615 6713.179199 221.593140 255.000000 0.000000,

Auto-correlations of the low-frequency bands at each scale
 2286.511719 2962.164307 3474.108154 3712.369141 3621.159912 3251.266357 2706.311523 2912.811768 3751.890381 4479.188965 4823.742188 4603.423340 3986.042236 3238.822510 3428.272461 4472.766602 5497.904297 5985.411133 5577.231445 4615.016602 3615.328613 3697.539307 4835.678223 5994.183594 6526.571777 5994.183594 4835.678223 3697.539307 3615.328613 4615.016602 5577.231445 5985.411133 5497.904297 4472.766602 3428.272461 3238.822510 3986.042236 4603.423340 4823.742188 4479.188965 3751.890381 2912.811768 2706.311523 3251.266357 3621.159912 3712.369141 3474.108154 2962.164307 2286.511719,
 534.217957 646.431519 1051.930908 1412.782959 1436.416260 1295.228760 1228.761719 479.983093 1060.067749 2099.937500 2765.673096 2463.387695 1707.914185 1247.440918 767.571472 2022.130859 3899.890625 4922.068359 4118.378906 2428.077148 1281.013916 1137.507935 2687.390137 4912.649414 6036.438477 4912.649414 2687.390137 1137.507935 1281.013916 2428.077148 4118.378906 4922.068359 3899.890625 2022.130859 767.571472 1247.440918 1707.914185 2463.387695 2765.673096 2099.937500 1060.067749 479.983093 1228.761719 1295.228760 1436.416260 1412.782959 1051.930908 646.431519 534.217957,
 721.934204 812.725647 813.281128 986.705200 1048.872437 1021.127625 1088.293579 698.534424 561.531494 851.792847 1379.325195 1269.509888 971.923706 1134.219238 463.446472 393.199463 1722.359131 2970.442383 2249.891846 1036.639160 1046.258789 651.388306 789.988770 2718.753906 4116.221191 2718.753906 789.988770 651.388306 1046.258789 1036.639160 2249.891846 2970.442383 1722.359131 393.199463 463.446472 1134.219238 971.923706 1269.509888 1379.325195 851.792847 561.531494 698.534424 1088.293579 1021.127625 1048.872437 986.705200 813.281128 812.725647 721.934204,
 333.916321 447.783142 484.696228 653.505676 829.916809 922.811707 825.527771 332.552917 379.023590 528.462524 890.490906 1038.476318 937.409790 705.448303 320.169861 467.906006 986.932251 1565.780273 1426.635132 937.292236 603.418579 476.882690 794.711182 1533.788086 2043.292480 1533.788086 794.711182 476.882690 603.418579 937.292236 1426.635132 1565.780273 986.932251 467.906006 320.169861 705.448303 937.409790 1038.476318 890.490906 528.462524 379.023590 332.552917 825.527771 922.811707 829.916809 653.505676 484.696228 447.783142 333.916321,
 -579.901306 -422.993134 -159.575104 83.704498 180.980194 54.523193 -240.581711 -617.878784 -307.709137 127.730072 503.476227 628.215942 373.898468 -146.545135 -545.042358 -63.989014 595.293396 1046.044067 965.241516 425.325836 -216.414566 -388.364502 221.387329 958.316772 1308.559326 958.316772 221.387329 -388.364502 -216.414566 425.325836 965.241516 1046.044067 595.293396 -63.989014 -545.042358 -146.545135 373.898468 628.215942 503.476227 127.730072 -307.709137 -617.878784 -240.581711 54.523193 180.980194 83.704498 -159.575104 -422.993134 -579.901306,

Auto-correlations of the modulus of each oriented sub-band
 62.088348 72.242722 81.981087 86.711380 84.304665 76.714676 68.367935 81.754356 95.935143 109.017883 114.848557 110.616302 98.965279 85.874229 100.741142 119.159058 135.755020 142.729095 136.503525 120.561081 102.587624 109.492172 129.897141 148.208862 155.706924 148.208862 129.897141 109.492172 102.587624 120.561081 136.503525 142.729095 135.755020 119.159058 100.741142 85.874229 98.965279 110.616302 114.848557 109.017883 95.935143 81.754356 68.367935 76.714676 84.304665 86.711380 81.981087 72.242722 62.088348,
 101.953606 106.615669 106.454208 100.454681 90.055008 77.537895 65.103615 105.393501 121.411850 131.571762 129.927765 116.906006 97.546082 77.415794 104.990387 130.684418 151.406601 156.104706 141.954239 116.769760 89.850296 99.681137 129.248123 155.793060 167.154480 155.793060 129.248123 99.681137 89.850296 116.769760 141.954239 156.104706 151.406601 130.684418 104.990387 77.415794 97.546082 116.906006 129.927765 131.571762 121.411850 105.393501 65.103615 77.537895 90.055008 100.454681 106.454208 106.615669 101.953606,
 76.991402 97.209038 116.226677 124.922363 118.087502 100.843834 81.842369 85.946510 111.070946 135.136581 146.098328 136.495743 113.782890 89.662437 94.761833 123.966995 152.306625 165.284454 153.010757 125.412338 96.788979 99.079727 129.696533 159.518341 173.177658 159.518341 129.696533 99.079727 96.788979 125.412338 153.010757 165.284454 152.306625 123.966995 94.761833 89.662437 113.782890 136.495743 146.098328 135.136581 111.070946 85.946510 81.842369 100.843834 118.087502 124.922363 116.226677 97.209038 76.991402,
 57.194675 70.631287 83.542404 93.561050 98.496170 97.470245 91.966248 70.592659 90.312683 108.780922 120.663712 121.455238 111.346024 96.217369 83.245232 108.586060 132.009491 144.782394 139.949249 120.560425 96.907570 92.573494 119.935303 144.483948 154.958511 144.483948 119.935303 92.573494 96.907570 120.560425 139.949249 144.782394 132.009491 108.586060 83.245232 96.217369 111.346024 121.455238 120.663712 108.780922 90.312683 70.592659 91.966248 97.470245 98.496170 93.561050 83.542404 70.631287 57.194675,
 135.745178 148.636108 160.994064 170.791946 176.131943 176.162689 171.182068 186.931335 212.922195 236.835052 250.853790 250.138336 237.580307 219.408203 253.965759 297.601440 336.722382 355.118896 343.181061 309.992554 271.078247 290.220825 341.504333 387.594055 407.387817 387.594055 341.504333 290.220825 271.078247 309.992554 343.181061 355.118896 336.722382 297.601440 253.965759 219.408203 237.580307 250.138336 250.853790 236.835052 212.922195 186.931335 171.182068 176.162689 176.131943 170.791946 160.994064 148.636108 135.745178,
 242.712433 278.610535 282.286530 256.663208 214.876740 171.229477 135.527222 260.157532 324.487976 352.823151 330.913513 272.007782 205.360901 152.024033 249.205170 339.915680 408.018005 412.313599 348.143250 257.245087 179.516388 216.577545 312.218353 407.782471 451.013306 407.782471 312.218353 216.577545 179.516388 257.245087 348.143250 412.313599 408.018005 339.915680 249.205170 152.024033 205.360901 272.007782 330.913513 352.823151 324.487976 260.157532 135.527222 171.229477 214.876740 256.663208 282.286530 278.610535 242.712433,
 161.725372 238.725616 325.309845 368.342926 337.164520 258.963867 181.981262 171.453842 267.424683 375.473969 427.213135 382.076813 279.500610 184.299149 179.278717 290.601196 418.186951 478.974976 420.793823 296.218201 185.825531 184.440308 301.414673 436.326660 500.984406 436.326660 301.414673 184.440308 185.825531 296.218201 420.793823 478.974976 418.186951 290.601196 179.278717 184.299149 279.500610 382.076813 427.213135 375.473969 267.424683 171.453842 181.981262 258.963867 337.164520 368.342926 325.309845 238.725616 161.725372,
 112.681168 142.882629 188.976456 241.059372 275.809937 274.239929 240.619034 127.157585 177.679718 249.254959 318.272583 347.423248 321.066986 260.556519 159.725418 235.920288 330.874847 401.778107 402.263519 335.882568 248.203903 206.631088 300.630493 397.214203 441.126587 397.214203 300.630493 206.631088 248.203903 335.882568 402.263519 401.778107 330.874847 235.920288 159.725418 260.556519 321.066986 347.423248 318.272583 249.254959 177.679718 127.157585 240.619034 274.239929 275.809937 241.059372 188.976456 142.882629 112.681168,
 160.730057 178.886978 192.226990 197.862427 194.431335 184.424057 171.413681 185.564941 227.060257 265.951935 286.157043 279.600800 254.604416 226.024048 253.922928 340.707855 425.687988 468.104889 444.904175 375.224396 298.695007 318.334839 430.197693 538.351318 585.378479 538.351318 430.197693 318.334839 298.695007 375.224396 444.904175 468.104889 425.687988 340.707855 253.922928 226.024048 254.604416 279.600800 286.157043 265.951935 227.060257 185.564941 171.413681 184.424057 194.431335 197.862427 192.226990 178.886978 160.730057,
 214.657043 248.000000 252.859207 228.358398 201.871872 190.950867 181.687988 252.950745 336.049866 372.723297 332.897797 257.915741 207.360916 192.302277 260.488525 393.790070 507.269318 502.343475 387.002777 267.220001 210.782196 236.960968 354.911987 516.139954 597.973999 516.139954 354.911987 236.960968 210.782196 267.220001 387.002777 502.343475 507.269318 393.790070 260.488525 192.302277 207.360916 257.915741 332.897797 372.723297 336.049866 252.950745 181.687988 190.950867 201.871872 228.358398 252.859207 248.000000 214.657043,
 118.245415 140.554626 163.303528 175.614685 156.208618 122.795494 104.484962 113.802284 156.654602 230.195419 277.997742 224.790604 135.068207 98.649254 110.211998 169.046494 297.406128 383.965515 294.597046 154.346970 99.381020 104.939720 168.909729 325.733948 431.798340 325.733948 168.909729 104.939720 99.381020 154.346970 294.597046 383.965515 297.406128 169.046494 110.211998 98.649254 135.068207 224.790604 277.997742 230.195419 156.654602 113.802284 104.484962 122.795494 156.208618 175.614685 163.303528 140.554626 118.245415,
 106.233467 122.490387 135.136108 151.759918 163.736267 158.596222 139.524857 127.642166 148.348206 179.667633 221.234512 238.986938 211.173584 161.516586 141.500748 188.320831 269.212219 345.823456 343.692322 262.464203 174.034103 159.243179 245.251251 361.044495 422.197998 361.044495 245.251251 159.243179 174.034103 262.464203 343.692322 345.823456 269.212219 188.320831 141.500748 161.516586 211.173584 238.986938 221.234512 179.667633 148.348206 127.642166 139.524857 158.596222 163.736267 151.759918 135.136108 122.490387 106.233467,
 12.960871 22.137897 29.081158 33.687653 32.661797 24.860966 12.876595 17.927158 36.158302 48.475243 50.108242 39.974342 22.452206 4.109424 19.196762 52.640495 83.157562 91.176361 69.451035 34.845291 4.863244 13.988063 54.809113 100.823509 123.326950 100.823509 54.809113 13.988063 4.863244 34.845291 69.451035 91.176361 83.157562 52.640495 19.196762 4.109424 22.452206 39.974342 50.108242 48.475243 36.158302 17.927158 12.876595 24.860966 32.661797 33.687653 29.081158 22.137897 12.960871,
 3.979774 37.249023 64.883232 87.875381 98.580070 90.687393 71.950951 29.630661 76.182167 112.309921 127.335228 127.831879 114.257652 85.942062 57.261436 113.105316 167.027069 183.366241 161.124451 127.373535 89.174446 78.880196 129.549072 185.596252 214.592224 185.596252 129.549072 78.880196 89.174446 127.373535 161.124451 183.366241 167.027069 113.105316 57.261436 85.942062 114.257652 127.831879 127.335228 112.309921 76.182167 29.630661 71.950951 90.687393 98.580070 87.875381 64.883232 37.249023 3.979774,
 15.336446 26.314629 41.115631 48.348022 39.414429 27.842819 16.555565 29.439743 44.925808 67.639420 78.532120 59.699539 37.022175 19.927654 32.551414 54.048466 89.961006 110.790771 82.180595 45.950420 23.944090 28.771065 52.895252 95.658783 125.884537 95.658783 52.895252 28.771065 23.944090 45.950420 82.180595 110.790771 89.961006 54.048466 32.551414 19.927654 37.022175 59.699539 78.532120 67.639420 44.925808 29.439743 16.555565 27.842819 39.414429 48.348022 41.115631 26.314629 15.336446,
 -0.456199 11.071568 10.955387 7.370057 12.545158 16.527534 9.524699 -4.704328 2.873235 7.251610 20.379330 30.226151 20.259304 2.063651 -8.194956 -0.765244 22.990826 55.222755 53.308041 20.562550 -3.199341 -7.474549 9.017121 50.256561 78.478661 50.256561 9.017121 -7.474549 -3.199341 20.562550 53.308041 55.222755 22.990826 -0.765244 -8.194956 2.063651 20.259304 30.226151 20.379330 7.251610 2.873235 -4.704328 9.524699 16.527534 12.545158 7.370057 10.955387 11.071568 -0.456199,

Pairwise cross-correlations of the modulus of all oriented sub-bands at the same scale (size QxQ)
 155.706924 105.164711 61.441952 104.571045,
 105.164711 167.154480 113.604576 64.721497,
 61.441952 113.604576 173.177673 107.830559,
 104.571045 64.721497 107.830559 154.958542,
 407.387817 335.815735 310.886597 334.727783,
 335.815735 451.013275 380.718109 311.147308,
 310.886597 380.718109 500.984436 380.072815,
 334.727783 311.147308 380.072815 441.126617,
 585.378540 449.201538 328.315002 371.351196,
 449.201538 597.974121 398.520142 305.176270,
 328.315002 398.520142 431.798340 294.704681,
 371.351196 305.176270 294.704681 422.198059,
 123.326950 100.144775 48.690407 41.564453,
 100.144775 214.592239 112.212196 35.665764,
 48.690407 112.212196 125.884537 50.632679,
 41.564453 35.665764 50.632679 78.478653,

Cross-correlations of the modulus of all oriented sub-bands with all oriented sub-bands at the coarser scale (size QxQ)
 216.191162 181.686127 151.655579 182.855988,
 182.217972 233.536484 204.328537 157.382507,
 145.708298 192.777771 253.419098 191.075500,
 181.915741 152.022476 197.265060 223.255493,
 404.585632 342.692017 270.772095 308.280823,
 360.705566 390.584747 316.743286 281.961365,
 355.423248 377.002350 355.062897 318.816956,
 354.571686 320.700287 301.710815 320.514160,
 157.202850 212.018051 148.021576 95.359024,
 152.357300 221.783539 158.126907 93.013725,
 124.719170 160.261841 118.834961 70.222595,
 119.024307 159.856964 123.959045 85.267906,

Cross-correlations of the real part of each oriented sub-band with both the real and imaginary part of all phase-doubled oriented sub-bands at the next coarser scale (Q matrices of size 1x2Q, which are computed and stored in a matrix of size Qx2Q)
 81.591103 37.660664 3.054824 34.777580 0.832079 -1.196490 0.250417 -0.477605,
 35.613609 93.032944 43.014458 3.292033 -0.014524 -2.793973 -2.334648 -0.511084,
 2.947695 46.119991 95.459541 39.664059 -0.725540 -0.984036 -1.451330 0.691014,
 35.947895 4.460872 39.143230 85.309410 -0.781132 0.165606 1.537908 0.867264,
 -217.824219 -99.756104 -6.606655 -70.734001 -14.520802 -4.169816 3.126638 6.933781,
 -102.626572 -193.439087 -81.129433 -10.128950 -11.461702 1.509634 -12.913847 -1.940774,
 -7.053136 -82.034431 -154.888000 -46.561886 0.207861 2.605620 -13.603894 7.777537,
 -86.141121 -11.502732 -53.323563 -120.071762 0.844741 -0.723718 7.995606 24.851864,
 -108.640526 -48.189072 -3.998554 -19.487898 -56.758224 -36.282234 1.373501 -4.241896,
 -56.064457 -69.743317 -37.244835 -6.022116 -52.412148 -13.440420 12.796320 0.886783,
 -4.508718 -17.738085 -87.657578 -19.938354 -4.590424 11.708006 23.455406 -2.197521,
 -37.042831 -3.632733 -33.432098 -33.385643 -6.909059 -3.014139 8.520472 -14.231818,
