Low-band skewness and kurtosis
 -2.136385 5.913293,
 -2.213436 6.763064,
 -1.557402 4.531116,
 -1.016483 3.090541,
 -0.937082 2.835832,

High-band variance
 156.072479,

Skewness, kurtosis, variance, mean, maximum and minimum of the reconstructed texture
 -2.122307 5.655756 6824.127930 220.825806 255.000000 0.000000,

Auto-correlations of the low-frequency bands at each scale
 2601.289307 3254.827393 3708.213379 3805.609375 3502.037598 2914.987549 2195.413818 3071.563477 3953.258057 4687.917480 4932.086914 4512.807129 3682.212646 2769.593750 3379.772705 4523.748535 5636.227051 6097.690430 5532.566895 4370.868652 3218.652100 3441.608398 4713.432617 6029.360840 6634.422852 6029.360840 4713.432617 3441.608398 3218.652100 4370.868652 5532.566895 6097.690430 5636.227051 4523.748535 3379.772705 2769.593750 3682.212646 4512.807129 4932.086914 4687.917480 3953.258057 3071.563477 2195.413818 2914.987549 3502.037598 3805.609375 3708.213379 3254.827393 2601.289307,
 946.956421 1069.697510 1419.707275 1541.695312 1165.147705 740.923401 736.067505 1006.553101 1539.331787 2495.888184 2885.663574 2123.137207 1030.840088 623.042236 964.198303 2164.913086 4088.670654 5004.868164 3837.253174 1810.684814 672.903992 834.166504 2370.194580 4826.620605 6101.270996 4826.620605 2370.194580 834.166504 672.903992 1810.684814 3837.253174 5004.868164 4088.670654 2164.913086 964.198303 623.042236 1030.840088 2123.137207 2885.663574 2495.888184 1539.331787 1006.553101 736.067505 740.923401 1165.147705 1541.695312 1419.707275 1069.697510 946.956421,
 878.374573 720.780457 697.514099 906.288757 895.383118 781.273499 865.658630 937.863892 742.459595 1015.463257 1327.656982 912.925415 551.884155 738.510132 673.334717 772.626892 2028.794678 2929.048340 1871.019043 643.798889 614.621582 522.719238 815.962036 2662.724121 4016.418945 2662.724121 815.962036 522.719238 614.621582 643.798889 1871.019043 2929.048340 2028.794678 772.626892 673.334717 738.510132 551.884155 912.925415 1327.656982 1015.463257 742.459595 937.863892 865.658630 781.273499 895.383118 906.288757 697.514099 720.780457 878.374573,
 303.452332 351.431305 437.772522 744.822449 996.875183 898.018311 560.524902 525.256287 547.372559 603.709229 882.148560 934.511230 703.988770 527.382141 581.316528 720.702881 1130.167969 1514.490967 1134.029297 539.315674 412.598938 473.106903 664.312866 1419.228638 1974.732178 1419.228638 664.312866 473.106903 412.598938 539.315674 1134.029297 1514.490967 1130.167969 720.702881 581.316528 527.382141 703.988770 934.511230 882.148560 603.709229 547.372559 525.256287 560.524902 898.018311 996.875183 744.822449 437.772522 351.431305 303.452332,
 -659.122314 -329.945831 -14.203804 178.232086 169.591980 -111.542603 -512.180664 -527.938110 -160.862961 272.755981 576.603699 531.470520 136.400314 -335.493896 -318.623474 111.550629 669.187195 1023.577393 853.912537 318.837280 -188.561523 -174.102478 314.698975 922.499878 1225.879150 922.499878 314.698975 -174.102478 -188.561523 318.837280 853.912537 1023.577393 669.187195 111.550629 -318.623474 -335.493896 136.400314 531.470520 576.603699 272.755981 -160.862961 -527.938110 -512.180664 -111.542603 169.591980 178.232086 -14.203804 -329.945831 -659.122314,

Auto-correlations of the modulus of each oriented sub-band
 84.603981 94.028946 102.349510 105.320068 101.094490 91.836700 82.202278 104.709816 119.162270 131.928360 136.878815 131.247910 117.935020 103.419899 123.968796 143.571487 161.071869 168.160919 160.927307 143.162735 123.413895 132.083725 154.237640 174.250763 182.474609 174.250763 154.237640 132.083725 123.413895 143.162735 160.927307 168.160919 161.071869 143.571487 123.968796 103.419899 117.935020 131.247910 136.878815 131.928360 119.162270 104.709816 82.202278 91.836700 101.094490 105.320068 102.349510 94.028946 84.603981,
 99.058151 103.391365 103.962349 98.883499 88.743126 76.043571 63.542164 103.813889 118.694000 128.849854 128.049805 115.607391 96.506104 76.632034 104.828026 129.117798 149.207260 154.239105 140.688583 116.085838 89.862129 100.104813 128.522156 154.295288 165.377960 154.295288 128.522156 100.104813 89.862129 116.085838 140.688583 154.239105 149.207260 129.117798 104.828026 76.632034 96.506104 115.607391 128.049805 128.849854 118.694000 103.813889 63.542164 76.043571 88.743126 98.883499 103.962349 103.391365 99.058151,
 67.754547 88.018860 107.613632 116.895538 109.339264 89.302765 67.300568 73.985283 100.339485 125.957123 137.594330 126.697662 100.646843 73.550331 79.778412 111.249748 142.230377 156.258881 142.404938 111.159523 79.523254 82.083542 115.561829 148.819916 163.941071 148.819916 115.561829 82.083542 79.523254 111.159523 142.404938 156.258881 142.230377 111.249748 79.778412 73.550331 100.646843 126.697662 137.594330 125.957123 100.339485 73.985283 67.300568 89.302765 109.339264 116.895538 107.613632 88.018860 67.754547,
 86.898407 98.955200 109.811768 117.831467 121.522888 120.370575 115.609970 99.015495 118.894394 136.644760 147.197083 146.747238 136.067368 120.794456 110.392998 137.065628 160.936157 173.219788 167.489594 147.105270 122.311150 118.779694 147.799271 173.428375 184.233704 173.428375 147.799271 118.779694 122.311150 147.105270 167.489594 173.219788 160.936157 137.065628 110.392998 120.794456 136.067368 146.747238 147.197083 136.644760 118.894394 99.015495 115.609970 120.370575 121.522888 117.831467 109.811768 98.955200 86.898407,
 245.374100 265.379303 283.579468 294.947479 294.287720 282.967499 265.910431 298.491028 336.459167 368.755676 384.502045 376.423279 349.991516 316.092651 360.907166 421.098328 472.585022 495.080139 476.671814 429.220947 372.572937 394.176208 463.937927 524.376953 549.859985 524.376953 463.937927 394.176208 372.572937 429.220947 476.671814 495.080139 472.585022 421.098328 360.907166 316.092651 349.991516 376.423279 384.502045 368.755676 336.459167 298.491028 265.910431 282.967499 294.287720 294.947479 283.579468 265.379303 245.374100,
 237.523865 256.574219 250.804642 225.380966 194.029953 170.243958 157.878571 268.743744 314.802032 327.843842 300.073242 246.538971 194.255249 161.218002 267.451691 345.330750 399.187195 393.926086 331.629456 250.258484 185.168915 230.039810 316.899841 403.486511 442.437378 403.486511 316.899841 230.039810 185.168915 250.258484 331.629456 393.926086 399.187195 345.330750 267.451691 161.218002 194.255249 246.538971 300.073242 327.843842 314.802032 268.743744 157.878571 170.243958 194.029953 225.380966 250.804642 256.574219 237.523865,
 163.782959 212.610504 290.194305 347.613525 327.096222 250.272552 183.683289 172.402832 235.309265 334.350922 401.876160 364.501801 262.675354 183.035248 177.564148 256.617218 377.004852 451.088989 394.175812 270.976410 181.801727 180.238968 269.927185 400.849243 472.358368 400.849243 269.927185 180.238968 181.801727 270.976410 394.175812 451.088989 377.004852 256.617218 177.564148 183.035248 262.675354 364.501801 401.876160 334.350922 235.309265 172.402832 183.683289 250.272552 327.096222 347.613525 290.194305 212.610504 163.782959,
 197.615051 238.771240 285.631226 332.677795 365.505432 369.263550 340.847900 225.866302 286.729797 358.409332 422.255341 449.703339 426.970886 367.560455 266.610626 351.933685 447.617401 515.298828 514.830139 448.901154 357.595184 316.145447 417.006897 514.788696 557.923096 514.788696 417.006897 316.145447 357.595184 448.901154 514.830139 515.298828 447.617401 351.933685 266.610626 367.560455 426.970886 449.703339 422.255341 358.409332 286.729797 225.866302 340.847900 369.263550 365.505432 332.677795 285.631226 238.771240 197.615051,
 214.607956 237.452377 258.067596 266.506531 259.326691 241.512466 217.386093 250.205719 301.960236 347.938263 365.833069 345.079926 298.099518 244.288849 285.185516 385.154694 482.469727 523.784302 481.241699 383.953217 282.284454 301.986938 431.133850 562.239685 621.207764 562.239685 431.133850 301.986938 282.284454 383.953217 481.241699 523.784302 482.469727 385.154694 285.185516 244.288849 298.099518 345.079926 365.833069 347.938263 301.960236 250.205719 217.386093 241.512466 259.326691 266.506531 258.067596 237.452377 214.607956,
 121.927383 156.047028 179.482315 175.265381 149.988388 118.277954 88.601288 157.642792 222.256348 265.104767 251.980835 200.618256 146.759644 104.748474 166.590042 271.486145 367.061310 373.546997 288.227936 189.830093 121.855850 143.996567 247.290237 378.440308 446.802521 378.440308 247.290237 143.996567 121.855850 189.830093 288.227936 373.546997 367.061310 271.486145 166.590042 104.748474 146.759644 200.618256 251.980835 265.104767 222.256348 157.642792 88.601288 118.277954 149.988388 175.265381 179.482315 156.047028 121.927383,
 114.205048 145.135452 195.080444 233.797226 215.325104 156.575943 100.925659 109.177994 151.116974 241.844574 307.466156 263.876190 168.308563 101.915588 106.531845 163.103287 296.039276 387.456329 309.457184 175.276169 103.894241 105.567230 173.780548 325.188110 424.492126 325.188110 173.780548 105.567230 103.894241 175.276169 309.457184 387.456329 296.039276 163.103287 106.531845 101.915588 168.308563 263.876190 307.466156 241.844574 151.116974 109.177994 100.925659 156.575943 215.325104 233.797226 195.080444 145.135452 114.205048,
 195.784973 216.207474 246.697052 275.987183 275.515656 235.227585 180.014709 199.069748 238.167404 302.685364 360.836792 358.956116 285.821808 195.690689 199.432877 277.656067 398.792999 493.483765 467.856415 339.998230 214.135178 210.719009 331.951691 491.484070 574.300415 491.484070 331.951691 210.719009 214.135178 339.998230 467.856415 493.483765 398.792999 277.656067 199.432877 195.690689 285.821808 358.956116 360.836792 302.685364 238.167404 199.069748 180.014709 235.227585 275.515656 275.987183 246.697052 216.207474 195.784973,
 17.108467 20.398563 22.863701 20.365280 14.671104 9.563158 5.102082 27.689459 38.122345 49.085789 51.009647 41.221531 25.793402 10.617571 39.942665 69.866585 100.856041 113.992775 98.721367 65.400688 30.611006 50.063721 95.629013 140.961441 161.345825 140.961441 95.629013 50.063721 30.611006 65.400688 98.721367 113.992775 100.856041 69.866585 39.942665 10.617571 25.793402 41.221531 51.009647 49.085789 38.122345 27.689459 5.102082 9.563158 14.671104 20.365280 22.863701 20.398563 17.108467,
 16.137287 38.779896 49.449684 42.930428 30.614883 22.984306 17.002335 21.074747 47.644157 67.624565 66.231270 49.498360 33.863190 20.338427 26.836279 62.410141 98.315880 107.328888 82.492043 50.792877 24.920942 27.943081 64.137856 107.669510 130.835495 107.669510 64.137856 27.943081 24.920942 50.792877 82.492043 107.328888 98.315880 62.410141 26.836279 20.338427 33.863190 49.498360 66.231270 67.624565 47.644157 21.074747 17.002335 22.984306 30.614883 42.930428 49.449684 38.779896 16.137287,
 0.649223 22.728271 43.969486 56.567192 52.059772 34.630730 10.205946 8.229142 35.188450 65.744202 85.167938 74.256348 45.492435 13.498080 13.418786 46.830070 89.178566 116.809822 96.204674 54.338905 15.822692 15.784665 54.655273 102.831253 131.777802 102.831253 54.655273 15.784665 15.822692 54.338905 96.204674 116.809822 89.178566 46.830070 13.418786 13.498080 45.492435 74.256348 85.167938 65.744202 35.188450 8.229142 10.205946 34.630730 52.059772 56.567192 43.969486 22.728271 0.649223,
 28.338573 63.215981 71.241699 61.801704 47.347183 20.532656 -12.102296 25.486374 62.258247 83.167480 94.418594 84.943512 44.000443 -1.419041 16.438566 58.512577 104.104866 137.620636 120.156349 60.347042 4.993402 8.662817 61.523853 126.340904 161.293671 126.340904 61.523853 8.662817 4.993402 60.347042 120.156349 137.620636 104.104866 58.512577 16.438566 -1.419041 44.000443 84.943512 94.418594 83.167480 62.258247 25.486374 -12.102296 20.532656 47.347183 61.801704 71.241699 63.215981 28.338573,

Pairwise cross-correlations of the modulus of all oriented sub-bands at the same scale (size QxQ)
 182.474640 114.748100 66.308220 125.153473,
 114.748100 165.377975 106.958763 71.946922,
 66.308220 106.958763 163.941101 116.245636,
 125.153473 71.946922 116.245636 184.233704,
 549.859985 387.269531 348.450867 454.181183,
 387.269531 442.437439 355.048889 344.719116,
 348.450867 355.048889 472.358429 408.842651,
 454.181183 344.719116 408.842651 557.923096,
 621.207764 359.864044 302.511658 428.558533,
 359.864044 446.802551 321.230682 291.580383,
 302.511658 321.230682 424.492188 355.937592,
 428.558533 291.580383 355.937592 574.300415,
 161.345825 101.595291 50.258553 87.543137,
 101.595291 130.835495 65.011688 70.600769,
 50.258553 65.011688 131.777786 112.665382,
 87.543137 70.600769 112.665382 161.293686,

Cross-correlations of the modulus of all oriented sub-bands with all oriented sub-bands at the coarser scale (size QxQ)
 271.772186 194.702026 152.115143 226.303345,
 214.619034 234.204163 193.558563 181.925018,
 172.394577 179.715393 234.903580 208.954605,
 229.815460 160.178772 205.083694 275.497528,
 422.635162 336.571411 293.900421 346.381531,
 334.101440 326.834351 302.145477 275.360657,
 319.423004 315.214813 331.464386 303.847107,
 393.007538 312.489197 338.554413 402.296204,
 172.714951 130.708847 122.060104 143.574173,
 102.645805 129.185776 125.981201 111.728302,
 102.717422 121.706734 140.350250 141.197952,
 160.763489 132.218018 157.043777 195.916794,

Cross-correlations of the real part of each oriented sub-band with both the real and imaginary part of all phase-doubled oriented sub-bands at the next coarser scale (Q matrices of size 1x2Q, which are computed and stored in a matrix of size Qx2Q)
 133.658142 49.812286 3.071193 59.146507 -1.023289 -1.183082 -0.129149 2.745125,
 54.097660 100.560684 38.327305 6.205324 0.173387 -1.306469 -1.957917 0.296864,
 5.101452 40.907219 94.166252 48.527821 -0.063984 -2.142033 -1.516757 1.341844,
 62.052353 5.324334 42.871727 118.466423 -0.658297 -1.012946 0.388496 4.468968,
 -179.744675 -66.933662 -12.477552 -79.575005 2.074357 -8.411097 0.494078 8.967915,
 -78.581520 -138.813095 -50.121613 -10.628858 -1.948888 4.189692 -5.135344 1.960595,
 -12.174127 -60.574024 -93.069435 -62.977886 0.831902 3.053168 -17.473343 17.283085,
 -84.761002 -7.558466 -53.619316 -154.908707 4.157564 -3.203568 -6.959420 25.634998,
 -126.817062 -41.169235 -5.732004 -64.669220 29.557285 28.911667 0.795163 -19.357264,
 -51.093365 -75.385162 -29.501812 -6.502050 24.443289 33.593697 17.399548 2.089916,
 -6.404444 -31.808327 -78.041306 -53.678329 2.734598 8.921387 28.567266 -13.256556,
 -58.553596 -5.049767 -45.375999 -132.242279 5.827868 4.310791 4.491228 -42.455425,
