Low-band skewness and kurtosis
 -2.128516 5.883896,
 -2.203871 6.732047,
 -1.559085 4.521183,
 -1.297886 3.904208,
 -0.981385 2.841147,

High-band variance
 159.704910,

Skewness, kurtosis, variance, mean, maximum and minimum of the reconstructed texture
 -2.112150 5.613373 6847.510742 220.612488 255.000000 0.000000,

Auto-correlations of the low-frequency bands at each scale
 2477.939453 3049.926758 3478.579346 3655.468750 3525.087646 3135.713867 2581.576172 3055.901855 3835.854492 4525.431152 4828.004883 4556.135254 3897.031738 3132.280762 3483.404297 4529.572754 5586.603027 6073.208008 5604.869629 4565.665527 3526.266602 3659.098633 4839.166016 6078.712891 6653.378418 6078.712891 4839.166016 3659.098633 3526.266602 4565.665527 5604.869629 6073.208008 5586.603027 4529.572754 3483.404297 3132.280762 3897.031738 4556.135254 4828.004883 4525.431152 3835.854492 3055.901855 2581.576172 3135.713867 3525.087646 3655.468750 3478.579346 3049.926758 2477.939453,
 1062.215088 1106.339600 1244.567139 1401.533447 1397.938965 1309.061768 1314.208496 1044.913574 1452.966675 2221.993896 2702.874268 2331.854736 1581.509644 1214.071045 1150.632812 2219.568604 3972.164307 4928.716797 4038.661865 2299.793701 1260.589844 1284.661621 2694.575684 4941.133789 6112.426270 4941.133789 2694.575684 1284.661621 1260.589844 2299.793701 4038.661865 4928.716797 3972.164307 2219.568604 1150.632812 1214.071045 1581.509644 2331.854736 2702.874268 2221.993896 1452.966675 1044.913574 1314.208496 1309.061768 1397.938965 1401.533447 1244.567139 1106.339600 1062.215088,
 1330.630249 1073.157593 760.771484 736.712280 925.057617 1049.542603 974.766724 1218.272217 844.891968 914.231689 1250.813721 1212.369141 1046.324585 1008.303162 852.364624 869.234497 1994.265137 2966.061523 2273.864746 1164.194214 866.926392 710.633057 1131.286133 2878.448730 4091.761963 2878.448730 1131.286133 710.633057 866.926392 1164.194214 2273.864746 2966.061523 1994.265137 869.234497 852.364624 1008.303162 1046.324585 1212.369141 1250.813721 914.231689 844.891968 1218.272217 974.766724 1049.542603 925.057617 736.712280 760.771484 1073.157593 1330.630249,
 183.074173 465.226990 560.668518 471.072845 487.395203 645.000793 638.189819 388.911865 725.925720 915.048523 882.807678 744.974670 744.091858 798.113525 455.767670 840.626587 1390.875977 1663.052734 1270.885498 831.486572 760.491455 563.717285 870.120850 1628.475586 2134.419434 1628.475586 870.120850 563.717285 760.491455 831.486572 1270.885498 1663.052734 1390.875977 840.626587 455.767670 798.113525 744.091858 744.974670 882.807678 915.048523 725.925720 388.911865 638.189819 645.000793 487.395203 471.072845 560.668518 465.226990 183.074173,
 -619.308289 -479.681976 -347.630615 -232.625458 -74.826416 -35.276825 -262.359619 -490.112061 -291.173706 30.656281 257.495789 350.883698 285.785461 6.880493 -307.292816 64.702835 695.352478 1052.340942 876.484192 437.680054 39.581085 -114.889526 358.400787 1092.708496 1475.160889 1092.708496 358.400787 -114.889526 39.581085 437.680054 876.484192 1052.340942 695.352478 64.702835 -307.292816 6.880493 285.785461 350.883698 257.495789 30.656281 -291.173706 -490.112061 -262.359619 -35.276825 -74.826416 -232.625458 -347.630615 -479.681976 -619.308289,

Auto-correlations of the modulus of each oriented sub-band
 72.976105 82.278374 91.409996 95.676285 92.815956 84.746376 76.000031 94.002045 108.378792 121.733139 127.471756 122.552948 109.811882 95.801773 115.363205 135.013016 152.863052 160.267822 153.261337 135.727768 116.332169 125.204315 147.261383 167.340469 175.598846 167.340469 147.261383 125.204315 116.332169 135.727768 153.261337 160.267822 152.863052 135.013016 115.363205 95.801773 109.811882 122.552948 127.471756 121.733139 108.378792 94.002045 76.000031 84.746376 92.815956 95.676285 91.409996 82.278374 72.976105,
 112.732483 115.689072 115.143951 109.695572 99.690414 87.114395 74.527039 116.962608 132.258728 142.347656 141.438629 128.860382 108.973839 87.838264 117.135757 143.767822 165.179977 170.427948 156.313919 129.939453 101.163330 111.658752 143.221924 171.153503 182.896744 171.153503 143.221924 111.658752 101.163330 129.939453 156.313919 170.427948 165.179977 143.767822 117.135757 87.838264 108.973839 128.860382 141.438629 142.347656 132.258728 116.962608 74.527039 87.114395 99.690414 109.695572 115.143951 115.689072 112.732483,
 73.007790 94.262047 116.187729 126.638466 118.140884 97.447395 76.671852 81.983345 107.972389 134.965790 147.952225 137.019196 111.267632 85.628838 91.186157 121.389893 152.705399 167.710770 154.024216 123.475861 93.448547 95.829941 127.689949 160.503265 175.913300 160.503265 127.689949 95.829941 93.448547 123.475861 154.024216 167.710770 152.705399 121.389893 91.186157 85.628838 111.267632 137.019196 147.952225 134.965790 107.972389 81.983345 76.671852 97.447395 118.140884 126.638466 116.187729 94.262047 73.007790,
 77.393959 91.408279 105.045570 115.761963 121.300468 120.976547 116.095329 90.552818 112.423752 133.036880 146.184509 147.065109 136.065857 119.071281 102.938530 132.126404 158.944534 173.348114 167.979691 145.990540 118.301918 112.716171 144.825745 173.047089 184.841309 173.047089 144.825745 112.716171 118.301918 145.990540 167.979691 173.348114 158.944534 132.126404 102.938530 119.071281 136.065857 147.065109 146.184509 133.036880 112.423752 90.552818 116.095329 120.976547 121.300468 115.761963 105.045570 91.408279 77.393959,
 191.844406 198.444458 206.173370 211.839127 211.655365 204.866364 193.854263 227.054779 254.276398 279.651947 294.719238 292.782257 274.905975 247.664093 290.123260 342.688965 388.903473 411.773865 400.444305 361.593994 310.574554 333.125427 397.931610 452.729004 475.444427 452.729004 397.931610 333.125427 310.574554 361.593994 400.444305 411.773865 388.903473 342.688965 290.123260 247.664093 274.905975 292.782257 294.719238 279.651947 254.276398 227.054779 193.854263 204.866364 211.655365 211.839127 206.173370 198.444458 191.844406,
 316.982513 331.189819 318.192810 282.461731 243.185043 214.735977 196.821930 338.726990 386.064972 400.898010 368.275543 307.837341 252.948456 217.445923 325.493713 401.191284 460.134460 456.420776 389.608215 307.966187 248.105240 288.247131 367.444336 455.131104 497.255920 455.131104 367.444336 288.247131 248.105240 307.966187 389.608215 456.420776 460.134460 401.191284 325.493713 217.445923 252.948456 307.837341 368.275543 400.898010 386.064972 338.726990 196.821930 214.735977 243.185043 282.461731 318.192810 331.189819 316.982513,
 192.923706 251.151733 329.686066 375.302338 350.422699 287.934509 236.456482 210.157822 284.298889 383.190094 438.522339 399.686371 312.784302 243.326431 226.112442 312.692474 427.737274 490.368835 436.951080 327.957672 243.509750 237.607101 328.617798 448.619019 511.517090 448.619019 328.617798 237.607101 243.509750 327.957672 436.951080 490.368835 427.737274 312.692474 226.112442 243.326431 312.784302 399.686371 438.522339 383.190094 284.298889 210.157822 236.456482 287.934509 350.422699 375.302338 329.686066 251.151733 192.923706,
 148.165649 175.121475 221.005219 274.341278 316.308136 330.135986 313.175171 169.135040 224.827942 300.306915 371.679626 406.512054 390.337463 337.740631 214.741531 299.741455 398.447693 470.405731 473.117920 410.380127 322.825745 274.175842 374.013611 471.524963 515.176636 471.524963 374.013611 274.175842 322.825745 410.380127 473.117920 470.405731 398.447693 299.741455 214.741531 337.740631 390.337463 406.512054 371.679626 300.306915 224.827942 169.135040 313.175171 330.135986 316.308136 274.341278 221.005219 175.121475 148.165649,
 188.776077 186.916199 176.914719 166.030991 151.716995 131.021027 109.561081 227.344589 250.025391 256.698090 247.634857 222.977570 187.626282 150.246933 254.165863 332.239563 394.738953 407.227295 359.541321 280.665344 205.604584 249.458832 356.200897 463.339752 512.251160 463.339752 356.200897 249.458832 205.604584 280.665344 359.541321 407.227295 394.738953 332.239563 254.165863 150.246933 187.626282 222.977570 247.634857 256.698090 250.025391 227.344589 109.561081 131.021027 151.716995 166.030991 176.914719 186.916199 188.776077,
 267.009918 280.920227 275.067017 255.363403 238.507095 225.608688 206.164505 301.469574 364.572815 397.580505 371.921082 310.043396 251.362610 210.212433 295.589844 407.330811 508.193054 516.425110 423.685303 305.676575 223.416870 257.681732 376.171814 519.182495 589.039673 519.182495 376.171814 257.681732 223.416870 305.676575 423.685303 516.425110 508.193054 407.330811 295.589844 210.212433 251.362610 310.043396 371.921082 397.580505 364.572815 301.469574 206.164505 225.608688 238.507095 255.363403 275.067017 280.920227 267.009918,
 174.972321 187.400375 211.154190 226.434189 200.072372 159.056442 133.149567 183.630493 211.473999 275.824890 312.812439 254.228470 172.335815 131.879089 178.356232 225.638443 338.006042 406.956940 317.392090 194.670822 141.178925 160.332306 217.921265 356.124084 451.240967 356.124084 217.921265 160.332306 141.178925 194.670822 317.392090 406.956940 338.006042 225.638443 178.356232 131.879089 172.335815 254.228470 312.812439 275.824890 211.473999 183.630493 133.149567 159.056442 200.072372 226.434189 211.154190 187.400375 174.972321,
 153.735062 130.532562 125.997856 157.032578 191.783722 195.350372 165.096878 142.705505 138.595566 179.448730 249.684937 280.460083 242.908829 173.052551 129.049026 171.196243 275.561279 373.653778 363.889832 262.126709 159.489273 135.538208 227.338654 364.537781 439.782166 364.537781 227.338654 135.538208 159.489273 262.126709 363.889832 373.653778 275.561279 171.196243 129.049026 173.052551 242.908829 280.460083 249.684937 179.448730 138.595566 142.705505 165.096878 195.350372 191.783722 157.032578 125.997856 130.532562 153.735062,
 12.355536 19.418978 25.010386 28.588596 29.869925 27.359015 19.325317 12.612939 21.998556 31.533611 41.444466 48.932453 49.434196 40.472725 29.789238 51.635979 75.287399 93.685074 97.599991 84.252205 60.823334 57.360405 90.321098 121.668526 135.520996 121.668526 90.321098 57.360405 60.823334 84.252205 97.599991 93.685074 75.287399 51.635979 29.789238 40.472725 49.434196 48.932453 41.444466 31.533611 21.998556 12.612939 19.325317 27.359015 29.869925 28.588596 25.010386 19.418978 12.355536,
 27.924524 41.455849 53.759872 56.545536 50.678848 39.430977 20.662497 29.159950 47.975372 74.846619 84.229988 69.647110 47.187981 26.806461 27.213163 54.660393 100.548576 120.457199 91.618629 50.285721 26.311163 24.774569 54.233368 108.657730 141.292099 108.657730 54.233368 24.774569 26.311163 50.285721 91.618629 120.457199 100.548576 54.660393 27.213163 26.806461 47.187981 69.647110 84.229988 74.846619 47.975372 29.159950 20.662497 39.430977 50.678848 56.545536 53.759872 41.455849 27.924524,
 2.956839 25.091614 33.000702 39.359062 47.142647 41.134644 20.795010 4.419102 24.333065 43.026279 60.178432 55.382336 37.410175 19.123152 8.374348 25.168596 55.565231 84.333794 62.790741 32.042805 16.281424 12.833781 27.926346 64.021919 96.678413 64.021919 27.926346 12.833781 16.281424 32.042805 62.790741 84.333794 55.565231 25.168596 8.374348 19.123152 37.410175 55.382336 60.178432 43.026279 24.333065 4.419102 20.795010 41.134644 47.142647 39.359062 33.000702 25.091614 2.956839,
 18.428978 23.546637 39.265602 56.975334 62.794098 49.756546 22.184448 21.396160 37.958645 63.838543 86.410660 89.729294 67.781693 35.452480 32.158623 62.863892 102.641815 132.003799 126.199310 88.492126 47.589287 44.994102 86.659195 134.302689 157.741547 134.302689 86.659195 44.994102 47.589287 88.492126 126.199310 132.003799 102.641815 62.863892 32.158623 35.452480 67.781693 89.729294 86.410660 63.838543 37.958645 21.396160 22.184448 49.756546 62.794098 56.975334 39.265602 23.546637 18.428978,

Pairwise cross-correlations of the modulus of all oriented sub-bands at the same scale (size QxQ)
 175.598831 119.689857 68.662971 120.900772,
 119.689857 182.896759 118.736755 76.625130,
 68.662971 118.736755 175.913345 122.394653,
 120.900772 76.625130 122.394653 184.841293,
 475.444458 379.304718 349.792603 392.924194,
 379.304718 497.255981 400.180542 358.829407,
 349.792603 400.180542 511.517090 420.024017,
 392.924194 358.829407 420.024017 515.176697,
 512.251221 427.344543 298.558136 352.820618,
 427.344543 589.039612 388.422852 341.704590,
 298.558136 388.422852 451.241028 348.643311,
 352.820618 341.704590 348.643311 439.782227,
 135.520996 81.557709 49.260090 96.127533,
 81.557709 141.292099 73.285431 49.707623,
 49.260090 73.285431 96.678436 51.776020,
 96.127533 49.707623 51.776020 157.741577,

Cross-correlations of the modulus of all oriented sub-bands with all oriented sub-bands at the coarser scale (size QxQ)
 246.143234 204.144974 174.250366 211.317810,
 207.628662 257.285706 215.679626 181.614777,
 164.265015 205.475571 256.885162 216.023193,
 213.425034 176.029877 226.157761 265.578979,
 352.424744 384.293610 278.036163 302.394043,
 312.221985 385.860718 309.736542 267.462555,
 324.804688 387.617126 352.475006 333.809143,
 317.201385 356.610565 324.502350 337.535248,
 137.525421 143.765640 101.099319 122.724167,
 145.022247 175.393921 115.520180 146.014694,
 124.619652 125.249130 115.760925 147.444000,
 115.041443 116.435349 99.335709 131.283661,

Cross-correlations of the real part of each oriented sub-band with both the real and imaginary part of all phase-doubled oriented sub-bands at the next coarser scale (Q matrices of size 1x2Q, which are computed and stored in a matrix of size Qx2Q)
 105.286499 51.907185 6.433002 47.429516 -1.641089 -3.212491 0.675461 -1.167603,
 49.611687 119.344254 54.493858 4.168783 -2.927426 -2.143400 2.424640 0.751879,
 5.324403 55.601200 117.729210 52.745937 -0.411939 1.840562 5.397118 3.153225,
 46.176323 5.375771 54.449440 114.056900 0.652872 0.143562 3.316454 -0.410553,
 -146.719177 -92.673187 -9.769901 -56.009384 -35.798145 -7.114285 -3.076481 -10.739747,
 -79.413696 -180.203293 -63.320950 -7.283117 -22.942596 -11.377418 3.048885 0.775683,
 -9.502232 -68.750298 -153.114395 -74.257118 0.323304 -8.969910 20.106638 -13.470217,
 -59.605190 -9.019068 -75.866928 -146.142166 0.078096 -1.289718 2.357638 -33.040878,
 -5.859594 -27.328693 -2.277135 -20.423634 -17.288969 29.710173 -0.477806 31.527697,
 -20.356443 -34.688648 -2.550057 0.687872 6.073845 43.461998 18.405567 5.886261,
 -6.771916 -1.333789 -22.421509 -28.738005 0.437317 8.628101 42.278629 12.423759,
 -1.124985 -1.490301 -15.674137 -69.302383 -17.832493 3.252389 17.051079 36.369019,
