Low-band skewness and kurtosis
 -2.465865 7.426794,
 -2.518010 8.162236,
 -2.044212 6.393941,
 -1.894498 6.259468,
 -1.451049 4.296468,

High-band variance
 116.259880,

Skewness, kurtosis, variance, mean, maximum and minimum of the reconstructed texture
 -2.453101 7.169096 5888.596191 226.683594 255.000000 0.000000,

Auto-correlations of the low-frequency bands at each scale
 2540.265137 3021.267090 3370.297119 3521.205322 3444.010498 3179.467285 2803.799316 3011.613281 3625.558105 4151.415527 4395.632812 4230.255371 3778.504395 3240.584961 3393.981934 4179.778809 4952.481445 5317.207031 5006.883789 4278.103027 3528.574707 3589.358398 4454.791016 5340.851074 5746.832520 5340.851074 4454.791016 3589.358398 3528.574707 4278.103027 5006.883789 5317.207031 4952.481445 4179.778809 3393.981934 3240.584961 3778.504395 4230.255371 4395.632812 4151.415527 3625.558105 3011.613281 2803.799316 3179.467285 3444.010498 3521.205322 3370.297119 3021.267090 2540.265137,
 1180.183472 1341.599609 1600.619507 1721.758179 1618.463013 1509.025879 1551.012329 1179.007080 1633.845825 2379.175537 2802.270508 2541.511963 2014.578003 1732.088623 1450.921021 2352.007568 3732.036865 4478.498047 3880.749756 2656.788330 1845.257202 1762.411377 2871.320557 4509.572754 5346.913086 4509.572754 2871.320557 1762.411377 1845.257202 2656.788330 3880.749756 4478.498047 3732.036865 2352.007568 1450.921021 1732.088623 2014.578003 2541.511963 2802.270508 2379.175537 1633.845825 1179.007080 1551.012329 1509.025879 1618.463013 1721.758179 1600.619507 1341.599609 1180.183472,
 838.930481 1037.622925 1124.421387 1199.665527 1274.381104 1481.353638 1641.397949 965.536377 1049.927979 1315.103271 1525.100952 1375.724854 1388.701904 1615.073486 861.320862 1118.427979 2167.988770 2944.392822 2373.786621 1576.751221 1441.508789 1052.796387 1487.694092 2945.625732 3927.680908 2945.625732 1487.694092 1052.796387 1441.508789 1576.751221 2373.786621 2944.392822 2167.988770 1118.427979 861.320862 1615.073486 1388.701904 1375.724854 1525.100952 1315.103271 1049.927979 965.536377 1641.397949 1481.353638 1274.381104 1199.665527 1124.421387 1037.622925 838.930481,
 -467.351105 -233.093750 193.062927 778.192627 1270.976807 1495.360352 1271.137817 -253.594788 76.441040 612.026489 1208.923096 1505.888062 1473.986694 1125.456055 63.814850 561.338257 1314.290527 1896.836914 1773.335938 1262.007812 744.731567 397.920288 1011.571289 1853.792969 2327.146240 1853.792969 1011.571289 397.920288 744.731567 1262.007812 1773.335938 1896.836914 1314.290527 561.338257 63.814850 1125.456055 1473.986694 1505.888062 1208.923096 612.026489 76.441040 -253.594788 1271.137817 1495.360352 1270.976807 778.192627 193.062927 -233.093750 -467.351105,
 -326.371552 -606.210205 -817.848633 -466.945099 229.970123 491.185883 183.198822 -615.717651 -804.327209 -521.772339 361.566437 1014.420410 768.010803 80.703033 -731.694946 -558.000610 292.049988 1315.760742 1422.030029 575.534912 -251.333862 -593.813660 17.973270 1135.442871 1753.937988 1135.442871 17.973270 -593.813660 -251.333862 575.534912 1422.030029 1315.760742 292.049988 -558.000610 -731.694946 80.703033 768.010803 1014.420410 361.566437 -521.772339 -804.327209 -615.717651 183.198822 491.185883 229.970123 -466.945099 -817.848633 -606.210205 -326.371552,

Auto-correlations of the modulus of each oriented sub-band
 60.416229 67.429047 74.305527 78.198494 77.523697 73.135590 67.629166 74.666847 85.254570 95.001793 99.769432 97.441612 89.505653 79.926811 88.599731 102.983238 115.831436 121.473282 117.181320 105.313850 91.425629 95.556984 111.652794 125.841232 131.609558 125.841232 111.652794 95.556984 91.425629 105.313850 117.181320 121.473282 115.831436 102.983238 88.599731 79.926811 89.505653 97.441612 99.769432 95.001793 85.254570 74.666847 67.629166 73.135590 77.523697 78.198494 74.305527 67.429047 60.416229,
 95.188217 101.212090 103.935410 101.604889 94.499863 84.401100 73.430954 98.613861 112.000053 121.718697 122.816299 114.499138 100.119041 84.053864 100.422028 120.205467 136.659882 141.622528 132.293579 113.798393 93.151917 98.862122 121.294151 141.162415 149.532669 141.162415 121.294151 98.862122 93.151917 113.798393 132.293579 141.622528 136.659882 120.205467 100.422028 84.053864 100.119041 114.499138 122.816299 121.718697 112.000053 98.613861 73.430954 84.401100 94.499863 101.604889 103.935410 101.212090 95.188217,
 72.144226 87.684029 102.751205 109.465660 103.365906 88.584648 72.973007 80.896790 100.276405 119.508934 128.272736 120.084358 101.105370 81.564880 88.809364 111.547539 134.456207 145.130768 134.809265 112.042931 89.192955 92.138252 116.259644 140.627563 152.044586 140.627563 116.259644 92.138252 89.192955 112.042931 134.809265 145.130768 134.456207 111.547539 88.809364 81.564880 101.105370 120.084358 128.272736 119.508934 100.276405 80.896790 72.973007 88.584648 103.365906 109.465660 102.751205 87.684029 72.144226,
 67.006897 76.816460 85.995499 92.195267 94.103836 92.292915 88.558014 78.484901 93.458740 107.130257 114.899826 113.916954 105.611359 94.472496 88.888458 108.320213 125.989510 134.911087 130.411545 115.492683 97.595734 95.797409 116.755096 135.414276 143.300644 135.414276 116.755096 95.797409 97.595734 115.492683 130.411545 134.911087 125.989510 108.320213 88.888458 94.472496 105.611359 113.916954 114.899826 107.130257 93.458740 78.484901 88.558014 92.292915 94.103836 92.195267 85.995499 76.816460 67.006897,
 182.295471 197.149628 208.324295 213.168198 210.525772 203.440613 196.143463 224.348816 249.720291 269.136841 276.478821 269.205444 252.358444 232.836304 272.100006 312.025635 344.290863 356.508179 342.909393 311.977539 276.076385 295.613159 341.968079 381.619690 398.190308 381.619690 341.968079 295.613159 276.076385 311.977539 342.909393 356.508179 344.290863 312.025635 272.100006 232.836304 252.358444 269.205444 276.478821 269.136841 249.720291 224.348816 196.143463 203.440613 210.525772 213.168198 208.324295 197.149628 182.295471,
 242.662262 271.357666 275.618500 255.879196 221.208069 185.821274 161.534546 256.541809 309.188721 333.970367 318.043182 270.387482 215.598129 174.675858 249.504517 323.033142 378.957489 383.080688 331.903778 258.322083 196.740051 225.082428 301.734894 378.880981 413.408508 378.880981 301.734894 225.082428 196.740051 258.322083 331.903778 383.080688 378.957489 323.033142 249.504517 174.675858 215.598129 270.387482 318.043182 333.970367 309.188721 256.541809 161.534546 185.821274 221.208069 255.879196 275.618500 271.357666 242.662262,
 189.449310 247.710632 300.558807 316.514069 285.126129 232.528137 190.144012 200.340530 268.965881 337.925507 362.611481 323.177643 254.295776 197.495224 208.847137 284.711243 368.330139 404.218567 359.241882 275.968140 206.522064 211.412827 288.021912 377.592529 422.006042 377.592529 288.021912 211.412827 206.522064 275.968140 359.241882 404.218567 368.330139 284.711243 208.847137 197.495224 254.295776 323.177643 362.611481 337.925507 268.965881 200.340530 190.144012 232.528137 285.126129 316.514069 300.558807 247.710632 189.449310,
 145.563950 164.226990 188.441803 214.372009 234.491974 242.257019 236.447586 162.816483 189.838654 229.745590 270.661957 291.021301 281.677704 252.807388 186.467590 229.127655 288.873566 337.108398 339.146027 297.260040 245.265381 217.405426 273.899414 338.843018 370.405273 338.843018 273.899414 217.405426 245.265381 297.260040 339.146027 337.108398 288.873566 229.127655 186.467590 252.807388 281.677704 291.021301 270.661957 229.745590 189.838654 162.816483 236.447586 242.257019 234.491974 214.372009 188.441803 164.226990 145.563950,
 131.505676 174.515488 214.010345 247.838287 274.647491 292.804932 297.081360 167.256622 219.463470 269.090881 305.880890 322.746704 320.607147 303.151978 211.177490 292.276337 369.704376 412.501221 402.629303 354.267303 294.409637 262.627106 355.732880 443.475159 481.638489 443.475159 355.732880 262.627106 294.409637 354.267303 402.629303 412.501221 369.704376 292.276337 211.177490 303.151978 320.607147 322.746704 305.880890 269.090881 219.463470 167.256622 297.081360 292.804932 274.647491 247.838287 214.010345 174.515488 131.505676,
 188.005829 239.371918 258.968811 249.956039 232.000397 217.579559 201.771271 226.768646 312.534576 357.274933 340.318726 291.420990 250.045990 221.737000 245.174652 356.686218 449.162933 455.255005 380.324982 294.390259 237.097992 244.666733 342.242554 459.087097 517.451660 459.087097 342.242554 244.666733 237.097992 294.390259 380.324982 455.255005 449.162933 356.686218 245.174652 221.737000 250.045990 291.420990 340.318726 357.274933 312.534576 226.768646 201.771271 217.579559 232.000397 249.956039 258.968811 239.371918 188.005829,
 113.437180 161.172867 225.414291 291.141937 297.848480 257.524567 233.218521 152.261841 212.163239 298.864685 376.772003 359.037048 287.934479 242.940308 188.640457 257.713196 369.039581 457.228668 404.922455 300.635376 237.413986 218.193222 289.657959 410.747406 492.521515 410.747406 289.657959 218.193222 237.413986 300.635376 404.922455 457.228668 369.039581 257.713196 188.640457 242.940308 287.934479 359.037048 376.772003 298.864685 212.163239 152.261841 233.218521 257.524567 297.848480 291.141937 225.414291 161.172867 113.437180,
 83.150475 134.377457 191.785767 247.181778 284.209595 292.397034 284.268250 124.385536 186.913818 261.743134 331.704254 362.563263 343.974243 304.704803 177.857315 259.907104 358.281067 434.239197 435.256165 370.400757 293.372284 243.182617 337.396545 438.484436 487.140167 438.484436 337.396545 243.182617 293.372284 370.400757 435.256165 434.239197 358.281067 259.907104 177.857315 304.704803 343.974243 362.563263 331.704254 261.743134 186.913818 124.385536 284.268250 292.397034 284.209595 247.181778 191.785767 134.377457 83.150475,
 -20.764946 -3.703056 7.260776 9.553050 12.671009 24.537231 40.648914 -10.770006 16.699272 37.936813 42.048176 34.295540 29.586479 33.213043 10.365927 47.637539 84.057671 94.839607 75.146629 47.362103 30.368444 27.392960 62.542446 105.930359 128.062454 105.930359 62.542446 27.392960 30.368444 47.362103 75.146629 94.839607 84.057671 47.637539 10.365927 33.213043 29.586479 34.295540 42.048176 37.936813 16.699272 -10.770006 40.648914 24.537231 12.671009 9.553050 7.260776 -3.703056 -20.764946,
 1.683323 18.099380 30.151266 37.130039 41.288849 42.873127 39.510311 4.774588 30.884697 50.831444 56.330059 51.844124 45.702087 37.720734 12.838259 51.326771 87.340469 98.682159 81.135788 55.585430 33.602112 23.979271 61.775383 103.831070 125.044762 103.831070 61.775383 23.979271 33.602112 55.585430 81.135788 98.682159 87.340469 51.326771 12.838259 37.720734 45.702087 51.844124 56.330059 50.831444 30.884697 4.774588 39.510311 42.873127 41.288849 37.130039 30.151266 18.099380 1.683323,
 -24.845045 1.189821 35.320152 61.127319 64.561249 46.184273 19.954012 -19.092754 14.810680 58.288399 84.605675 78.130684 52.241886 21.392754 -11.244848 29.787437 83.300133 112.333908 91.499947 50.315811 13.160400 0.246892 42.254555 96.150185 125.937790 96.150185 42.254555 0.246892 13.160400 50.315811 91.499947 112.333908 83.300133 29.787437 -11.244848 21.392754 52.241886 78.130684 84.605675 58.288399 14.810680 -19.092754 19.954012 46.184273 64.561249 61.127319 35.320152 1.189821 -24.845045,
 -34.761536 -20.520283 6.092289 36.698616 55.033138 55.963535 50.109795 -13.354446 7.260220 38.279694 69.772972 82.909164 72.886047 56.576797 13.589474 37.977623 73.302597 104.705627 104.304123 77.307388 52.420177 37.623016 64.018242 101.134605 121.833771 101.134605 64.018242 37.623016 52.420177 77.307388 104.304123 104.705627 73.302597 37.977623 13.589474 56.576797 72.886047 82.909164 69.772972 38.279694 7.260220 -13.354446 50.109795 55.963535 55.033138 36.698616 6.092289 -20.520283 -34.761536,

Pairwise cross-correlations of the modulus of all oriented sub-bands at the same scale (size QxQ)
 131.609573 95.324471 58.245693 96.936111,
 95.324471 149.532715 105.868271 69.825485,
 58.245693 105.868271 152.044586 100.375153,
 96.936111 69.825485 100.375153 143.300674,
 398.190277 316.264069 295.048981 310.184845,
 316.264069 413.408569 344.263397 277.850281,
 295.048981 344.263397 422.006073 309.514893,
 310.184845 277.850281 309.514893 370.405334,
 481.638550 345.172485 301.331451 401.015442,
 345.172485 517.451660 413.720245 345.456970,
 301.331451 413.720245 492.521515 341.363556,
 401.015442 345.456970 341.363556 487.140198,
 128.062454 79.502670 55.588730 84.717209,
 79.502670 125.044769 80.317406 65.201248,
 55.588730 80.317406 125.937790 87.171700,
 84.717209 65.201248 87.171700 121.833801,

Cross-correlations of the modulus of all oriented sub-bands with all oriented sub-bands at the coarser scale (size QxQ)
 196.324265 165.402847 140.542557 161.958405,
 173.640564 219.188065 190.150452 140.315674,
 139.622116 173.439285 216.511078 159.239716,
 177.591354 143.887634 179.135132 198.550537,
 358.371094 312.990021 275.768799 344.945679,
 318.754517 367.679565 330.758484 322.024231,
 306.673157 333.408142 340.985596 331.755402,
 314.729370 281.642303 288.258118 341.772003,
 154.063507 138.736603 110.342636 152.689743,
 102.921783 113.979752 153.274780 169.137177,
 103.449844 110.649940 171.132751 179.838226,
 123.917465 136.194397 117.190308 152.069626,

Cross-correlations of the real part of each oriented sub-band with both the real and imaginary part of all phase-doubled oriented sub-bands at the next coarser scale (Q matrices of size 1x2Q, which are computed and stored in a matrix of size Qx2Q)
 69.461319 24.115973 3.139007 31.090965 -1.599925 -0.566426 -0.526268 -3.180379,
 27.329716 66.369225 40.104832 4.098850 -0.643075 -0.880323 2.757664 0.077842,
 2.534764 35.153805 86.814552 35.349483 0.634806 1.416070 7.770010 -0.077490,
 32.270218 3.363044 35.905483 72.533348 1.432366 0.455216 2.211173 -4.015287,
 -121.789932 -38.917358 -4.316211 -51.648933 -25.400826 -6.770600 -0.716739 2.157174,
 -42.312588 -76.259064 -47.191547 -7.279368 -11.277658 -0.573581 4.520020 1.129798,
 -3.249015 -37.213703 -113.750763 -44.581169 0.057486 6.721335 9.103830 2.428656,
 -59.467888 -7.273391 -51.414810 -98.636261 -6.188206 -1.663615 0.647777 2.113631,
 5.053704 -26.976669 -1.800598 2.144988 -37.906338 -17.001516 -0.720590 -2.474396,
 -10.003902 -75.689209 -31.800863 2.490515 -19.491070 -11.990300 14.684904 4.475188,
 -2.821629 -35.209648 -60.039692 -7.895659 -1.003350 12.008150 37.768246 4.878051,
 7.690575 -1.755224 -19.040291 -15.750479 -8.894552 1.712752 12.676065 -4.354955,
