Low-band skewness and kurtosis
 -2.207134 6.206458,
 -2.247612 6.844513,
 -1.810605 5.458464,
 -1.456321 4.650054,
 -1.287974 3.821989,

High-band variance
 147.656754,

Skewness, kurtosis, variance, mean, maximum and minimum of the reconstructed texture
 -2.191485 5.946310 6638.552246 222.186401 255.000000 0.000000,

Auto-correlations of the low-frequency bands at each scale
 2716.711182 3255.843994 3646.794922 3788.428223 3632.289062 3246.182373 2733.139404 3278.770264 3990.518311 4595.314453 4838.995117 4563.691406 3953.134033 3261.928467 3684.283203 4617.823242 5535.548828 5941.937988 5508.814453 4584.089844 3662.465820 3827.871582 4871.818359 5955.648438 6458.140625 5955.648438 4871.818359 3827.871582 3662.465820 4584.089844 5508.814453 5941.937988 5535.548828 4617.823242 3684.283203 3261.928467 3953.134033 4563.691406 4838.995117 4595.314453 3990.518311 3278.770264 2733.139404 3246.182373 3632.289062 3788.428223 3646.794922 3255.843994 2716.711182,
 1019.422241 1119.946655 1318.111694 1484.762329 1492.202271 1413.700317 1373.509399 1209.698975 1677.541382 2444.567383 2864.917480 2494.097168 1783.709351 1389.860107 1468.254517 2523.858398 4118.262207 4927.003906 4092.282715 2508.357422 1512.112183 1601.773315 2939.176025 4951.881836 5982.115234 4951.881836 2939.176025 1601.773315 1512.112183 2508.357422 4092.282715 4927.003906 4118.262207 2523.858398 1468.254517 1389.860107 1783.709351 2494.097168 2864.917480 2444.567383 1677.541382 1209.698975 1373.509399 1413.700317 1492.202271 1484.762329 1318.111694 1119.946655 1019.422241,
 1238.702026 913.110718 680.866333 677.927734 904.432861 1237.609985 1254.184204 1180.604370 836.132935 883.488464 1170.717285 1166.725342 1170.413330 1232.337524 978.392212 1097.873901 2157.973877 3033.540039 2344.370850 1293.171265 989.825317 872.138550 1396.885986 3099.617432 4257.920898 3099.617432 1396.885986 872.138550 989.825317 1293.171265 2344.370850 3033.540039 2157.973877 1097.873901 978.392212 1232.337524 1170.413330 1166.725342 1170.717285 883.488464 836.132935 1180.604370 1254.184204 1237.609985 904.432861 677.927734 680.866333 913.110718 1238.702026,
 465.739532 690.269897 669.993286 643.792725 645.631470 591.106567 459.987152 695.144287 840.047852 847.433411 935.699341 888.020691 657.003174 425.727783 658.054321 880.279663 1334.189209 1737.436035 1452.026123 819.869385 436.204559 510.813965 906.388794 1738.103271 2262.629395 1738.103271 906.388794 510.813965 436.204559 819.869385 1452.026123 1737.436035 1334.189209 880.279663 658.054321 425.727783 657.003174 888.020691 935.699341 847.433411 840.047852 695.144287 459.987152 591.106567 645.631470 643.792725 669.993286 690.269897 465.739532,
 -695.868164 -404.286865 -20.541153 211.328278 159.499710 -142.237625 -512.090210 -515.688171 -155.468674 329.213104 577.041077 452.766998 103.653488 -282.191559 -378.333740 138.603210 851.979187 1172.367920 837.259094 229.277466 -241.904785 -306.905151 264.379974 1080.661743 1497.971436 1080.661743 264.379974 -306.905151 -241.904785 229.277466 837.259094 1172.367920 851.979187 138.603210 -378.333740 -282.191559 103.653488 452.766998 577.041077 329.213104 -155.468674 -515.688171 -512.090210 -142.237625 159.499710 211.328278 -20.541153 -404.286865 -695.868164,

Auto-correlations of the modulus of each oriented sub-band
 70.737488 78.252388 85.437927 88.879395 86.787781 80.405357 73.066544 88.542450 101.351906 113.092552 118.265907 114.221718 103.182884 90.585938 106.352180 124.452538 140.757294 147.622696 141.468689 125.637642 107.738884 114.756485 135.232422 153.632431 161.157013 153.632431 135.232422 114.756485 107.738884 125.637642 141.468689 147.622696 140.757294 124.452538 106.352180 90.585938 103.182884 114.221718 118.265907 113.092552 101.351906 88.542450 73.066544 80.405357 86.787781 88.879395 85.437927 78.252388 70.737488,
 93.043221 97.080711 98.074806 94.328354 86.277275 75.801094 64.907646 97.824097 111.622864 121.148521 120.703064 109.944893 93.235321 75.752090 98.976349 121.455917 140.153564 144.732391 132.358154 110.020737 86.487396 94.925476 120.934845 144.796356 155.053253 144.796356 120.934845 94.925476 86.487396 110.020737 132.358154 144.732391 140.153564 121.455917 98.976349 75.752090 93.235321 109.944893 120.703064 121.148521 111.622864 97.824097 64.907646 75.801094 86.277275 94.328354 98.074806 97.080711 93.043221,
 77.419365 94.859055 111.797867 119.591667 112.745895 96.668900 80.086708 86.949936 109.097313 130.680862 140.441605 130.976181 109.834267 88.326645 95.928680 122.051346 147.727432 159.472229 147.712875 122.221252 96.462433 99.755081 127.327026 154.617447 167.307373 154.617447 127.327026 99.755081 96.462433 122.221252 147.712875 159.472229 147.727432 122.051346 95.928680 88.326645 109.834267 130.976181 140.441605 130.680862 109.097313 86.949936 80.086708 96.668900 112.745895 119.591667 111.797867 94.859055 77.419365,
 69.565567 82.354012 93.815948 102.449867 107.002014 107.040947 103.460770 83.483543 102.117950 119.015602 129.828094 130.814163 122.072968 108.436195 96.517464 120.709618 142.823578 154.960846 150.751984 132.673157 110.036934 106.044487 132.453873 155.880219 165.775818 155.880219 132.453873 106.044487 110.036934 132.673157 150.751984 154.960846 142.823578 120.709618 96.517464 108.436195 122.072968 130.814163 129.828094 119.015602 102.117950 83.483543 103.460770 107.040947 107.002014 102.449867 93.815948 82.354012 69.565567,
 169.141174 177.887009 185.638565 190.327606 190.566513 186.349960 177.932739 208.999100 234.531525 257.703857 270.170349 267.103210 251.844360 230.525314 267.806519 315.514954 358.230042 378.533234 366.102051 330.236694 286.940552 306.070618 363.330566 413.931610 435.494049 413.931610 363.330566 306.070618 286.940552 330.236694 366.102051 378.533234 358.230042 315.514954 267.806519 230.525314 251.844360 267.103210 270.170349 257.703857 234.531525 208.999100 177.932739 186.349960 190.566513 190.327606 185.638565 177.887009 169.141174,
 243.539932 258.648010 251.738007 223.991791 191.076569 168.300629 155.233780 262.317108 302.413208 318.231812 294.309143 244.131973 197.985046 170.045685 256.018158 318.162811 367.729065 367.243713 312.823303 244.313568 194.003860 227.859741 294.044312 366.574158 401.040863 366.574158 294.044312 227.859741 194.003860 244.313568 312.823303 367.243713 367.729065 318.162811 256.018158 170.045685 197.985046 244.131973 294.309143 318.231812 302.413208 262.317108 155.233780 168.300629 191.076569 223.991791 251.738007 258.648010 243.539932,
 162.340256 214.739975 276.489502 309.074219 288.865784 236.838516 189.406052 174.568939 240.507355 321.437042 363.586060 331.764252 259.026520 197.077606 186.658981 263.285187 360.563202 410.942902 366.507965 273.752411 199.018265 195.436295 275.860077 378.662170 431.005798 378.662170 275.860077 195.436295 199.018265 273.752411 366.507965 410.942902 360.563202 263.285187 186.658981 197.077606 259.026520 331.764252 363.586060 321.437042 240.507355 174.568939 189.406052 236.838516 288.865784 309.074219 276.489502 214.739975 162.340256,
 153.017349 171.130630 207.500580 252.726501 286.491608 291.793732 266.147247 168.725128 211.935303 276.019073 338.821899 367.754608 348.709900 296.622955 206.019318 276.216827 362.575623 426.688293 428.451477 371.119476 292.876678 255.316071 341.180542 427.622894 466.586914 427.622894 341.180542 255.316071 292.876678 371.119476 428.451477 426.688293 362.575623 276.216827 206.019318 296.622955 348.709900 367.754608 338.821899 276.019073 211.935303 168.725128 266.147247 291.793732 286.491608 252.726501 207.500580 171.130630 153.017349,
 147.589188 136.445251 124.674240 118.160355 115.409348 111.353767 103.862679 188.895782 209.199905 218.711807 212.498077 190.046249 158.445847 129.714874 214.103973 292.377502 358.634094 376.082214 331.621399 250.932175 173.106049 210.844299 319.807312 427.335754 475.211365 427.335754 319.807312 210.844299 173.106049 250.932175 331.621399 376.082214 358.634094 292.377502 214.103973 129.714874 158.445847 190.046249 212.498077 218.711807 209.199905 188.895782 103.862679 111.353767 115.409348 118.160355 124.674240 136.445251 147.589188,
 212.967010 243.356613 255.290649 232.209198 183.588196 135.100571 101.274483 256.006226 326.001099 372.085938 351.571350 275.227539 195.196594 140.629639 260.024384 371.195129 477.766663 490.135559 392.098328 268.030151 182.570709 226.380508 341.678101 486.199921 559.841003 486.199921 341.678101 226.380508 182.570709 268.030151 392.098328 490.135559 477.766663 371.195129 260.024384 140.629639 195.196594 275.227539 351.571350 372.085938 326.001099 256.006226 101.274483 135.100571 183.588196 232.209198 255.290649 243.356613 212.967010,
 154.393417 177.396393 214.905823 244.692810 223.628479 168.284882 135.697861 160.433746 209.050522 292.733978 347.101135 296.566925 207.389267 160.048035 164.931000 238.748032 372.378937 457.014038 370.757416 238.508591 170.424255 169.685333 250.889862 405.358276 507.163513 405.358276 250.889862 169.685333 170.424255 238.508591 370.757416 457.014038 372.378937 238.748032 164.931000 160.048035 207.389267 296.566925 347.101135 292.733978 209.050522 160.433746 135.697861 168.284882 223.628479 244.692810 214.905823 177.396393 154.393417,
 171.105896 168.227509 178.772491 224.691849 275.240448 278.568634 239.250610 164.814331 186.903397 244.844498 331.799927 375.325378 331.441589 250.608978 174.698166 239.494339 352.382721 459.854126 456.073151 350.180237 239.359756 206.496124 311.050110 449.561218 524.831787 449.561218 311.050110 206.496124 239.359756 350.180237 456.073151 459.854126 352.382721 239.494339 174.698166 250.608978 331.441589 375.325378 331.799927 244.844498 186.903397 164.814331 239.250610 278.568634 275.240448 224.691849 178.772491 168.227509 171.105896,
 32.225155 35.684418 32.422020 25.729546 18.470772 10.360121 0.106327 39.293217 48.760578 51.073921 48.243843 39.996918 24.695805 4.643223 46.384758 67.659325 86.687401 95.037933 83.814842 55.767097 23.870890 43.567188 78.780937 114.430969 130.564117 114.430969 78.780937 43.567188 23.870890 55.767097 83.814842 95.037933 86.687401 67.659325 46.384758 4.643223 24.695805 39.996918 48.243843 51.073921 48.760578 39.293217 0.106327 10.360121 18.470772 25.729546 32.422020 35.684418 32.225155,
 17.369156 49.653053 79.762192 99.972481 105.129517 94.929314 71.288254 47.995678 85.362000 113.027405 121.951782 115.274734 101.291199 80.380692 62.636314 115.000710 158.510864 166.094055 137.737488 101.368584 71.755074 63.115555 111.820633 167.476196 195.234406 167.476196 111.820633 63.115555 71.755074 101.368584 137.737488 166.094055 158.510864 115.000710 62.636314 80.380692 101.291199 115.274734 121.951782 113.027405 85.362000 47.995678 71.288254 94.929314 105.129517 99.972481 79.762192 49.653053 17.369156,
 3.232984 6.789598 17.847485 43.519798 58.050190 47.232170 17.944988 11.786703 16.606678 44.508766 86.430878 90.107628 57.775356 16.924665 15.690939 29.643787 78.601204 133.183350 109.674751 56.133205 15.337776 15.468475 44.655193 105.636742 155.422531 105.636742 44.655193 15.468475 15.337776 56.133205 109.674751 133.183350 78.601204 29.643787 15.690939 16.924665 57.775356 90.107628 86.430878 44.508766 16.606678 11.786703 17.944988 47.232170 58.050190 43.519798 17.847485 6.789598 3.232984,
 20.959909 26.392256 24.200386 17.502155 12.219899 12.432535 15.836107 27.442266 37.535873 45.671955 46.171158 35.881596 23.084911 17.082804 31.492388 49.834751 77.739380 92.869720 75.463226 43.228954 23.100466 29.640182 54.755714 96.098625 119.269585 96.098625 54.755714 29.640182 23.100466 43.228954 75.463226 92.869720 77.739380 49.834751 31.492388 17.082804 23.084911 35.881596 46.171158 45.671955 37.535873 27.442266 15.836107 12.432535 12.219899 17.502155 24.200386 26.392256 20.959909,

Pairwise cross-correlations of the modulus of all oriented sub-bands at the same scale (size QxQ)
 161.157043 104.387474 64.644897 113.046379,
 104.387474 155.053284 107.536430 68.274399,
 64.644897 107.536430 167.307404 113.492119,
 113.046379 68.274399 113.492119 165.775833,
 435.494080 337.339447 307.246887 374.070587,
 337.339447 401.040924 334.832123 310.041199,
 307.246887 334.832123 431.005798 366.554962,
 374.070587 310.041199 366.554962 466.586975,
 475.211365 389.436096 275.629089 339.387817,
 389.436096 559.841064 371.674286 318.952820,
 275.629089 371.674286 507.163544 394.686096,
 339.387817 318.952820 394.686096 524.831787,
 130.564117 98.988754 50.476795 75.241699,
 98.988754 195.234406 97.421234 91.307938,
 50.476795 97.421234 155.422546 75.241051,
 75.241699 91.307938 75.241051 119.269592,

Cross-correlations of the modulus of all oriented sub-bands with all oriented sub-bands at the coarser scale (size QxQ)
 228.257660 175.217636 149.681870 200.896561,
 186.317978 216.120132 186.653778 160.501068,
 149.407486 178.437607 231.639267 193.943268,
 193.749908 152.945816 193.887085 241.407242,
 341.161713 354.086670 296.587158 311.716980,
 309.265228 373.263367 325.985840 288.906982,
 281.807007 358.154327 370.588287 334.734436,
 324.525146 353.277588 331.085114 355.749939,
 120.862854 145.260574 98.631660 136.491577,
 119.427414 171.211838 138.445297 142.611084,
 114.167305 190.137772 149.251373 144.243896,
 141.720001 197.622925 127.035736 143.644775,

Cross-correlations of the real part of each oriented sub-band with both the real and imaginary part of all phase-doubled oriented sub-bands at the next coarser scale (Q matrices of size 1x2Q, which are computed and stored in a matrix of size Qx2Q)
 81.873535 33.815262 2.508865 36.999901 6.445474 1.146864 0.196261 -2.099953,
 33.195976 75.544846 32.725773 3.745335 2.728961 2.069583 -2.841473 -0.206727,
 2.752486 33.284431 82.316673 40.005894 -0.068610 0.089243 -3.953559 2.746152,
 38.891930 2.706481 38.935181 86.734703 2.808265 -0.100793 0.620136 1.009404,
 -101.664589 -68.608780 -4.116188 -33.156193 1.652796 5.642797 0.222354 1.420434,
 -57.952061 -133.287964 -43.439480 -7.650241 5.968826 8.985443 6.658109 3.355672,
 -3.975176 -47.547123 -86.713097 -13.695501 1.841219 6.114312 13.869501 10.142937,
 -35.231918 -6.322863 -26.553860 -38.779022 2.323946 2.241690 5.089662 11.618470,
 -41.538086 15.890196 2.833452 -5.721308 -36.612164 -24.670692 -5.370789 1.050202,
 -5.297745 -14.859007 -55.219662 -6.399734 -15.506586 -62.234440 -23.751034 -0.161827,
 0.711826 -37.807915 -99.124870 9.026647 -1.533500 -24.326355 -15.728059 -4.677028,
 -21.706034 -3.869977 -17.911619 25.195326 -14.793097 -0.841115 4.918225 -10.904351,
