Low-band skewness and kurtosis
 -2.070328 5.616406,
 -2.119044 6.277287,
 -1.633008 4.792159,
 -1.308210 4.257261,
 -1.052981 3.189265,

High-band variance
 157.118622,

Skewness, kurtosis, variance, mean, maximum and minimum of the reconstructed texture
 -2.057593 5.379375 7056.585449 219.445862 255.000000 0.000000,

Auto-correlations of the low-frequency bands at each scale
 2635.456299 3221.257324 3661.282715 3854.903320 3733.669434 3339.122559 2766.431396 3254.558350 4039.945801 4728.152344 5049.256836 4808.207031 4162.507324 3378.777100 3705.924805 4750.220703 5795.973633 6291.316406 5853.436523 4836.216797 3790.675293 3906.399414 5082.585449 6302.299805 6864.908691 6302.299805 5082.585449 3906.399414 3790.675293 4836.216797 5853.436523 6291.316406 5795.973633 4750.220703 3705.924805 3378.777100 4162.507324 4808.207031 5049.256836 4728.152344 4039.945801 3254.558350 2766.431396 3339.122559 3733.669434 3854.903320 3661.282715 3221.257324 2635.456299,
 931.840515 992.056763 1237.244995 1420.832764 1353.983032 1183.816040 1091.078613 1033.176025 1474.619385 2335.460205 2859.785645 2467.015869 1630.489502 1072.600098 1295.685181 2403.973633 4176.278320 5147.722656 4277.459961 2511.429688 1302.873413 1459.780273 2955.750488 5183.964355 6332.713867 5183.964355 2955.750488 1459.780273 1302.873413 2511.429688 4277.459961 5147.722656 4176.278320 2403.973633 1295.685181 1072.600098 1630.489502 2467.015869 2859.785645 2335.460205 1474.619385 1033.176025 1091.078613 1183.816040 1353.983032 1420.832764 1237.244995 992.056763 931.840515,
 1469.818848 1112.282837 734.324829 831.077148 1035.890137 1083.274780 1058.350586 1363.238037 870.849548 854.354126 1267.391113 1239.661011 1037.546875 1137.867188 1016.262573 935.035217 2093.094727 3107.202148 2239.554688 951.716858 849.358398 734.095032 1032.556274 2997.669434 4380.824707 2997.669434 1032.556274 734.095032 849.358398 951.716858 2239.554688 3107.202148 2093.094727 935.035217 1016.262573 1137.867188 1037.546875 1239.661011 1267.391113 854.354126 870.849548 1363.238037 1058.350586 1083.274780 1035.890137 831.077148 734.324829 1112.282837 1469.818848,
 260.233856 544.725281 686.890686 682.024414 667.763855 704.199524 646.521973 501.909546 815.923340 1015.723633 1020.551575 873.848267 793.348999 753.560181 630.441833 983.564026 1465.008179 1681.102417 1328.542114 909.089905 780.539490 725.747131 1027.877441 1698.489624 2122.920410 1698.489624 1027.877441 725.747131 780.539490 909.089905 1328.542114 1681.102417 1465.008179 983.564026 630.441833 753.560181 793.348999 873.848267 1020.551575 1015.723633 815.923340 501.909546 646.521973 704.199524 667.763855 682.024414 686.890686 544.725281 260.233856,
 -784.734680 -670.232666 -530.149475 -433.031799 -357.280518 -364.880280 -534.473328 -438.492523 -295.305237 61.764336 314.567871 298.693420 143.184128 -68.895447 85.472015 275.319885 804.850220 1154.743164 962.808716 583.980164 353.507111 435.484802 659.942078 1202.533936 1534.656982 1202.533936 659.942078 435.484802 353.507111 583.980164 962.808716 1154.743164 804.850220 275.319885 85.472015 -68.895447 143.184128 298.693420 314.567871 61.764336 -295.305237 -438.492523 -534.473328 -364.880280 -357.280518 -433.031799 -530.149475 -670.232666 -784.734680,

Auto-correlations of the modulus of each oriented sub-band
 70.584137 79.463135 87.462982 90.282486 86.115051 77.077087 67.480423 88.531860 103.041847 116.079948 121.145058 115.398506 101.802391 86.778198 106.402969 126.768341 145.015381 152.355469 144.785828 126.310135 105.688416 114.025375 137.276077 158.265259 166.888214 158.265259 137.276077 114.025375 105.688416 126.310135 144.785828 152.355469 145.015381 126.768341 106.402969 86.778198 101.802391 115.398506 121.145058 116.079948 103.041847 88.531860 67.480423 77.077087 86.115051 90.282486 87.462982 79.463135 70.584137,
 113.746727 118.925819 120.857315 117.510803 108.607742 95.772377 81.751411 119.336807 136.289642 148.447220 149.295944 137.624527 117.643219 95.694046 121.316170 148.686020 171.214264 177.531799 164.025391 137.647964 108.634178 117.775757 149.502502 177.667587 189.445358 177.667587 149.502502 117.775757 108.634178 137.647964 164.025391 177.531799 171.214264 148.686020 121.316170 95.694046 117.643219 137.624527 149.295944 148.447220 136.289642 119.336807 81.751411 95.772377 108.607742 117.510803 120.857315 118.925819 113.746727,
 72.986755 91.895981 109.992638 117.675781 109.450249 90.916107 71.384872 81.288742 104.462753 127.343529 137.450638 126.883156 103.627045 79.957840 89.174278 116.169693 143.443863 155.963348 143.137863 115.655930 88.394814 92.188141 120.812653 149.980728 163.707123 149.980728 120.812653 92.188141 88.394814 115.655930 143.137863 155.963348 143.443863 116.169693 89.174278 79.957840 103.627045 126.883156 137.450638 127.343529 104.462753 81.288742 71.384872 90.916107 109.450249 117.675781 109.992638 91.895981 72.986755,
 65.449570 79.596283 93.671364 104.105507 108.330376 106.180878 99.551254 79.483223 100.965080 121.285522 133.564301 133.324005 121.616371 104.442360 93.148186 121.271034 147.039185 160.350082 154.596832 133.181488 106.603279 102.997543 133.637039 160.611389 171.827118 160.611389 133.637039 102.997543 106.603279 133.181488 154.596832 160.350082 147.039185 121.271034 93.148186 104.442360 121.616371 133.324005 133.564301 121.285522 100.965080 79.483223 99.551254 106.180878 108.330376 104.105507 93.671364 79.596283 65.449570,
 181.982971 183.327682 183.124207 179.525543 171.513641 160.401321 148.785919 229.791275 248.605911 263.864868 267.361755 254.382202 229.493393 201.601303 283.460541 327.481812 366.289917 381.082825 360.980774 316.985962 268.250641 304.580139 363.215088 417.027588 440.521912 417.027588 363.215088 304.580139 268.250641 316.985962 360.980774 381.082825 366.289917 327.481812 283.460541 201.601303 229.493393 254.382202 267.361755 263.864868 248.605911 229.791275 148.785919 160.401321 171.513641 179.525543 183.124207 183.327682 181.982971,
 271.751923 294.980682 288.006226 256.514648 218.454437 188.764862 171.441818 293.340790 346.435089 368.008942 340.979004 281.559357 222.730560 184.428741 284.515045 363.845245 427.886688 429.725586 363.796783 277.241302 212.106598 251.040421 334.695801 426.704193 470.421234 426.704193 334.695801 251.040421 212.106598 277.241302 363.796783 429.725586 427.886688 363.845245 284.515045 184.428741 222.730560 281.559357 340.979004 368.008942 346.435089 293.340790 171.441818 188.764862 218.454437 256.514648 288.006226 294.980682 271.751923,
 203.573074 260.686890 333.149841 366.976929 331.240173 261.133423 202.542404 215.431839 288.920746 382.361725 428.657593 382.723785 290.734406 214.017654 224.258759 312.342377 424.074219 481.196106 425.213623 313.857941 222.913269 226.954773 322.293365 441.794250 503.058624 441.794250 322.293365 226.954773 222.913269 313.857941 425.213623 481.196106 424.074219 312.342377 224.258759 214.017654 290.734406 382.723785 428.657593 382.361725 288.920746 215.431839 202.542404 261.133423 331.240173 366.976929 333.149841 260.686890 203.573074,
 137.373062 148.902832 177.454239 220.060425 256.313293 261.140686 231.998764 148.832703 181.208939 240.467133 305.410828 334.263702 305.639679 244.695282 173.079193 233.657532 323.442383 395.487946 391.675537 318.384949 233.956573 205.515167 288.817200 388.069824 437.066284 388.069824 288.817200 205.515167 233.956573 318.384949 391.675537 395.487946 323.442383 233.657532 173.079193 244.695282 305.639679 334.263702 305.410828 240.467133 181.208939 148.832703 231.998764 261.140686 256.313293 220.060425 177.454239 148.902832 137.373062,
 214.429276 247.221375 273.620087 282.722076 274.475555 255.142242 231.055893 267.146057 314.313446 349.503967 356.847046 334.113403 293.495758 250.235291 318.963654 402.829468 474.623291 498.240509 457.328064 375.393921 290.707062 333.966949 444.819427 549.129028 594.382935 549.129028 444.819427 333.966949 290.707062 375.393921 457.328064 498.240509 474.623291 402.829468 318.963654 250.235291 293.495758 334.113403 356.847046 349.503967 314.313446 267.146057 231.055893 255.142242 274.475555 282.722076 273.620087 247.221375 214.429276,
 263.311432 296.947876 307.334351 288.378357 251.374954 217.079422 200.209076 317.239441 389.096069 425.841522 397.250061 324.235626 251.273209 204.418839 330.098145 451.185577 552.523804 552.183472 448.851746 323.126007 231.983414 286.704224 415.387390 563.965576 637.748657 563.965576 415.387390 286.704224 231.983414 323.126007 448.851746 552.183472 552.523804 451.185577 330.098145 204.418839 251.273209 324.235626 397.250061 425.841522 389.096069 317.239441 200.209076 217.079422 251.374954 288.378357 307.334351 296.947876 263.311432,
 170.875961 195.920670 220.752106 208.524017 165.427521 160.113419 179.782211 181.330048 218.171616 296.315674 327.285828 251.863785 185.061020 178.809814 183.717209 233.648102 368.219879 451.954803 344.229828 213.022583 176.694229 179.735474 232.471008 392.312073 509.156738 392.312073 232.471008 179.735474 176.694229 213.022583 344.229828 451.954803 368.219879 233.648102 183.717209 178.809814 185.061020 251.863785 327.285828 296.315674 218.171616 181.330048 179.782211 160.113419 165.427521 208.524017 220.752106 195.920670 170.875961,
 184.291656 174.574280 175.623779 201.532883 233.753540 240.205322 209.868195 176.826813 182.853363 231.782700 307.516083 348.489380 312.463959 228.691467 178.857925 233.163727 349.286743 458.619110 460.203735 350.486542 225.100632 200.103577 311.362244 463.154449 541.142517 463.154449 311.362244 200.103577 225.100632 350.486542 460.203735 458.619110 349.286743 233.163727 178.857925 228.691467 312.463959 348.489380 307.516083 231.782700 182.853363 176.826813 209.868195 240.205322 233.753540 201.532883 175.623779 174.574280 184.291656,
 2.829708 8.276083 17.978128 26.567406 26.909346 16.981964 3.708310 5.227474 17.037716 34.021133 45.238297 41.989815 25.271763 8.233953 12.934080 34.560871 67.294891 87.851349 77.798157 44.652554 16.104774 18.702644 52.133308 99.430565 123.750893 99.430565 52.133308 18.702644 16.104774 44.652554 77.798157 87.851349 67.294891 34.560871 12.934080 8.233953 25.271763 41.989815 45.238297 34.021133 17.037716 5.227474 3.708310 16.981964 26.909346 26.567406 17.978128 8.276083 2.829708,
 13.236024 17.440397 21.856546 25.107143 25.760202 23.867918 19.068542 17.534628 25.816803 35.690071 38.938793 36.373337 33.653057 30.771421 30.802998 44.469555 65.060776 72.073807 58.435333 44.627361 37.106991 39.126293 53.288918 78.177467 94.526733 78.177467 53.288918 39.126293 37.106991 44.627361 58.435333 72.073807 65.060776 44.469555 30.802998 30.771421 33.653057 36.373337 38.938793 35.690071 25.816803 17.534628 19.068542 23.867918 25.760202 25.107143 21.856546 17.440397 13.236024,
 5.528150 11.982806 23.488640 41.378445 48.641510 36.089649 14.536536 16.898640 24.509607 46.324715 76.408379 74.483223 44.593559 16.449436 21.823866 34.091454 70.594643 110.470764 91.164558 46.240227 18.625090 21.287445 41.794098 88.985718 125.763336 88.985718 41.794098 21.287445 18.625090 46.240227 91.164558 110.470764 70.594643 34.091454 21.823866 16.449436 44.593559 74.483223 76.408379 46.324715 24.509607 16.898640 14.536536 36.089649 48.641510 41.378445 23.488640 11.982806 5.528150,
 20.067554 25.487661 27.811634 27.903267 26.084820 22.451632 18.945126 40.026558 43.546478 49.816486 58.433994 60.700359 51.313774 38.081406 59.636063 69.884430 90.471855 110.684021 108.043510 83.254059 60.039482 69.774612 91.410011 124.019653 142.313446 124.019653 91.410011 69.774612 60.039482 83.254059 108.043510 110.684021 90.471855 69.884430 59.636063 38.081406 51.313774 60.700359 58.433994 49.816486 43.546478 40.026558 18.945126 22.451632 26.084820 27.903267 27.811634 25.487661 20.067554,

Pairwise cross-correlations of the modulus of all oriented sub-bands at the same scale (size QxQ)
 166.888214 119.760780 63.688828 109.173569,
 119.760780 189.445374 119.477013 72.184692,
 63.688828 119.477013 163.707138 111.725868,
 109.173569 72.184692 111.725868 171.827148,
 440.521942 349.218414 330.816681 335.617889,
 349.218414 470.421265 395.002228 312.544861,
 330.816681 395.002228 503.058624 371.330444,
 335.617889 312.544861 371.330444 437.066345,
 594.382935 482.484528 324.298309 425.083649,
 482.484528 637.748657 415.040344 379.484192,
 324.298309 415.040344 509.156769 372.287415,
 425.083649 379.484192 372.287415 541.142517,
 123.750908 65.675591 32.970802 80.500404,
 65.675591 94.526733 57.303413 56.932125,
 32.970802 57.303413 125.763336 85.862427,
 80.500404 56.932125 85.862427 142.313431,

Cross-correlations of the modulus of all oriented sub-bands with all oriented sub-bands at the coarser scale (size QxQ)
 226.348862 190.572678 166.412689 179.520325,
 194.552612 252.899918 219.135483 158.430450,
 142.826477 200.090515 245.376190 185.839874,
 186.321320 165.552795 209.180511 234.384949,
 372.962982 335.638702 303.476807 350.992218,
 367.835449 382.722137 341.438873 320.052185,
 351.485870 376.497955 390.849487 376.340393,
 349.945587 319.971344 316.416107 361.120026,
 139.793549 149.052643 119.054588 164.226227,
 137.855469 153.346405 136.837585 159.278061,
 100.311539 92.679962 128.702652 145.509445,
 101.736496 112.073799 139.763306 156.722061,

Cross-correlations of the real part of each oriented sub-band with both the real and imaginary part of all phase-doubled oriented sub-bands at the next coarser scale (Q matrices of size 1x2Q, which are computed and stored in a matrix of size Qx2Q)
 94.986038 44.258663 4.759883 36.429630 -3.873199 -1.067403 -0.756341 1.640040,
 44.096054 109.071671 46.757053 3.456051 -1.655455 -1.791592 -1.434294 0.166450,
 4.466887 51.848518 92.998276 36.427406 -0.006065 0.387392 -3.167365 -1.785725,
 38.999638 4.923560 36.951889 83.333832 -1.214956 0.248658 -2.436469 -1.075749,
 -118.090729 -45.407188 -3.902359 -56.518574 -11.857854 -8.294549 3.438030 13.135798,
 -43.588467 -116.797829 -68.158836 -9.009649 -13.954506 -13.426690 -1.492153 -0.582452,
 -7.215519 -62.391315 -158.677719 -45.149124 -2.238473 -0.648134 -26.291969 4.908565,
 -66.213982 -9.179597 -61.190105 -96.342178 -1.899609 -0.165444 -10.970117 26.302065,
 -70.935196 -21.795584 -5.331185 -18.248886 -41.807831 -17.569450 -1.644373 -3.702561,
 -24.919275 -58.861465 -29.626831 -0.300075 -25.196194 -17.031288 -4.735290 -1.669525,
 -2.859842 -35.333496 -49.002445 -39.764515 0.375769 -7.041856 -8.419984 -10.456732,
 -35.451057 -2.923145 -24.015871 -68.097931 -10.426764 -4.195025 -10.083418 -13.235839,
