Low-band skewness and kurtosis
 -2.400415 7.056903,
 -2.434080 7.581990,
 -2.103467 6.316445,
 -1.949555 6.041497,
 -1.481527 4.296801,

High-band variance
 111.230583,

Skewness, kurtosis, variance, mean, maximum and minimum of the reconstructed texture
 -2.389732 6.843238 6117.541992 225.675293 255.000000 0.000000,

Auto-correlations of the low-frequency bands at each scale
 3271.005859 3680.432129 3986.565918 4120.655273 4044.762207 3795.532715 3439.290527 3633.969971 4171.609375 4639.366211 4846.080566 4667.963867 4231.480469 3726.225342 3898.381348 4595.658691 5297.708496 5619.943359 5305.779785 4615.551270 3932.375488 4004.537842 4778.705566 5599.371094 5981.891602 5599.371094 4778.705566 4004.537842 3932.375488 4615.551270 5305.779785 5619.943359 5297.708496 4595.658691 3898.381348 3726.225342 4231.480469 4667.963867 4846.080566 4639.366211 4171.609375 3633.969971 3439.290527 3795.532715 4044.762207 4120.655273 3986.565918 3680.432129 3271.005859,
 1851.650269 2078.735352 2405.268799 2664.546875 2716.094482 2614.956055 2455.268555 2081.812988 2519.013916 3169.354980 3547.774414 3321.500000 2822.489990 2488.344727 2277.300293 3071.852783 4269.589355 4901.143066 4318.629395 3198.836670 2497.869629 2433.856445 3381.383301 4846.045898 5609.749023 4846.045898 3381.383301 2433.856445 2497.869629 3198.836670 4318.629395 4901.143066 4269.589355 3071.852783 2277.300293 2488.344727 2822.489990 3321.500000 3547.774414 3169.354980 2519.013916 2081.812988 2455.268555 2614.956055 2716.094482 2664.546875 2405.268799 2078.735352 1851.650269,
 796.418823 1083.186523 1337.832764 1628.161987 1850.099121 2202.715332 2610.412109 1167.882812 1379.297852 1832.489990 2339.184570 2361.199463 2265.900879 2330.685791 1352.038086 1789.370850 2837.925781 3655.473145 3172.573242 2273.442139 1885.574219 1553.499023 2178.555908 3560.909668 4442.047852 3560.909668 2178.555908 1553.499023 1885.574219 2273.442139 3172.573242 3655.473145 2837.925781 1789.370850 1352.038086 2330.685791 2265.900879 2361.199463 2339.184570 1832.489990 1379.297852 1167.882812 2610.412109 2202.715332 1850.099121 1628.161987 1337.832764 1083.186523 796.418823,
 -770.549072 -626.277588 -301.809937 347.962921 1272.372437 2002.301758 2099.379639 -590.094727 -177.528687 493.755615 1289.417969 1990.435303 2281.750977 1896.888672 -204.458649 528.626709 1651.335693 2509.186035 2532.101807 1983.072754 1223.220337 436.250275 1329.959595 2512.430176 3138.049805 2512.430176 1329.959595 436.250275 1223.220337 1983.072754 2532.101807 2509.186035 1651.335693 528.626709 -204.458649 1896.888672 2281.750977 1990.435303 1289.417969 493.755615 -177.528687 -590.094727 2099.379639 2002.301758 1272.372437 347.962921 -301.809937 -626.277588 -770.549072,
 -355.469879 -863.365845 -1132.640625 -874.247986 -110.365906 584.315796 666.452148 -857.799316 -1116.413940 -875.385559 61.114090 1105.624023 1315.949829 597.577026 -1107.398926 -855.123901 171.070557 1499.578857 1944.956787 1129.364380 -76.604370 -838.327759 93.332008 1512.608398 2248.069580 1512.608398 93.332008 -838.327759 -76.604370 1129.364380 1944.956787 1499.578857 171.070557 -855.123901 -1107.398926 597.577026 1315.949829 1105.624023 61.114090 -875.385559 -1116.413940 -857.799316 666.452148 584.315796 -110.365906 -874.247986 -1132.640625 -863.365845 -355.469879,

Auto-correlations of the modulus of each oriented sub-band
 71.791443 78.650497 84.422142 86.823990 85.066780 80.566818 75.916138 82.995979 93.716805 102.729034 106.181633 102.608780 94.182930 85.119743 94.135223 109.166176 122.113350 127.114761 121.680687 108.874794 94.786072 99.145996 116.010262 131.103271 137.308960 131.103271 116.010262 99.145996 94.786072 108.874794 121.680687 127.114761 122.113350 109.166176 94.135223 85.119743 94.182930 102.608780 106.181633 102.729034 93.716805 82.995979 75.916138 80.566818 85.066780 86.823990 84.422142 78.650497 71.791443,
 80.217697 86.984642 92.689972 94.108368 90.712524 84.418037 77.314285 86.921890 99.443848 110.126266 113.070435 107.067856 95.809570 83.636154 91.999847 109.606956 125.497009 130.870056 122.659882 106.567451 89.650848 93.008560 112.281998 130.578293 138.621078 130.578293 112.281998 93.008560 89.650848 106.567451 122.659882 130.870056 125.497009 109.606956 91.999847 83.636154 95.809570 107.067856 113.070435 110.126266 99.443848 86.921890 77.314285 84.418037 90.712524 94.108368 92.689972 86.984642 80.217697,
 65.946579 76.378174 87.725227 93.412651 89.417107 79.065887 68.491165 71.514015 86.090385 101.933647 109.695236 103.068260 87.796577 72.945549 76.444191 94.753189 114.686096 124.427277 115.237366 95.592575 77.115501 78.632545 98.499634 120.028900 130.510117 120.028900 98.499634 78.632545 77.115501 95.592575 115.237366 124.427277 114.686096 94.753189 76.444191 72.945549 87.796577 103.068260 109.695236 101.933647 86.090385 71.514015 68.491165 79.065887 89.417107 93.412651 87.725227 76.378174 65.946579,
 77.186302 85.078049 92.342003 97.208504 98.002419 94.686691 89.206535 84.802505 97.752159 110.022888 117.243660 115.707443 106.215675 93.881821 91.693977 109.581573 126.779388 135.859467 131.050812 115.175934 96.864769 96.177711 116.527252 135.637177 143.939590 135.637177 116.527252 96.177711 96.864769 115.175934 131.050812 135.859467 126.779388 109.581573 91.693977 93.881821 106.215675 115.707443 117.243660 110.022888 97.752159 84.802505 89.206535 94.686691 98.002419 97.208504 92.342003 85.078049 77.186302,
 188.654816 202.491394 214.220978 221.625305 223.066437 219.186768 211.802856 226.938110 249.107178 266.793427 274.260529 269.221405 255.322876 237.901855 267.275116 302.161804 331.856232 344.043640 332.690338 305.171570 272.987885 289.162994 330.810791 367.559998 383.117340 367.559998 330.810791 289.162994 272.987885 305.171570 332.690338 344.043640 331.856232 302.161804 267.275116 237.901855 255.322876 269.221405 274.260529 266.793427 249.107178 226.938110 211.802856 219.186768 223.066437 221.625305 214.220978 202.491394 188.654816,
 197.382202 211.319839 215.941376 210.979584 200.720306 189.692276 180.228882 216.855972 245.423004 260.407990 252.422394 227.976151 202.332123 184.333420 220.453262 265.777863 302.729767 305.429993 271.401764 226.339691 192.314194 207.678391 255.246887 307.665588 332.432159 307.665588 255.246887 207.678391 192.314194 226.339691 271.401764 305.429993 302.729767 265.777863 220.453262 184.333420 202.332123 227.976151 252.422394 260.407990 245.423004 216.855972 180.228882 189.692276 200.720306 210.979584 215.941376 211.319839 197.382202,
 167.221207 202.636841 242.007782 264.986511 251.481384 214.872009 186.694992 180.795319 221.958588 273.260162 303.666077 280.698456 228.550232 189.888245 188.491455 235.994629 300.058594 337.341949 304.082397 238.392334 191.268036 191.270767 241.691422 312.256836 351.544220 312.256836 241.691422 191.270767 191.268036 238.392334 304.082397 337.341949 300.058594 235.994629 188.491455 189.888245 228.550232 280.698456 303.666077 273.260162 221.958588 180.795319 186.694992 214.872009 251.481384 264.986511 242.007782 202.636841 167.221207,
 193.047958 206.360718 227.165161 255.581421 280.351868 288.895325 278.325745 208.337433 231.693588 267.999634 307.070068 327.065674 316.084229 284.181610 229.826340 269.269226 321.502655 362.616028 363.591034 325.595276 276.236084 255.622009 307.310791 362.939453 388.994812 362.939453 307.310791 255.622009 276.236084 325.595276 363.591034 362.616028 321.502655 269.269226 229.826340 284.181610 316.084229 327.065674 307.070068 267.999634 231.693588 208.337433 278.325745 288.895325 280.351868 255.581421 227.165161 206.360718 193.047958,
 90.191811 144.402267 193.431854 235.406555 268.705872 287.416504 284.204132 138.870087 202.166473 260.173309 302.202942 321.141693 315.883881 289.335663 202.787781 282.720276 355.950378 396.000153 388.375061 343.681702 283.622498 258.760559 343.970703 420.527466 452.868683 420.527466 343.970703 258.760559 283.622498 343.681702 388.375061 396.000153 355.950378 282.720276 202.787781 289.335663 315.883881 321.141693 302.202942 260.173309 202.166473 138.870087 284.204132 287.416504 268.705872 235.406555 193.431854 144.402267 90.191811,
 152.831390 197.922791 224.254700 228.733673 225.945618 233.304535 248.315460 202.688370 266.841217 308.312653 304.102692 269.237335 240.106781 232.782150 227.027878 306.114746 377.767212 388.590668 333.263428 265.903625 224.713547 228.089310 298.710419 385.524628 429.685364 385.524628 298.710419 228.089310 224.713547 265.903625 333.263428 388.590668 377.767212 306.114746 227.027878 232.782150 240.106781 269.237335 304.102692 308.312653 266.841217 202.688370 248.315460 233.304535 225.945618 228.733673 224.254700 197.922791 152.831390,
 54.393791 99.511063 152.873032 190.158997 211.961075 232.382401 235.549927 92.438545 147.462219 218.204742 257.917664 250.665955 236.253601 217.876404 126.718681 189.226517 275.660583 323.242218 286.771851 231.773300 189.093933 157.915970 217.334167 300.543671 352.495728 300.543671 217.334167 157.915970 189.093933 231.773300 286.771851 323.242218 275.660583 189.226517 126.718681 217.876404 236.253601 250.665955 257.917664 218.204742 147.462219 92.438545 235.549927 232.382401 211.961075 190.158997 152.873032 99.511063 54.393791,
 37.029556 78.158371 132.966949 191.033813 239.319183 264.990662 260.820984 86.149185 144.751221 215.611481 277.389221 306.913483 292.906769 250.389664 139.874222 218.765335 307.842590 370.192810 365.834106 302.046661 224.821548 187.656616 277.713593 371.460175 416.045654 371.460175 277.713593 187.656616 224.821548 302.046661 365.834106 370.192810 307.842590 218.765335 139.874222 250.389664 292.906769 306.913483 277.389221 215.611481 144.751221 86.149185 260.820984 264.990662 239.319183 191.033813 132.966949 78.158371 37.029556,
 -33.277103 -13.188627 10.100245 31.923010 46.334686 51.059944 47.963680 -8.975727 15.930605 37.290581 53.716522 63.965584 65.188980 53.645851 14.485244 54.792404 85.501923 94.708542 84.410675 66.063805 45.039139 28.948105 69.899353 110.938240 130.093002 110.938240 69.899353 28.948105 45.039139 66.063805 84.410675 94.708542 85.501923 54.792404 14.485244 53.645851 65.188980 63.965584 53.716522 37.290581 15.930605 -8.975727 47.963680 51.059944 46.334686 31.923010 10.100245 -13.188627 -33.277103,
 -28.895241 4.624481 41.609833 79.666840 110.794495 124.521194 116.038506 -2.918217 42.986160 90.507240 130.345139 153.033447 150.857315 122.253738 31.026596 89.002747 146.506943 181.858917 182.021866 153.057953 106.196487 70.903084 129.922928 183.170837 206.405914 183.170837 129.922928 70.903084 106.196487 153.057953 182.021866 181.858917 146.506943 89.002747 31.026596 122.253738 150.857315 153.033447 130.345139 90.507240 42.986160 -2.918217 116.038506 124.521194 110.794495 79.666840 41.609833 4.624481 -28.895241,
 -28.323502 -5.063705 20.745077 40.749786 51.005501 61.605865 60.731628 -5.297241 20.069616 54.239830 77.313263 71.005089 69.599129 63.838005 16.582745 42.453568 84.310295 115.199753 89.148659 67.634743 53.672344 36.251141 58.421051 97.163055 133.059937 97.163055 58.421051 36.251141 53.672344 67.634743 89.148659 115.199753 84.310295 42.453568 16.582745 63.838005 69.599129 71.005089 77.313263 54.239830 20.069616 -5.297241 60.731628 61.605865 51.005501 40.749786 20.745077 -5.063705 -28.323502,
 -96.789436 -50.896584 7.082413 64.668816 102.568108 114.187965 112.223152 -59.325214 2.111572 74.784195 135.410080 156.341858 136.866394 102.540955 -15.252882 59.595058 142.859604 197.343307 191.349228 137.375717 74.198982 31.897165 109.661293 188.212616 223.382065 188.212616 109.661293 31.897165 74.198982 137.375717 191.349228 197.343307 142.859604 59.595058 -15.252882 102.540955 136.866394 156.341858 135.410080 74.784195 2.111572 -59.325214 112.223152 114.187965 102.568108 64.668816 7.082413 -50.896584 -96.789436,

Pairwise cross-correlations of the modulus of all oriented sub-bands at the same scale (size QxQ)
 137.308960 100.742050 67.552208 102.078003,
 100.742050 138.621094 95.629173 72.830597,
 67.552208 95.629173 130.510162 100.139938,
 102.078003 72.830597 100.139938 143.939590,
 383.117340 291.081207 265.037018 306.555206,
 291.081207 332.432190 278.450562 270.572357,
 265.037018 278.450562 351.544250 304.094971,
 306.555206 270.572357 304.094971 388.994812,
 452.868744 322.812775 247.627884 320.161438,
 322.812775 429.685364 299.407104 281.774658,
 247.627884 299.407104 352.495789 312.461487,
 320.161438 281.774658 312.461487 416.045685,
 130.093018 101.616379 61.172401 125.202805,
 101.616379 206.405945 106.086517 109.109650,
 61.172401 106.086517 133.059952 116.305992,
 125.202805 109.109650 116.305992 223.382111,

Cross-correlations of the modulus of all oriented sub-bands with all oriented sub-bands at the coarser scale (size QxQ)
 194.423508 157.752258 132.238770 172.592636,
 168.803375 187.422485 163.499908 156.028931,
 133.657410 150.400223 184.180206 168.483459,
 168.685638 136.171738 163.295609 204.730087,
 318.282166 288.416687 232.502686 277.198547,
 280.344696 296.813660 245.482361 255.684113,
 254.106491 283.083862 266.674622 272.291016,
 283.195435 290.385254 268.260803 313.097626,
 142.165253 148.768616 148.619431 231.423706,
 161.247177 198.374527 132.136749 205.282516,
 116.709686 140.529480 135.186340 203.846786,
 130.647369 137.779114 143.035736 229.093735,

Cross-correlations of the real part of each oriented sub-band with both the real and imaginary part of all phase-doubled oriented sub-bands at the next coarser scale (Q matrices of size 1x2Q, which are computed and stored in a matrix of size Qx2Q)
 65.333382 28.742601 3.694359 32.384567 6.473951 4.274589 0.131063 -2.845382,
 29.331730 56.300201 23.526812 3.047850 1.943597 6.214180 -0.945066 -1.138608,
 4.228150 22.627003 61.680668 35.507057 0.653777 -0.292259 -2.385139 -0.722359,
 31.167374 3.053426 33.362129 78.559319 3.821184 -0.659459 -0.183483 -0.955985,
 -37.629169 -11.746193 -2.172575 -25.124599 -20.347670 -4.985877 0.087875 9.419842,
 -10.198524 -25.857616 -16.382593 -3.568758 -7.901864 -13.733076 -19.880903 -0.283631,
 -2.188895 -14.971514 -38.716469 -33.231262 -1.439516 -11.884607 -26.999807 4.886776,
 -24.692886 -2.232674 -19.814278 -64.110275 -10.348389 -2.536625 1.690078 16.097733,
 -45.750793 -12.785220 -0.980241 -17.998474 -48.357109 -54.858551 -7.924688 11.196259,
 -17.950397 -21.256504 2.438656 -0.009612 -45.216953 -109.248863 -22.830225 1.923565,
 -4.302854 -0.774953 6.386501 5.108178 -11.026222 -21.338608 -7.719147 7.793671,
 -28.382854 -1.177092 4.122801 -16.942974 -16.664047 1.285665 3.163051 20.744028,
