Low-band skewness and kurtosis
 -2.313315 6.686977,
 -2.375622 7.441592,
 -1.853620 5.444916,
 -1.640995 4.971746,
 -1.209214 3.390974,

High-band variance
 131.061935,

Skewness, kurtosis, variance, mean, maximum and minimum of the reconstructed texture
 -2.302569 6.448791 6315.696777 224.168884 255.000000 0.000000,

Auto-correlations of the low-frequency bands at each scale
 2801.849609 3246.158936 3582.668945 3713.237793 3570.186523 3212.214111 2754.395508 3284.981934 3914.781982 4463.861816 4691.380859 4437.969238 3873.274658 3249.583008 3625.131836 4473.869629 5318.757812 5695.593262 5296.593750 4445.488770 3610.493652 3748.526367 4696.818359 5692.911133 6156.049316 5692.911133 4696.818359 3748.526367 3610.493652 4445.488770 5296.593750 5695.593262 5318.757812 4473.869629 3625.131836 3249.583008 3873.274658 4437.969238 4691.380859 4463.861816 3914.781982 3284.981934 2754.395508 3212.214111 3570.186523 3713.237793 3582.668945 3246.158936 2801.849609,
 1505.521729 1436.020508 1574.830933 1696.528442 1617.063599 1536.567383 1647.479736 1633.713745 1901.703735 2550.783936 2907.388672 2524.385986 1901.623169 1675.906128 1784.728760 2608.516846 4028.507568 4763.102539 3995.001221 2589.311279 1798.867920 1876.451172 2973.875977 4777.153320 5718.209473 4777.153320 2973.875977 1876.451172 1798.867920 2589.311279 3995.001221 4763.102539 4028.507568 2608.516846 1784.728760 1675.906128 1901.623169 2524.385986 2907.388672 2550.783936 1901.703735 1633.713745 1647.479736 1536.567383 1617.063599 1696.528442 1574.830933 1436.020508 1505.521729,
 800.922363 1020.037292 1069.483643 1182.259644 1394.953857 1530.220581 1463.650635 1024.467773 1150.981689 1315.488647 1532.299072 1534.946411 1504.869629 1508.616943 1349.067017 1611.044189 2409.945801 3003.711426 2443.674316 1658.983154 1470.260376 1488.858643 1882.894531 3153.501953 4029.560303 3153.501953 1882.894531 1488.858643 1470.260376 1658.983154 2443.674316 3003.711426 2409.945801 1611.044189 1349.067017 1508.616943 1504.869629 1534.946411 1532.299072 1315.488647 1150.981689 1024.467773 1463.650635 1530.220581 1394.953857 1182.259644 1069.483643 1020.037292 800.922363,
 -416.559174 -175.409790 163.969391 575.473389 997.661377 1291.831543 1276.555542 -182.458191 262.294617 743.366211 1129.168213 1323.243164 1385.735840 1260.031006 60.863922 733.795532 1525.040405 1993.182861 1813.407837 1353.871216 941.214600 474.218506 1173.466431 2056.886719 2520.156006 2056.886719 1173.466431 474.218506 941.214600 1353.871216 1813.407837 1993.182861 1525.040405 733.795532 60.863922 1260.031006 1385.735840 1323.243164 1129.168213 743.366211 262.294617 -182.458191 1276.555542 1291.831543 997.661377 575.473389 163.969391 -175.409790 -416.559174,
 -342.871857 -697.007751 -869.234741 -564.575195 47.962769 407.801331 304.651215 -711.082886 -845.987488 -553.932800 201.228638 875.955139 880.460144 303.268768 -871.631958 -540.320923 351.249878 1285.473145 1460.146606 802.305054 -80.271851 -613.769348 167.705368 1272.214111 1836.885498 1272.214111 167.705368 -613.769348 -80.271851 802.305054 1460.146606 1285.473145 351.249878 -540.320923 -871.631958 303.268768 880.460144 875.955139 201.228638 -553.932800 -845.987488 -711.082886 304.651215 407.801331 47.962769 -564.575195 -869.234741 -697.007751 -342.871857,

Auto-correlations of the modulus of each oriented sub-band
 79.862877 86.106529 91.883598 93.913559 90.718147 83.897530 76.982704 95.993973 106.032578 115.240463 118.799171 114.503098 104.567535 93.974564 111.473534 125.862183 139.150925 144.621597 139.061264 125.550522 110.880699 118.283714 134.908325 150.392593 156.852142 150.392593 134.908325 118.283714 110.880699 125.550522 139.061264 144.621597 139.150925 125.862183 111.473534 93.974564 104.567535 114.503098 118.799171 115.240463 106.032578 95.993973 76.982704 83.897530 90.718147 93.913559 91.883598 86.106529 79.862877,
 96.207466 100.713951 102.100227 98.945053 91.547630 81.770393 71.948967 100.918701 113.517548 122.264465 122.107254 112.327118 96.868744 80.843018 101.508003 121.649704 138.408859 142.775589 131.674271 111.299362 89.828026 97.375076 120.843727 142.291779 151.528259 142.291779 120.843727 97.375076 89.828026 111.299362 131.674271 142.775589 138.408859 121.649704 101.508003 80.843018 96.868744 112.327118 122.107254 122.264465 113.517548 100.918701 71.948967 81.770393 91.547630 98.945053 102.100227 100.713951 96.207466,
 72.964668 87.561272 101.959648 108.359016 102.604897 89.240929 75.781731 80.726883 99.081818 117.536949 125.822998 117.836098 99.975662 82.251617 87.778030 109.359596 131.442902 141.597931 131.503235 109.653511 88.313309 90.731781 113.541229 137.085266 148.115616 137.085266 113.541229 90.731781 88.313309 109.653511 131.503235 141.597931 131.442902 109.359596 87.778030 82.251617 99.975662 117.836098 125.822998 117.536949 99.081818 80.726883 75.781731 89.240929 102.604897 108.359016 101.959648 87.561272 72.964668,
 78.401749 90.141785 101.026749 109.014984 112.631378 111.894928 108.413589 88.167564 105.754173 122.091873 132.325714 132.810776 124.436501 112.208778 98.720276 121.471809 142.519653 153.900940 149.703918 132.943985 112.439240 107.655258 132.053680 153.926529 163.239395 153.926529 132.053680 107.655258 112.439240 132.943985 149.703918 153.900940 142.519653 121.471809 98.720276 112.208778 124.436501 132.810776 132.325714 122.091873 105.754173 88.167564 108.413589 111.894928 112.631378 109.014984 101.026749 90.141785 78.401749,
 237.113113 252.262634 265.695068 275.049652 278.477478 276.130249 268.878906 294.539703 318.473541 338.760803 349.053375 345.221497 329.756744 307.905487 352.602875 393.415833 428.373779 443.548157 430.134583 395.680115 353.851166 377.120392 428.683807 473.299683 492.185974 473.299683 428.683807 377.120392 353.851166 395.680115 430.134583 443.548157 428.373779 393.415833 352.602875 307.905487 329.756744 345.221497 349.053375 338.760803 318.473541 294.539703 268.878906 276.130249 278.477478 275.049652 265.695068 252.262634 237.113113,
 265.512451 288.073669 289.145813 272.996948 253.351242 239.153320 228.791290 294.448883 337.265961 354.916687 336.558533 297.403320 261.870026 239.177444 300.178528 361.826080 410.760437 410.835480 361.841064 301.501617 258.253235 283.140808 344.550598 413.627014 446.883881 413.627014 344.550598 283.140808 258.253235 301.501617 361.841064 410.835480 410.760437 361.826080 300.178528 239.177444 261.870026 297.403320 336.558533 354.916687 337.265961 294.448883 228.791290 239.153320 253.351242 272.996948 289.145813 288.073669 265.512451,
 201.386856 244.112839 300.097412 333.200195 319.009460 273.747406 231.003922 214.090393 269.279541 342.861023 383.548157 355.818420 290.041626 235.080139 226.307495 291.898590 381.395966 429.523773 387.736359 302.451141 237.306885 234.822601 304.297058 399.272186 449.351624 399.272186 304.297058 234.822601 237.306885 302.451141 387.736359 429.523773 381.395966 291.898590 226.307495 235.080139 290.041626 355.818420 383.548157 342.861023 269.279541 214.090393 231.003922 273.747406 319.009460 333.200195 300.097412 244.112839 201.386856,
 217.317963 238.823669 271.991455 311.676941 341.887085 345.947815 317.732758 235.072754 272.498779 327.979218 382.357452 406.989349 387.490051 335.027832 262.824707 323.797913 401.453705 459.078918 458.395233 402.625427 327.928101 298.571686 376.974182 458.321716 495.575928 458.321716 376.974182 298.571686 327.928101 402.625427 458.395233 459.078918 401.453705 323.797913 262.824707 335.027832 387.490051 406.989349 382.357452 327.979218 272.498779 235.072754 317.732758 345.947815 341.887085 311.676941 271.991455 238.823669 217.317963,
 97.403847 128.685257 159.169205 189.156036 211.540939 222.570724 223.323120 136.758179 173.644745 209.116470 236.840973 246.322433 238.595459 222.224243 192.533966 251.561249 309.321777 339.435699 322.759521 273.391144 220.255280 222.124298 298.725342 377.239563 413.102539 377.239563 298.725342 222.124298 220.255280 273.391144 322.759521 339.435699 309.321777 251.561249 192.533966 222.224243 238.595459 246.322433 236.840973 209.116470 173.644745 136.758179 223.323120 222.570724 211.540939 189.156036 159.169205 128.685257 97.403847,
 127.564018 177.151642 213.540619 226.420364 218.181244 196.301361 168.049377 175.141541 238.874115 293.244629 300.052979 266.022705 222.757996 182.665680 208.967270 289.772369 374.910675 395.413544 332.674713 255.565018 195.534225 209.607590 289.975861 390.825684 447.833252 390.825684 289.975861 209.607590 195.534225 255.565018 332.674713 395.413544 374.910675 289.772369 208.967270 182.665680 222.757996 266.022705 300.052979 293.244629 238.874115 175.141541 168.049377 196.301361 218.181244 226.420364 213.540619 177.151642 127.564018,
 163.964661 218.952362 278.763519 311.652466 292.887115 264.881897 257.047302 211.150238 270.653900 354.105652 403.272186 361.271912 298.785553 271.812286 250.714844 314.610687 421.950165 490.447540 426.180084 329.601837 281.877563 276.167877 337.703369 452.473450 528.885254 452.473450 337.703369 276.167877 281.877563 329.601837 426.180084 490.447540 421.950165 314.610687 250.714844 271.812286 298.785553 361.271912 403.272186 354.105652 270.653900 211.150238 257.047302 264.881897 292.887115 311.652466 278.763519 218.952362 163.964661,
 92.904480 130.591248 175.999817 233.601395 279.408997 288.320435 273.667664 130.207916 178.346954 244.800232 322.673462 359.259338 331.036224 280.550873 172.239044 240.102890 341.206451 434.272034 431.365448 346.963776 260.923676 218.735779 309.512299 428.583069 494.657471 428.583069 309.512299 218.735779 260.923676 346.963776 431.365448 434.272034 341.206451 240.102890 172.239044 280.550873 331.036224 359.259338 322.673462 244.800232 178.346954 130.207916 273.667664 288.320435 279.408997 233.601395 175.999817 130.591248 92.904480,
 -15.487923 -5.797564 5.831374 16.658783 22.129787 20.360300 14.212959 -11.199582 2.016184 19.004261 31.903086 32.735668 23.647312 13.519069 4.572232 24.403347 51.700497 68.277740 60.112614 37.371426 18.790775 18.424522 42.959988 76.438103 93.525787 76.438103 42.959988 18.424522 18.790775 37.371426 60.112614 68.277740 51.700497 24.403347 4.572232 13.519069 23.647312 32.735668 31.903086 19.004261 2.016184 -11.199582 14.212959 20.360300 22.129787 16.658783 5.831374 -5.797564 -15.487923,
 15.277163 24.802298 33.661491 40.245457 45.396286 47.665245 43.434219 30.663284 46.056976 58.298008 58.839035 55.944607 58.009544 57.023056 40.529861 64.474182 91.588951 95.000397 74.729774 59.410931 54.218277 45.717144 64.550674 97.874657 118.954941 97.874657 64.550674 45.717144 54.218277 59.410931 74.729774 95.000397 91.588951 64.474182 40.529861 57.023056 58.009544 55.944607 58.839035 58.298008 46.056976 30.663284 43.434219 47.665245 45.396286 40.245457 33.661491 24.802298 15.277163,
 -4.719591 6.173443 14.392682 29.105789 43.747524 49.090046 46.463020 19.318464 35.319641 56.817448 79.150276 82.774269 68.300316 53.992279 37.177105 62.244419 103.248596 134.052750 117.874130 78.663673 52.594357 46.969200 77.685715 128.702850 160.012177 128.702850 77.685715 46.969200 52.594357 78.663673 117.874130 134.052750 103.248596 62.244419 37.177105 53.992279 68.300316 82.774269 79.150276 56.817448 35.319641 19.318464 46.463020 49.090046 43.747524 29.105789 14.392682 6.173443 -4.719591,
 -23.186426 -2.258900 22.547836 46.350456 62.127411 65.273254 56.793106 13.765501 50.005692 87.386055 115.067368 121.161812 103.892288 75.511803 51.493790 101.248398 150.289459 179.879776 171.583527 132.812790 86.798599 79.067528 133.502136 185.146942 208.489441 185.146942 133.502136 79.067528 86.798599 132.812790 171.583527 179.879776 150.289459 101.248398 51.493790 75.511803 103.892288 121.161812 115.067368 87.386055 50.005692 13.765501 56.793106 65.273254 62.127411 46.350456 22.547836 -2.258900 -23.186426,

Pairwise cross-correlations of the modulus of all oriented sub-bands at the same scale (size QxQ)
 156.852158 107.008812 68.542000 108.387703,
 107.008812 151.528290 106.098824 72.730347,
 68.542000 106.098824 148.115662 110.167053,
 108.387703 72.730347 110.167053 163.239410,
 492.185974 395.320312 343.774231 393.571533,
 395.320312 446.883911 360.287201 349.026367,
 343.774231 360.287201 449.351654 390.472839,
 393.571533 349.026367 390.472839 495.575897,
 413.102570 308.780304 299.730042 354.380371,
 308.780304 447.833191 349.793091 285.424866,
 299.730042 349.793091 528.885376 379.012360,
 354.380371 285.424866 379.012360 494.657501,
 93.525787 47.934952 61.426792 96.704895,
 47.934952 118.954956 84.705566 46.333984,
 61.426792 84.705566 160.012177 125.411682,
 96.704895 46.333984 125.411682 208.489441,

Cross-correlations of the modulus of all oriented sub-bands with all oriented sub-bands at the coarser scale (size QxQ)
 242.931335 194.769440 157.927872 195.994095,
 205.518906 226.423691 193.275345 171.220245,
 169.647141 186.599060 222.531708 202.859818,
 205.464142 165.995438 198.515305 246.299637,
 345.102936 334.811829 345.735657 349.329590,
 311.659546 351.674225 350.006165 312.299072,
 280.168915 306.017975 375.610229 328.837952,
 320.515289 317.609344 361.574768 362.672699,
 108.620888 101.147034 114.500046 171.209473,
 101.136978 117.250252 134.702026 157.653732,
 115.746544 125.030396 211.072510 220.332916,
 91.810196 108.872482 140.172211 184.344849,

Cross-correlations of the real part of each oriented sub-band with both the real and imaginary part of all phase-doubled oriented sub-bands at the next coarser scale (Q matrices of size 1x2Q, which are computed and stored in a matrix of size Qx2Q)
 89.628609 38.933300 4.224795 37.544205 1.188870 1.011307 0.223903 -3.561372,
 37.555069 84.231911 39.210564 3.534210 -0.446072 -0.411164 1.023138 -0.963439,
 2.970063 38.302971 84.261986 34.651737 -0.115937 -1.526910 6.220122 3.364881,
 38.912495 4.833436 36.857689 82.900085 1.911711 -0.029716 4.737339 2.505621,
 -105.063065 -47.992622 -5.049198 -26.774197 19.526798 -0.758255 0.972812 -12.250870,
 -52.687588 -101.023666 -41.760132 -6.039129 4.315860 -4.988794 4.875321 0.051397,
 -6.958086 -45.861473 -76.891434 -34.048130 -0.133197 -3.703794 19.758144 2.964275,
 -43.916504 -6.806087 -30.573570 -57.292740 11.210671 0.603051 12.378000 -13.045660,
 -21.058647 -14.965547 0.010028 -21.212408 9.955067 17.519802 -1.174249 11.419494,
 -10.509737 -30.798100 -5.447475 -2.857096 2.594498 17.530476 10.936270 0.839980,
 -5.395004 -22.072311 -12.287783 -17.638046 -2.460223 2.475461 17.740923 26.659775,
 -17.249945 -5.180745 -3.323272 -40.373257 2.143625 3.657409 -0.916434 48.793747,
