Low-band skewness and kurtosis
 -3.576336 14.231379,
 -3.601440 14.957033,
 -3.304331 13.659656,
 -2.356506 8.153060,
 -1.190332 3.291976,

High-band variance
 61.361507,

Skewness, kurtosis, variance, mean, maximum and minimum of the reconstructed texture
 -3.566360 13.903041 3614.865234 238.871277 255.000000 0.000000,

Auto-correlations of the low-frequency bands at each scale
 1589.091064 1923.673340 2222.190918 2458.885254 2595.420410 2617.544922 2541.331787 1912.327393 2289.932617 2649.503662 2904.927246 2958.808350 2832.144043 2610.813232 2203.236328 2637.997803 3079.246338 3341.791016 3265.044678 2947.910400 2579.500977 2438.076172 2888.075195 3335.204590 3539.564453 3335.204590 2888.075195 2438.076172 2579.500977 2947.910400 3265.044678 3341.791016 3079.246338 2637.997803 2203.236328 2610.813232 2832.144043 2958.808350 2904.927246 2649.503662 2289.932617 1912.327393 2541.331787 2617.544922 2595.420410 2458.885254 2222.190918 1923.673340 1589.091064,
 82.107422 424.205322 852.601440 1305.373779 1745.672485 2128.468018 2332.966309 410.936523 911.184570 1534.631348 2070.812988 2338.276855 2354.538086 2183.657227 823.994324 1505.869629 2361.732666 2930.164062 2853.741943 2341.783691 1785.905029 1298.649902 2047.518433 2920.244629 3338.023682 2920.244629 2047.518433 1298.649902 1785.905029 2341.783691 2853.741943 2930.164062 2361.732666 1505.869629 823.994324 2183.657227 2354.538086 2338.276855 2070.812988 1534.631348 911.184570 410.936523 2332.966309 2128.468018 1745.672485 1305.373779 852.601440 424.205322 82.107422,
 -217.792969 -278.680298 -316.251373 -37.115768 764.307495 1790.699097 2282.237305 -272.395691 -296.124268 42.908081 822.596924 1721.673706 2238.610596 1935.621338 -296.362732 63.581726 1072.797974 2126.387695 2375.393066 1804.528564 905.431213 29.550446 885.247192 2146.103760 2803.395508 2146.103760 885.247192 29.550446 905.431213 1804.528564 2375.393066 2126.387695 1072.797974 63.581726 -296.362732 1935.621338 2238.610596 1721.673706 822.596924 42.908081 -296.124268 -272.395691 2282.237305 1790.699097 764.307495 -37.115768 -316.251373 -278.680298 -217.792969,
 -158.919434 -171.520752 -391.099426 -487.178040 -3.361313 914.973267 1435.124512 -178.202942 -411.285583 -491.261414 44.814224 978.315247 1452.267578 981.283142 -401.990112 -479.020569 123.251587 1159.711182 1631.048950 1057.412598 71.687866 -461.116699 112.155228 1195.836548 1775.609131 1195.836548 112.155228 -461.116699 71.687866 1057.412598 1631.048950 1159.711182 123.251587 -479.020569 -401.990112 981.283142 1452.267578 978.315247 44.814224 -491.261414 -411.285583 -178.202942 1435.124512 914.973267 -3.361313 -487.178040 -391.099426 -171.520752 -158.919434,
 -117.408325 -326.017883 -385.829224 -366.842316 -124.542892 303.107483 507.914368 -331.438110 -391.263489 -383.441559 -121.778877 365.342316 603.984863 323.359863 -396.534943 -381.302856 -89.737885 449.838287 705.634277 392.862549 -99.495392 -364.192749 -99.673576 462.899353 786.420776 462.899353 -99.673576 -364.192749 -99.495392 392.862549 705.634277 449.838287 -89.737885 -381.302856 -396.534943 323.359863 603.984863 365.342316 -121.778877 -383.441559 -391.263489 -331.438110 507.914368 303.107483 -124.542892 -366.842316 -385.829224 -326.017883 -117.408325,

Auto-correlations of the modulus of each oriented sub-band
 36.617184 42.516582 48.192875 51.847065 52.511700 50.657001 47.665600 44.052158 51.946655 59.149105 62.898190 61.785206 56.757355 50.279629 51.091217 61.364006 70.424202 74.383759 71.405052 63.150536 53.362549 54.466091 65.814247 75.761780 79.808449 75.761780 65.814247 54.466091 53.362549 63.150536 71.405052 74.383759 70.424202 61.364006 51.091217 50.279629 56.757355 61.785206 62.898190 59.149105 51.946655 44.052158 47.665600 50.657001 52.511700 51.847065 48.192875 42.516582 36.617184,
 54.731049 61.818184 68.892067 74.536514 77.664879 77.663994 74.782578 61.278355 72.197807 81.990196 87.768768 88.406960 84.375648 77.044350 67.887192 81.447273 93.175316 98.656525 96.220467 87.895653 76.586288 73.331573 87.029953 98.397812 103.083000 98.397812 87.029953 73.331573 76.586288 87.895653 96.220467 98.656525 93.175316 81.447273 67.887192 77.044350 84.375648 88.406960 87.768768 81.990196 72.197807 61.278355 74.782578 77.663994 77.664879 74.536514 68.892067 61.818184 54.731049,
 31.169559 37.935074 45.470257 50.050644 49.507839 46.000870 42.937153 36.578400 45.721939 55.720596 61.183655 58.832901 51.870010 45.219070 41.798485 52.802399 64.624046 70.586548 66.300301 56.116707 46.349358 45.323402 56.685028 68.695061 74.338760 68.695061 56.685028 45.323402 46.349358 56.116707 66.300301 70.586548 64.624046 52.802399 41.798485 45.219070 51.870010 58.832901 61.183655 55.720596 45.721939 36.578400 42.937153 46.000870 49.507839 50.050644 45.470257 37.935074 31.169559,
 28.761360 33.527054 37.852398 41.385445 43.547886 44.191727 43.802727 33.532558 40.267487 46.830269 51.464127 52.329536 49.559547 45.224171 38.057110 46.863567 55.585205 60.720947 59.316254 52.647457 44.655231 42.035744 51.645767 60.714844 64.676659 60.714844 51.645767 42.035744 44.655231 52.647457 59.316254 60.720947 55.585205 46.863567 38.057110 45.224171 49.559547 52.329536 51.464127 46.830269 40.267487 33.532558 43.802727 44.191727 43.547886 41.385445 37.852398 33.527054 28.761360,
 56.662750 71.926315 86.793495 99.486275 108.496010 113.250809 113.783829 84.295975 100.694824 115.650818 126.192444 130.035706 127.400742 120.076736 112.029236 132.656860 150.227951 158.848328 155.330002 142.619385 126.302200 126.456406 148.858383 168.163376 176.177200 168.163376 148.858383 126.456406 126.302200 142.619385 155.330002 158.848328 150.227951 132.656860 112.029236 120.076736 127.400742 130.035706 126.192444 115.650818 100.694824 84.295975 113.783829 113.250809 108.496010 99.486275 86.793495 71.926315 56.662750,
 126.300583 142.130371 153.781250 161.293625 165.690704 168.057495 168.446060 143.226242 164.465790 180.959045 188.806946 187.581055 180.058777 169.153336 155.886230 182.354218 204.917526 214.080933 206.678726 188.870941 167.955231 163.904312 190.665726 214.768860 225.182571 214.768860 190.665726 163.904312 167.955231 188.870941 206.678726 214.080933 204.917526 182.354218 155.886230 169.153336 180.058777 187.581055 188.806946 180.959045 164.465790 143.226242 168.446060 168.057495 165.690704 161.293625 153.781250 142.130371 126.300583,
 51.470833 70.925789 92.041161 102.321793 98.794075 93.496864 92.738167 63.191647 84.605309 111.097984 124.167122 114.841011 100.361366 91.857903 73.368111 95.965652 126.879425 143.331238 128.282898 103.914368 87.879951 81.580078 102.721840 133.472015 151.350296 133.472015 102.721840 81.580078 87.879951 103.914368 128.282898 143.331238 126.879425 95.965652 73.368111 91.857903 100.361366 114.841011 124.167122 111.097984 84.605309 63.191647 92.738167 93.496864 98.794075 102.321793 92.041161 70.925789 51.470833,
 34.647980 53.249332 75.817268 99.442963 118.358391 127.964142 127.586655 55.052887 79.203400 107.664474 133.505798 147.027237 144.805023 131.482941 80.110512 110.086945 142.846008 166.143829 168.059601 150.436066 124.757607 105.778023 137.564941 167.390427 180.359451 167.390427 137.564941 105.778023 124.757607 150.436066 168.059601 166.143829 142.846008 110.086945 80.110512 131.482941 144.805023 147.027237 133.505798 107.664474 79.203400 55.052887 127.586655 127.964142 118.358391 99.442963 75.817268 53.249332 34.647980,
 -0.343445 26.789124 62.246315 102.334991 137.885681 159.647278 164.200745 32.496323 62.683296 93.458740 123.093277 148.102936 161.723816 157.729797 74.831375 118.472641 152.796646 167.551208 163.491440 148.032761 125.996857 101.463104 146.999924 187.688095 204.946884 187.688095 146.999924 101.463104 125.996857 148.032761 163.491440 167.551208 152.796646 118.472641 74.831375 157.729797 161.723816 148.102936 123.093277 93.458740 62.683296 32.496323 164.200745 159.647278 137.885681 102.334991 62.246315 26.789124 -0.343445,
 122.834076 230.391785 335.632812 430.910126 511.278015 567.435791 585.577393 232.954514 354.294983 462.330383 540.269043 584.150085 596.255188 573.852722 341.457153 464.558899 567.607422 624.600220 627.034180 587.739441 520.538269 439.570984 544.176819 625.397095 657.318176 625.397095 544.176819 439.570984 520.538269 587.739441 627.034180 624.600220 567.607422 464.558899 341.457153 573.852722 596.255188 584.150085 540.269043 462.330383 354.294983 232.954514 585.577393 567.435791 511.278015 430.910126 335.632812 230.391785 122.834076,
 3.594627 37.248154 81.379578 105.884529 123.798584 159.750198 172.319550 30.373108 66.105713 121.662537 150.295807 146.166443 160.827530 164.708023 64.286247 94.659630 151.613144 186.967682 161.074997 146.248322 139.674438 103.161789 122.233063 164.563110 201.736160 164.563110 122.233063 103.161789 139.674438 146.248322 161.074997 186.967682 151.613144 94.659630 64.286247 164.708023 160.827530 146.166443 150.295807 121.662537 66.105713 30.373108 172.319550 159.750198 123.798584 105.884529 81.379578 37.248154 3.594627,
 -27.827835 -7.570351 27.856651 75.933235 123.408272 153.591736 158.030441 -6.537865 28.287560 79.262421 133.855270 170.083649 173.917023 149.377258 29.202393 79.403633 139.703171 186.813843 196.982864 168.457489 120.217270 75.697708 133.017395 186.502975 209.135925 186.502975 133.017395 75.697708 120.217270 168.457489 196.982864 186.813843 139.703171 79.403633 29.202393 149.377258 173.917023 170.083649 133.855270 79.262421 28.287560 -6.537865 158.030441 153.591736 123.408272 75.933235 27.856651 -7.570351 -27.827835,
 -41.463139 -24.289490 -2.138733 22.921463 46.820457 64.288628 71.237961 -16.396318 7.574554 30.974628 50.954685 64.959732 69.271988 61.163330 17.780993 51.887558 78.964050 91.608383 89.366852 76.003113 54.112030 42.345032 77.870590 107.502228 119.659393 107.502228 77.870590 42.345032 54.112030 76.003113 89.366852 91.608383 78.964050 51.887558 17.780993 61.163330 69.271988 64.959732 50.954685 30.974628 7.574554 -16.396318 71.237961 64.288628 46.820457 22.921463 -2.138733 -24.289490 -41.463139,
 -246.457855 -110.817398 52.295197 219.445450 364.223358 461.115479 487.990265 -104.642242 77.150070 265.067108 422.048615 517.335083 534.002869 470.769989 64.814514 271.391449 456.282166 574.833252 597.860535 524.658081 379.597717 235.667511 431.569794 577.684570 632.395874 577.684570 431.569794 235.667511 379.597717 524.658081 597.860535 574.833252 456.282166 271.391449 64.814514 470.769989 534.002869 517.335083 422.048615 265.067108 77.150070 -104.642242 487.990265 461.115479 364.223358 219.445450 52.295197 -110.817398 -246.457855,
 -49.415817 -19.798639 20.871765 49.022324 58.756783 63.692177 77.109818 -28.965450 10.147907 63.387299 94.967430 91.125610 76.952713 68.612488 -3.561129 39.587341 97.551628 131.547638 111.515221 76.869576 49.476524 23.946985 63.362339 114.543846 145.993286 114.543846 63.362339 23.946985 49.476524 76.869576 111.515221 131.547638 97.551628 39.587341 -3.561129 68.612488 76.952713 91.125610 94.967430 63.387299 10.147907 -28.965450 77.109818 63.692177 58.756783 49.022324 20.871765 -19.798639 -49.415817,
 -15.068334 -12.046244 -5.712563 4.743311 16.379684 26.023283 30.118484 -12.121568 -5.451785 5.699408 18.447872 26.083990 27.813602 24.662872 -6.487492 4.368204 19.888206 32.280918 31.948399 23.496778 13.769230 2.365048 14.972113 30.265099 38.476250 30.265099 14.972113 2.365048 13.769230 23.496778 31.948399 32.280918 19.888206 4.368204 -6.487492 24.662872 27.813602 26.083990 18.447872 5.699408 -5.451785 -12.121568 30.118484 26.023283 16.379684 4.743311 -5.712563 -12.046244 -15.068334,

Pairwise cross-correlations of the modulus of all oriented sub-bands at the same scale (size QxQ)
 79.808456 67.587074 42.610504 52.908466,
 67.587074 103.082993 65.222336 43.915699,
 42.610504 65.222336 74.338768 51.379513,
 52.908466 43.915699 51.379513 64.676666,
 176.177216 161.019562 123.600784 153.921524,
 161.019562 225.182602 151.011261 140.688385,
 123.600784 151.011261 151.350311 134.964417,
 153.921524 140.688385 134.964417 180.359467,
 204.946915 307.308411 163.437836 172.143188,
 307.308411 657.318359 301.847260 243.807510,
 163.437836 301.847260 201.736206 168.972778,
 172.143188 243.807510 168.972778 209.135956,
 119.659401 253.161835 107.136139 47.227356,
 253.161835 632.395874 278.564453 121.848083,
 107.136139 278.564453 145.993301 49.054310,
 47.227356 121.848083 49.054310 38.476250,

Cross-correlations of the modulus of all oriented sub-bands with all oriented sub-bands at the coarser scale (size QxQ)
 102.258110 98.185249 67.333641 91.104790,
 97.123039 133.026169 89.225685 83.007454,
 73.242126 96.250099 92.838104 86.175545,
 78.524727 76.157539 72.242065 94.066422,
 159.564133 257.457092 139.245895 161.843384,
 180.841003 346.008972 177.144501 156.046570,
 125.495102 231.993195 148.031952 144.260239,
 137.356934 219.809891 133.052353 165.922150,
 111.698051 265.706207 110.173981 68.818611,
 243.777710 599.050537 268.336761 128.377228,
 100.164871 264.351837 126.887405 67.267853,
 70.282967 186.289413 81.675362 62.060394,

Cross-correlations of the real part of each oriented sub-band with both the real and imaginary part of all phase-doubled oriented sub-bands at the next coarser scale (Q matrices of size 1x2Q, which are computed and stored in a matrix of size Qx2Q)
 26.939117 15.467034 2.001176 11.483265 -4.169717 1.271464 0.843922 2.090223,
 12.062490 34.949875 10.984607 0.197828 0.422164 4.061323 0.176372 0.209377,
 2.031035 14.465117 22.971189 11.228399 0.755792 0.460797 -3.036188 -0.652269,
 13.815810 1.484723 11.452286 27.931002 -1.904246 -0.509735 -1.024550 1.104543,
 -21.692900 -15.830634 -2.175556 -5.489151 -1.878403 1.459676 -1.183358 0.469719,
 -8.997918 -44.683994 -8.878319 -0.410194 0.774681 -3.975198 -0.714578 -0.048950,
 0.106969 -17.738781 -23.017315 -10.328291 -0.076908 -1.865306 -3.182796 -1.422312,
 -6.943696 -0.140300 -12.547144 -19.194103 -2.797817 0.867563 -2.030139 -1.280911,
 -65.520370 -172.724426 -43.703590 0.680214 3.159145 -5.316378 -0.160970 -2.515002,
 -136.740082 -501.442322 -149.345627 -0.985487 -10.923517 -17.670214 0.930977 -1.341562,
 -43.585999 -188.575806 -72.479095 -1.494455 -5.379126 -6.268151 2.289553 -4.686622,
 -3.632162 -1.102478 -2.357186 -0.463036 2.829781 0.253238 -0.493478 -7.012975,
