Low-band skewness and kurtosis
 -2.170196 6.033319,
 -2.215502 6.658538,
 -1.731518 4.949996,
 -1.746427 6.325147,
 -1.166191 3.198343,

High-band variance
 144.821533,

Skewness, kurtosis, variance, mean, maximum and minimum of the reconstructed texture
 -2.158351 5.801412 6746.285156 221.529785 255.000000 0.000000,

Auto-correlations of the low-frequency bands at each scale
 2768.749268 3339.676514 3813.816650 4053.753662 3959.795654 3586.828369 3070.267334 3306.032715 4028.743896 4707.933105 5054.474609 4845.773926 4241.800781 3534.355469 3717.006348 4640.079102 5608.652832 6091.134766 5699.891113 4771.954102 3843.101074 3916.237305 4947.340820 6051.946777 6570.055664 6051.946777 4947.340820 3916.237305 3843.101074 4771.954102 5699.891113 6091.134766 5608.652832 4640.079102 3717.006348 3534.355469 4241.800781 4845.773926 5054.474609 4707.933105 4028.743896 3306.032715 3070.267334 3586.828369 3959.795654 4053.753662 3813.816650 3339.676514 2768.749268,
 1200.451294 1274.312378 1615.729004 1930.327148 1874.050781 1643.375122 1574.686401 1392.704956 1739.811768 2599.449463 3208.988037 2890.357666 2122.840088 1697.856079 1669.364990 2556.554199 4169.657227 5116.800781 4356.574219 2789.354004 1823.821777 1851.268799 3065.147705 5049.332031 6097.352051 5049.332031 3065.147705 1851.268799 1823.821777 2789.354004 4356.574219 5116.800781 4169.657227 2556.554199 1669.364990 1697.856079 2122.840088 2890.357666 3208.988037 2599.449463 1739.811768 1392.704956 1574.686401 1643.375122 1874.050781 1930.327148 1615.729004 1274.312378 1200.451294,
 1058.794067 1159.454224 1244.205078 1273.708984 1265.338867 1315.207886 1351.092163 895.372925 896.634094 1239.005371 1573.835693 1441.674805 1298.280273 1457.117310 883.611206 1159.481567 2354.649170 3253.748535 2577.930420 1520.999390 1310.337524 1089.791260 1614.062500 3317.895508 4442.638672 3317.895508 1614.062500 1089.791260 1310.337524 1520.999390 2577.930420 3253.748535 2354.649170 1159.481567 883.611206 1457.117310 1298.280273 1441.674805 1573.835693 1239.005371 896.634094 895.372925 1351.092163 1315.207886 1265.338867 1273.708984 1244.205078 1159.454224 1058.794067,
 226.583313 571.138062 803.964050 947.553406 910.168152 861.182251 798.393738 373.536621 669.658020 957.485657 1203.772583 1165.868286 1049.601807 839.152344 331.426605 769.699585 1446.144287 1971.265747 1735.862549 1200.606567 686.072754 441.120575 1073.993774 1966.420410 2509.269531 1966.420410 1073.993774 441.120575 686.072754 1200.606567 1735.862549 1971.265747 1446.144287 769.699585 331.426605 839.152344 1049.601807 1165.868286 1203.772583 957.485657 669.658020 373.536621 798.393738 861.182251 910.168152 947.553406 803.964050 571.138062 226.583313,
 -675.989990 -470.405945 -205.638794 139.092773 431.009277 319.740662 -197.734543 -801.503662 -510.310852 76.397827 645.353638 806.769775 439.284241 -192.126740 -803.359131 -263.640991 738.703613 1411.832153 1134.927368 287.641968 -421.917725 -678.086609 33.757401 1192.601318 1808.692383 1192.601318 33.757401 -678.086609 -421.917725 287.641968 1134.927368 1411.832153 738.703613 -263.640991 -803.359131 -192.126740 439.284241 806.769775 645.353638 76.397827 -510.310852 -801.503662 -197.734543 319.740662 431.009277 139.092773 -205.638794 -470.405945 -675.989990,

Auto-correlations of the modulus of each oriented sub-band
 78.481201 86.972450 95.478737 99.961365 98.365288 92.087761 84.812317 98.574905 111.863670 124.125755 129.595581 125.627083 114.599525 102.104446 117.923317 136.481155 153.019730 159.823029 153.444229 137.368301 119.279701 126.604294 147.579102 166.319382 173.963470 166.319382 147.579102 126.604294 119.279701 137.368301 153.444229 159.823029 153.019730 136.481155 117.923317 102.104446 114.599525 125.627083 129.595581 124.125755 111.863670 98.574905 84.812317 92.087761 98.365288 99.961365 95.478737 86.972450 78.481201,
 104.669342 109.143280 111.536133 109.956017 103.807800 94.036835 82.858978 110.467285 125.347389 136.403091 137.591583 127.846001 111.026894 92.748535 112.371262 136.731155 157.273926 163.066010 150.730774 127.239700 102.105301 109.273895 137.364334 163.035004 174.020859 163.035004 137.364334 109.273895 102.105301 127.239700 150.730774 163.066010 157.273926 136.731155 112.371262 92.748535 111.026894 127.846001 137.591583 136.403091 125.347389 110.467285 82.858978 94.036835 103.807800 109.956017 111.536133 109.143280 104.669342,
 66.220108 82.986168 99.631714 106.094986 98.182419 82.676613 68.453430 72.309662 93.242081 115.049454 124.280685 113.981812 93.267654 74.313202 78.871559 103.192398 129.387375 141.318726 128.785690 103.276199 80.034706 82.069611 107.378174 135.100433 148.435806 135.100433 107.378174 82.069611 80.034706 103.276199 128.785690 141.318726 129.387375 103.192398 78.871559 74.313202 93.267654 113.981812 124.280685 115.049454 93.242081 72.309662 68.453430 82.676613 98.182419 106.094986 99.631714 82.986168 66.220108,
 65.301651 74.829964 84.224777 91.602318 95.120071 94.650948 92.097427 74.278503 90.146294 105.790596 116.142136 116.755867 108.269722 96.493103 83.950249 105.780373 127.173553 139.248566 134.912506 117.362511 96.935783 92.332458 116.485657 139.320435 149.276901 139.320435 116.485657 92.332458 96.935783 117.362511 134.912506 139.248566 127.173553 105.780373 83.950249 96.493103 108.269722 116.755867 116.142136 105.790596 90.146294 74.278503 92.097427 94.650948 95.120071 91.602318 84.224777 74.829964 65.301651,
 199.012619 216.125900 233.050064 246.575317 253.205856 252.095901 245.221634 264.367126 293.845947 319.412415 333.475464 331.223145 315.582520 293.682922 334.621887 382.074493 422.502350 439.762695 425.382416 388.605194 345.418152 367.632294 423.437073 472.342896 492.951050 472.342896 423.437073 367.632294 345.418152 388.605194 425.382416 439.762695 422.502350 382.074493 334.621887 293.682922 315.582520 331.223145 333.475464 319.412415 293.845947 264.367126 245.221634 252.095901 253.205856 246.575317 233.050064 216.125900 199.012619,
 257.960632 282.888611 284.299377 263.047150 231.077072 200.583557 177.347610 283.514587 329.518097 348.343109 328.764465 283.102570 234.127533 195.051270 282.607544 352.520905 403.515137 403.726501 352.118713 281.856903 222.021362 255.745422 331.403564 406.609741 440.302887 406.609741 331.403564 255.745422 222.021362 281.856903 352.118713 403.726501 403.515137 352.520905 282.607544 195.051270 234.127533 283.102570 328.764465 348.343109 329.518097 283.514587 177.347610 200.583557 231.077072 263.047150 284.299377 282.888611 257.960632,
 165.173172 211.939423 268.398346 296.964539 273.866730 219.542023 171.620956 171.694183 230.673019 304.909119 341.812439 306.856995 234.303177 175.851227 177.141525 245.669525 335.834137 381.803986 335.896820 246.884583 179.207199 179.925583 251.864471 348.381165 399.042633 348.381165 251.864471 179.925583 179.207199 246.884583 335.896820 381.803986 335.834137 245.669525 177.141525 175.851227 234.303177 306.856995 341.812439 304.909119 230.673019 171.694183 171.620956 219.542023 273.866730 296.964539 268.398346 211.939423 165.173172,
 161.051086 172.302368 190.737122 214.684479 234.276520 239.328888 227.151031 176.152451 197.132889 233.838394 275.492554 298.248474 287.731262 252.992416 198.214691 239.447342 300.882507 352.673615 356.452942 311.529053 252.239532 227.461456 288.464508 358.434296 392.193237 358.434296 288.464508 227.461456 252.239532 311.529053 356.452942 352.673615 300.882507 239.447342 198.214691 252.992416 287.731262 298.248474 275.492554 233.838394 197.132889 176.152451 227.151031 239.328888 234.276520 214.684479 190.737122 172.302368 161.051086,
 130.558578 167.061340 200.696548 223.203369 226.077316 210.977600 186.788864 157.809052 215.427261 269.892029 301.264954 297.224731 266.402283 225.518005 213.397003 305.367126 393.873810 437.635254 413.794037 344.533386 267.376312 267.178589 372.895844 475.404449 520.720947 475.404449 372.895844 267.178589 267.376312 344.533386 413.794037 437.635254 393.873810 305.367126 213.397003 225.518005 266.402283 297.224731 301.264954 269.892029 215.427261 157.809052 186.788864 210.977600 226.077316 223.203369 200.696548 167.061340 130.558578,
 133.024948 209.192490 249.732925 247.811752 229.636642 217.606949 211.245071 161.668579 273.618683 346.881317 338.998169 279.364410 227.893341 203.268921 176.488632 319.864197 449.272827 468.301453 370.713013 251.612305 178.311874 170.579422 300.657288 461.365936 541.458374 461.365936 300.657288 170.579422 178.311874 251.612305 370.713013 468.301453 449.272827 319.864197 176.488632 203.268921 227.893341 279.364410 338.998169 346.881317 273.618683 161.668579 211.245071 217.606949 229.636642 247.811752 249.732925 209.192490 133.024948,
 114.688683 187.965027 270.193604 320.243103 303.101746 249.508820 211.794281 132.006561 228.610031 348.251953 417.215454 369.821289 273.598724 208.809662 152.996597 265.417664 418.550568 507.307159 428.898468 289.563782 195.682602 175.710510 288.020264 450.539429 546.271851 450.539429 288.020264 175.710510 195.682602 289.563782 428.898468 507.307159 418.550568 265.417664 152.996597 208.809662 273.598724 369.821289 417.215454 348.251953 228.610031 132.006561 211.794281 249.508820 303.101746 320.243103 270.193604 187.965027 114.688683,
 107.837791 144.933395 184.086349 228.056000 261.301453 268.452148 247.828308 127.588715 175.912735 241.978241 314.212952 350.082306 325.790955 265.649384 160.795486 232.654587 336.603455 428.328613 430.839905 347.423889 251.700485 208.824341 306.400452 427.467621 490.793518 427.467621 306.400452 208.824341 251.700485 347.423889 430.839905 428.328613 336.603455 232.654587 160.795486 265.649384 325.790955 350.082306 314.212952 241.978241 175.912735 127.588715 247.828308 268.452148 261.301453 228.056000 184.086349 144.933395 107.837791,
 -1.828739 14.838934 34.335518 53.227154 62.601921 58.315681 43.829784 16.826197 33.896347 50.788010 64.926460 70.455086 64.991676 50.617599 32.364441 61.692577 88.684807 100.235443 90.191078 67.868622 45.628113 40.879444 75.314171 112.709747 130.160614 112.709747 75.314171 40.879444 45.628113 67.868622 90.191078 100.235443 88.684807 61.692577 32.364441 50.617599 64.991676 70.455086 64.926460 50.788010 33.896347 16.826197 43.829784 58.315681 62.601921 53.227154 34.335518 14.838934 -1.828739,
 31.328634 67.909309 82.275948 81.423073 74.854073 64.074760 49.413063 37.071449 93.611946 123.942719 119.261635 96.345306 71.109108 46.337456 38.169788 106.610519 162.521896 169.011963 129.867813 81.133652 41.461971 38.029270 98.001381 165.114716 197.867218 165.114716 98.001381 38.029270 41.461971 81.133652 129.867813 169.011963 162.521896 106.610519 38.169788 46.337456 71.109108 96.345306 119.261635 123.942719 93.611946 37.071449 49.413063 64.074760 74.854073 81.423073 82.275948 67.909309 31.328634,
 14.503057 42.263111 69.372284 73.930023 47.326050 25.130703 27.052259 20.847427 54.058422 98.785110 117.791016 81.574173 39.896679 28.357376 25.253206 61.730873 122.495171 156.718658 113.369423 53.917885 28.275312 27.420364 62.129101 129.359619 173.076538 129.359619 62.129101 27.420364 28.275312 53.917885 113.369423 156.718658 122.495171 61.730873 25.253206 28.357376 39.896679 81.574173 117.791016 98.785110 54.058422 20.847427 27.052259 25.130703 47.326050 73.930023 69.372284 42.263111 14.503057,
 -13.511724 8.196194 34.780937 55.802795 64.045296 57.675694 45.335510 2.085287 30.189030 59.791851 80.420982 83.306488 65.370850 45.702492 19.568844 54.028824 92.464653 122.358963 114.523903 77.153656 44.482250 34.893711 73.545189 121.448776 149.360016 121.448776 73.545189 34.893711 44.482250 77.153656 114.523903 122.358963 92.464653 54.028824 19.568844 45.702492 65.370850 83.306488 80.420982 59.791851 30.189030 2.085287 45.335510 57.675694 64.045296 55.802795 34.780937 8.196194 -13.511724,

Pairwise cross-correlations of the modulus of all oriented sub-bands at the same scale (size QxQ)
 173.963455 122.907585 70.169762 112.366920,
 122.907585 174.020844 112.478554 77.724304,
 70.169762 112.478554 148.435791 101.905502,
 112.366920 77.724304 101.905502 149.276886,
 492.951050 360.745819 308.712799 341.364319,
 360.745819 440.302887 340.242493 304.867981,
 308.712799 340.242493 399.042694 322.434387,
 341.364319 304.867981 322.434387 392.193268,
 520.721069 392.433563 332.810608 363.401001,
 392.433563 541.458374 410.866974 315.435760,
 332.810608 410.866974 546.271851 391.183960,
 363.401001 315.435760 391.183960 490.793579,
 130.160614 107.145966 84.847038 100.053047,
 107.145966 197.867233 145.073410 125.046997,
 84.847038 145.073410 173.076538 115.109100,
 100.053047 125.046997 115.109100 149.360016,

Cross-correlations of the modulus of all oriented sub-bands with all oriented sub-bands at the coarser scale (size QxQ)
 250.907822 194.457535 152.870987 180.292450,
 208.478867 236.916367 186.671661 160.348312,
 156.399307 185.476868 207.658325 173.704285,
 199.417130 158.135590 181.169144 205.360962,
 366.194977 336.948273 320.032501 344.887756,
 335.505066 377.351898 357.837708 320.239868,
 289.389526 309.009399 350.939270 327.619934,
 311.223236 285.607178 318.912079 332.633423,
 164.033264 158.790787 143.312256 126.519348,
 122.455307 164.187424 172.662491 133.704895,
 128.337204 174.400467 177.872986 143.940018,
 141.642334 163.667099 137.739075 138.664093,

Cross-correlations of the real part of each oriented sub-band with both the real and imaginary part of all phase-doubled oriented sub-bands at the next coarser scale (Q matrices of size 1x2Q, which are computed and stored in a matrix of size Qx2Q)
 112.355347 56.434120 3.165948 36.529415 -3.403029 -2.268668 -0.085524 -0.146544,
 53.796032 103.892159 34.695393 4.653896 -0.785170 -3.355282 1.136153 0.560747,
 3.831709 39.407440 69.740547 27.420176 -0.017636 -0.250038 3.290153 -0.129297,
 41.371067 6.153527 27.424921 68.413521 -1.440822 -0.048259 1.112159 -1.753512,
 -165.757599 -76.126060 -5.875112 -48.129833 5.213324 -12.216109 0.077428 -14.348291,
 -80.512054 -149.269821 -47.931210 -10.260770 -3.259026 -28.704800 -2.358553 -0.584468,
 -6.128068 -63.420727 -98.352402 -38.379856 0.917997 -13.104137 10.290040 3.271351,
 -61.911194 -10.036234 -39.725937 -81.569496 13.009373 -0.810486 11.280913 -13.704872,
 6.776451 -13.813974 -7.741965 9.888411 -28.937691 -20.077291 -5.815966 0.826917,
 -6.617424 -116.164444 -64.031693 3.794263 -20.927147 -70.494385 -8.876923 1.780446,
 1.902114 -90.191101 -57.346519 -5.550812 -3.977011 -32.335770 19.999851 -1.352637,
 20.685034 -4.126777 -2.653302 -10.923887 -9.959037 2.099645 5.176643 -7.014165,
