Low-band skewness and kurtosis
 -2.239933 6.339694,
 -2.287752 6.972918,
 -1.813939 5.308291,
 -1.779096 5.775393,
 -1.560878 4.905683,

High-band variance
 134.007156,

Skewness, kurtosis, variance, mean, maximum and minimum of the reconstructed texture
 -2.226367 6.099787 6549.331543 222.815308 255.000000 0.000000,

Auto-correlations of the low-frequency bands at each scale
 2926.598877 3476.463867 3881.916504 4027.558105 3870.715332 3487.799316 2980.283936 3358.789551 4085.907959 4708.457520 4962.893555 4697.226074 4094.444092 3406.358398 3669.197510 4603.708984 5524.391602 5935.702148 5517.041992 4608.080078 3698.446045 3794.102051 4822.461914 5891.359375 6385.558594 5891.359375 4822.461914 3794.102051 3698.446045 4608.080078 5517.041992 5935.702148 5524.391602 4603.708984 3669.197510 3406.358398 4094.444092 4697.226074 4962.893555 4708.457520 4085.907959 3358.789551 2980.283936 3487.799316 3870.715332 4027.558105 3881.916504 3476.463867 2926.598877,
 1526.658691 1656.715210 1897.996948 2034.778442 1955.002319 1866.546265 1925.141357 1509.741455 2007.291260 2829.533203 3252.408936 2844.679199 2139.594971 1813.077637 1588.209595 2593.536865 4202.455566 5028.212891 4207.897949 2668.839600 1768.072632 1710.464844 2938.383545 4912.680664 5935.446777 4912.680664 2938.383545 1710.464844 1768.072632 2668.839600 4207.897949 5028.212891 4202.455566 2593.536865 1588.209595 1813.077637 2139.594971 2844.679199 3252.408936 2829.533203 2007.291260 1509.741455 1925.141357 1866.546265 1955.002319 2034.778442 1897.996948 1656.715210 1526.658691,
 970.827515 1373.441528 1533.910645 1562.537109 1602.573975 1608.167358 1434.407349 1205.396240 1373.819214 1583.942871 1825.240479 1807.014893 1680.444946 1491.998047 1271.994141 1483.466919 2428.731445 3230.667969 2683.996094 1774.570190 1438.276367 1353.702637 1758.550659 3206.720703 4226.441406 3206.720703 1758.550659 1353.702637 1438.276367 1774.570190 2683.996094 3230.667969 2428.731445 1483.466919 1271.994141 1491.998047 1680.444946 1807.014893 1825.240479 1583.942871 1373.819214 1205.396240 1434.407349 1608.167358 1602.573975 1562.537109 1533.910645 1373.441528 970.827515,
 -373.070129 -44.612610 380.683472 735.497803 826.626953 942.789490 1185.919678 -85.700928 329.840271 930.880676 1359.910889 1280.787476 1190.890381 1312.429199 330.054840 828.522095 1666.204468 2225.760742 1872.013062 1345.594604 1167.892212 805.814453 1254.121826 2126.441162 2694.940918 2126.441162 1254.121826 805.814453 1167.892212 1345.594604 1872.013062 2225.760742 1666.204468 828.522095 330.054840 1312.429199 1190.890381 1280.787476 1359.910889 930.880676 329.840271 -85.700928 1185.919678 942.789490 826.626953 735.497803 380.683472 -44.612610 -373.070129,
 -518.360535 -718.608398 -674.825928 -398.040680 -79.953339 74.686523 -9.593918 -712.816895 -773.921875 -382.196716 260.156403 701.495056 675.880615 226.956879 -769.340759 -368.184570 528.291321 1356.274292 1469.533203 893.701172 54.249939 -447.042053 406.789948 1445.030396 1951.392822 1445.030396 406.789948 -447.042053 54.249939 893.701172 1469.533203 1356.274292 528.291321 -368.184570 -769.340759 226.956879 675.880615 701.495056 260.156403 -382.196716 -773.921875 -712.816895 -9.593918 74.686523 -79.953339 -398.040680 -674.825928 -718.608398 -518.360535,

Auto-correlations of the modulus of each oriented sub-band
 78.875755 87.194397 95.044449 98.704117 96.349014 89.554657 81.983513 94.492836 106.506752 117.665672 122.659210 118.882484 108.600822 97.074638 110.247849 126.580032 141.604706 148.080383 142.438049 127.951202 111.865646 117.854866 136.296371 153.255554 160.314423 153.255554 136.296371 117.854866 111.865646 127.951202 142.438049 148.080383 141.604706 126.580032 110.247849 97.074638 108.600822 118.882484 122.659210 117.665672 106.506752 94.492836 81.983513 89.554657 96.349014 98.704117 95.044449 87.194397 78.875755,
 93.232758 98.209358 100.115677 97.441071 90.137009 79.623192 68.197479 97.678886 111.921532 122.149551 122.846695 112.961380 96.280037 78.235573 98.898079 121.583549 140.531723 145.887589 134.260788 111.993355 87.972099 95.464493 121.778244 145.614166 155.774918 145.614166 121.778244 95.464493 87.972099 111.993355 134.260788 145.887589 140.531723 121.583549 98.898079 78.235573 96.280037 112.961380 122.846695 122.149551 111.921532 97.678886 68.197479 79.623192 90.137009 97.441071 100.115677 98.209358 93.232758,
 66.290459 80.943230 95.951920 102.972076 96.302139 80.656212 65.242043 72.655579 92.020515 112.081856 121.496269 112.446739 92.039085 72.237183 78.806839 102.248009 126.745186 138.346802 126.946815 102.278297 78.624695 81.305084 106.437820 132.796082 145.304626 132.796082 106.437820 81.305084 78.624695 102.278297 126.946815 138.346802 126.745186 102.248009 78.806839 72.237183 92.039085 112.446739 121.496269 112.081856 92.020515 72.655579 65.242043 80.656212 96.302139 102.972076 95.951920 80.943230 66.290459,
 71.962219 83.959602 95.456726 104.091690 107.912384 106.884697 102.765961 83.201691 101.213531 118.227997 128.947479 129.394348 120.381073 107.159729 94.864578 118.399849 140.369324 152.228424 147.752869 129.924744 108.178055 103.976028 129.505432 152.557251 162.343872 152.557251 129.505432 103.976028 108.178055 129.924744 147.752869 152.228424 140.369324 118.399849 94.864578 107.159729 120.381073 129.394348 128.947479 118.227997 101.213531 83.201691 102.765961 106.884697 107.912384 104.091690 95.456726 83.959602 71.962219,
 188.750610 209.395813 230.146378 245.649017 251.504044 248.278687 240.344299 257.819214 291.351624 322.750458 341.309845 339.256012 320.469421 295.609985 332.990845 382.951599 428.208649 450.266846 437.114166 398.136841 352.203918 372.443359 430.051270 481.275269 502.963257 481.275269 430.051270 372.443359 352.203918 398.136841 437.114166 450.266846 428.208649 382.951599 332.990845 295.609985 320.469421 339.256012 341.309845 322.750458 291.351624 257.819214 240.344299 248.278687 251.504044 245.649017 230.146378 209.395813 188.750610,
 233.146057 254.920776 255.209259 235.906158 206.729950 178.861511 157.647095 262.882141 307.040588 327.372925 312.364349 270.031982 221.575256 182.613953 270.869324 337.098419 387.564514 391.825195 345.245789 277.079315 216.805984 251.775513 324.950439 396.691650 428.677155 396.691650 324.950439 251.775513 216.805984 277.079315 345.245789 391.825195 387.564514 337.098419 270.869324 182.613953 221.575256 270.031982 312.364349 327.372925 307.040588 262.882141 157.647095 178.861511 206.729950 235.906158 255.209259 254.920776 233.146057,
 131.661682 176.337799 230.263123 260.340088 243.338867 201.224762 166.083191 147.975739 203.157883 271.962006 309.118164 281.264740 220.533951 172.453766 162.567825 226.610153 309.620148 353.835388 314.349823 235.362930 175.180649 172.186462 238.704132 326.882294 373.226685 326.882294 238.704132 172.186462 175.180649 235.362930 314.349823 353.835388 309.620148 226.610153 162.567825 172.453766 220.533951 281.264740 309.118164 271.962006 203.157883 147.975739 166.083191 201.224762 243.338867 260.340088 230.263123 176.337799 131.661682,
 161.030441 188.812744 232.396362 281.702515 319.530945 331.903442 316.941406 195.772751 243.351028 308.317047 368.678223 397.296906 382.838684 337.803406 245.275909 314.732056 396.302948 454.512726 456.147125 403.920410 331.482269 296.875153 378.337280 458.082703 493.311096 458.082703 378.337280 296.875153 331.482269 403.920410 456.147125 454.512726 396.302948 314.732056 245.275909 337.803406 382.838684 397.296906 368.678223 308.317047 243.351028 195.772751 316.941406 331.903442 319.530945 281.702515 232.396362 188.812744 161.030441,
 138.776978 164.035004 182.023605 188.078079 185.852737 183.341278 184.231232 162.610977 197.955292 230.100784 242.038818 230.463974 209.080109 193.083969 206.219620 271.875427 339.440308 367.121948 335.545959 271.949219 216.975082 235.477325 319.777252 413.463531 457.440552 413.463531 319.777252 235.477325 216.975082 271.949219 335.545959 367.121948 339.440308 271.875427 206.219620 193.083969 209.080109 230.463974 242.038818 230.100784 197.955292 162.610977 184.231232 183.341278 185.852737 188.078079 182.023605 164.035004 138.776978,
 144.494629 200.395096 234.539536 229.815460 197.072006 164.953018 151.672241 185.157349 268.137970 328.037872 322.305695 265.041046 205.668106 172.674164 209.122620 314.394409 416.573547 433.881042 354.282654 254.432861 191.763550 206.589783 302.817383 427.421478 490.784668 427.421478 302.817383 206.589783 191.763550 254.432861 354.282654 433.881042 416.573547 314.394409 209.122620 172.674164 205.668106 265.041046 322.305695 328.037872 268.137970 185.157349 151.672241 164.953018 197.072006 229.815460 234.539536 200.395096 144.494629,
 52.426651 113.044151 196.301224 247.847229 224.421188 177.169189 143.214340 74.161957 150.758408 265.084686 331.273285 278.909943 192.909256 138.614975 96.019592 182.477478 321.531189 404.241089 326.271301 203.130249 129.315033 115.136986 200.902023 344.698120 434.506348 344.698120 200.902023 115.136986 129.315033 203.130249 326.271301 404.241089 321.531189 182.477478 96.019592 138.614975 192.909256 278.909943 331.273285 265.084686 150.758408 74.161957 143.214340 177.169189 224.421188 247.847229 196.301224 113.044151 52.426651,
 76.160141 116.672119 153.496948 184.393845 200.139038 193.429565 171.249130 95.760460 142.685852 203.765823 264.019470 280.532654 241.771423 184.406799 122.471855 189.012436 289.445709 372.830505 360.081390 268.257324 179.635712 155.022949 244.804108 366.937195 432.577271 366.937195 244.804108 155.022949 179.635712 268.257324 360.081390 372.830505 289.445709 189.012436 122.471855 184.406799 241.771423 280.532654 264.019470 203.765823 142.685852 95.760460 171.249130 193.429565 200.139038 184.393845 153.496948 116.672119 76.160141,
 2.007927 20.751740 47.803989 77.355011 98.505997 101.261566 82.367958 7.886292 40.860504 84.005814 121.285622 136.516968 122.759750 86.342598 21.185867 73.695770 135.645813 177.009491 173.446869 131.749222 75.763016 49.219681 113.344009 178.929474 209.154922 178.929474 113.344009 49.219681 75.763016 131.749222 173.446869 177.009491 135.645813 73.695770 21.185867 86.342598 122.759750 136.516968 121.285622 84.005814 40.860504 7.886292 82.367958 101.261566 98.505997 77.355011 47.803989 20.751740 2.007927,
 -11.255663 4.471184 11.481142 9.255672 10.124508 17.289997 17.702719 -2.900972 17.016245 34.142151 32.454960 20.710104 16.710146 17.717344 5.385151 28.424746 61.769402 69.719177 45.391548 22.555868 15.604010 11.948598 30.038475 68.286003 92.619965 68.286003 30.038475 11.948598 15.604010 22.555868 45.391548 69.719177 61.769402 28.424746 5.385151 17.717344 16.710146 20.710104 32.454960 34.142151 17.016245 -2.900972 17.702719 17.289997 10.124508 9.255672 11.481142 4.471184 -11.255663,
 2.494662 21.422794 32.578941 29.614202 16.998838 10.939194 11.810017 7.273853 31.239779 52.497589 57.354614 39.963524 22.750090 13.386692 10.548192 38.458691 72.345207 88.887321 65.697563 33.858204 13.222892 12.164584 39.656822 79.244354 104.038147 79.244354 39.656822 12.164584 13.222892 33.858204 65.697563 88.887321 72.345207 38.458691 10.548192 13.386692 22.750090 39.963524 57.354614 52.497589 31.239779 7.273853 11.810017 10.939194 16.998838 29.614202 32.578941 21.422794 2.494662,
 -37.547363 -11.960526 17.971653 45.616104 66.782593 78.122192 76.791229 -22.732121 16.621349 58.298317 93.754669 112.978477 107.519608 83.727066 4.381035 53.865788 106.577896 147.653839 150.371048 114.795242 69.646362 39.620918 92.440010 147.853226 175.039734 147.853226 92.440010 39.620918 69.646362 114.795242 150.371048 147.653839 106.577896 53.865788 4.381035 83.727066 107.519608 112.978477 93.754669 58.298317 16.621349 -22.732121 76.791229 78.122192 66.782593 45.616104 17.971653 -11.960526 -37.547363,

Pairwise cross-correlations of the modulus of all oriented sub-bands at the same scale (size QxQ)
 160.314423 106.077553 66.135460 114.749367,
 106.077553 155.774918 104.992638 71.527527,
 66.135460 104.992638 145.304626 104.020576,
 114.749367 71.527527 104.020576 162.343887,
 502.963287 382.765594 304.735565 405.981018,
 382.765594 428.677246 310.523193 325.173279,
 304.735565 310.523193 373.226685 349.243896,
 405.981018 325.173279 349.243896 493.311157,
 457.440613 355.204468 256.781158 329.119873,
 355.204468 490.784698 349.787842 324.418579,
 256.781158 349.787842 434.506409 338.446411,
 329.119873 324.418579 338.446411 432.577271,
 209.154922 65.006958 57.224445 143.723907,
 65.006958 92.619965 62.980595 51.763134,
 57.224445 62.980595 104.038155 68.808289,
 143.723907 51.763134 68.808289 175.039764,

Cross-correlations of the modulus of all oriented sub-bands with all oriented sub-bands at the coarser scale (size QxQ)
 245.905197 186.494598 139.442566 204.848892,
 200.717010 222.335388 171.265350 166.900360,
 160.418411 177.659592 198.666672 191.136581,
 209.093445 156.776062 178.963058 245.527023,
 372.031616 366.043304 298.397797 351.395233,
 311.747498 361.589447 294.084259 291.514679,
 257.891937 310.368622 318.665588 308.982269,
 318.099213 326.367340 323.671173 364.408325,
 185.659515 84.873154 86.928055 156.822266,
 168.098572 99.342400 104.462585 153.866577,
 123.794815 79.617256 91.641891 113.075577,
 166.254257 78.833466 78.222275 142.617371,

Cross-correlations of the real part of each oriented sub-band with both the real and imaginary part of all phase-doubled oriented sub-bands at the next coarser scale (Q matrices of size 1x2Q, which are computed and stored in a matrix of size Qx2Q)
 92.365395 39.210972 3.766054 42.735069 3.877590 0.579553 0.719258 -0.385766,
 39.452229 84.287971 35.855309 3.222769 3.416739 -1.918496 -1.005957 -1.118020,
 4.793777 36.602924 75.198677 30.910843 0.088626 -0.910283 -2.786988 2.028688,
 44.225758 3.795809 32.624596 84.063812 0.369399 0.273201 -0.408362 4.322633,
 -107.844604 -41.538845 -5.829179 -35.539791 4.567490 2.506295 0.396404 -5.125522,
 -47.186527 -114.399673 -57.837952 -6.707376 -3.776506 6.471262 2.018175 -2.940650,
 -6.323253 -60.635662 -111.179161 -31.930794 -1.353869 4.027024 0.724744 -0.422142,
 -48.763756 -6.190104 -41.125519 -67.474419 3.442384 0.206467 -2.090346 0.994333,
 -0.678724 -27.699320 -0.488814 15.884228 25.962910 4.116028 3.948149 6.770051,
 -2.262860 -60.295624 -12.100135 0.325030 7.635426 0.519166 11.937317 -2.327009,
 1.550988 -24.270582 -49.258034 -20.933380 -1.147802 8.166692 7.681011 6.410947,
 5.848636 -2.194450 -28.101030 -9.432751 7.735025 3.338688 5.165690 21.388098,
