Low-band skewness and kurtosis
 -2.299357 6.594483,
 -2.336284 7.149148,
 -1.959345 5.846509,
 -1.768786 5.706316,
 -1.556305 4.720112,

High-band variance
 125.938850,

Skewness, kurtosis, variance, mean, maximum and minimum of the reconstructed texture
 -2.289303 6.376855 6392.177246 223.948608 255.000000 0.000000,

Auto-correlations of the low-frequency bands at each scale
 3102.857910 3616.288086 3998.225830 4158.679688 4049.208740 3718.811035 3260.063965 3494.431396 4161.384277 4731.823730 4979.816406 4758.246582 4218.739746 3592.865967 3766.314453 4622.935547 5459.893555 5839.387695 5468.534180 4646.034180 3814.235352 3878.635742 4821.903809 5792.038086 6238.914062 5792.038086 4821.903809 3878.635742 3814.235352 4646.034180 5468.534180 5839.387695 5459.893555 4622.935547 3766.314453 3592.865967 4218.739746 4758.246582 4979.816406 4731.823730 4161.384277 3494.431396 3260.063965 3718.811035 4049.208740 4158.679688 3998.225830 3616.288086 3102.857910,
 1471.871338 1823.841797 2180.641846 2381.229248 2371.129150 2230.801758 2055.693115 1565.747559 2206.883057 3037.737305 3478.729492 3177.977051 2500.015381 1981.153564 1710.552002 2778.224365 4265.986816 5029.392578 4331.497559 2914.401611 1906.919678 1835.134277 3105.305664 4905.458496 5813.921875 4905.458496 3105.305664 1835.134277 1906.919678 2914.401611 4331.497559 5029.392578 4265.986816 2778.224365 1710.552002 1981.153564 2500.015381 3177.977051 3478.729492 3037.737305 2206.883057 1565.747559 2055.693115 2230.801758 2371.129150 2381.229248 2180.641846 1823.841797 1471.871338,
 837.842651 1113.997559 1510.201294 1640.701172 1566.492065 1736.730713 2087.145020 1192.095947 1161.137085 1674.661255 2138.643311 1953.045288 1746.838501 1933.589355 1250.430908 1313.664429 2545.955078 3563.570801 2857.263672 1724.273560 1536.261230 1282.451782 1595.183716 3290.373047 4468.792480 3290.373047 1595.183716 1282.451782 1536.261230 1724.273560 2857.263672 3563.570801 2545.955078 1313.664429 1250.430908 1933.589355 1746.838501 1953.045288 2138.643311 1674.661255 1161.137085 1192.095947 2087.145020 1736.730713 1566.492065 1640.701172 1510.201294 1113.997559 837.842651,
 -562.722229 -316.403992 143.309875 781.342834 1232.277100 1369.687256 1322.525879 -150.530701 216.982422 802.894836 1473.346558 1715.870850 1583.250244 1346.702881 349.267670 865.434875 1637.872070 2291.957031 2144.757324 1599.489746 1154.550903 810.694153 1378.860840 2210.498047 2719.416016 2210.498047 1378.860840 810.694153 1154.550903 1599.489746 2144.757324 2291.957031 1637.872070 865.434875 349.267670 1346.702881 1583.250244 1715.870850 1473.346558 802.894836 216.982422 -150.530701 1322.525879 1369.687256 1232.277100 781.342834 143.309875 -316.403992 -562.722229,
 -435.173889 -762.707886 -919.284546 -609.657837 -18.331390 341.225250 225.028931 -783.297180 -954.869507 -604.443726 245.534500 928.201416 900.466064 307.626770 -920.061157 -579.476929 421.523926 1491.914185 1685.656738 937.392944 -39.358704 -617.632202 270.887939 1505.726440 2131.952393 1505.726440 270.887939 -617.632202 -39.358704 937.392944 1685.656738 1491.914185 421.523926 -579.476929 -920.061157 307.626770 900.466064 928.201416 245.534500 -604.443726 -954.869507 -783.297180 225.028931 341.225250 -18.331390 -609.657837 -919.284546 -762.707886 -435.173889,

Auto-correlations of the modulus of each oriented sub-band
 81.516129 88.460968 95.164581 98.544937 97.160706 92.334183 86.931366 93.539047 105.175713 116.100273 121.191078 118.038216 108.812050 98.427185 106.165504 122.654678 137.929489 144.620697 139.182999 124.919769 109.157524 112.811661 131.372101 148.550018 155.722443 148.550018 131.372101 112.811661 109.157524 124.919769 139.182999 144.620697 137.929489 122.654678 106.165504 98.427185 108.812050 118.038216 121.191078 116.100273 105.175713 93.539047 86.931366 92.334183 97.160706 98.544937 95.164581 88.460968 81.516129,
 87.911751 93.389885 96.883888 96.507446 91.832939 83.930351 74.472527 93.099365 106.938713 117.592781 119.604027 112.006050 98.297340 83.047623 96.058975 117.056664 135.046478 140.537323 130.562500 111.152885 90.350632 95.088936 118.601898 140.252014 149.537476 140.252014 118.601898 95.088936 90.350632 111.152885 130.562500 140.537323 135.046478 117.056664 96.058975 83.047623 98.297340 112.006050 119.604027 117.592781 106.938713 93.099365 74.472527 83.930351 91.832939 96.507446 96.883888 93.389885 87.911751,
 65.539619 78.203598 91.223778 97.271027 91.578285 79.371140 68.284691 72.693329 89.127380 106.362831 114.476692 106.532005 89.831009 74.623657 79.409416 98.991295 120.002487 130.134262 120.091446 99.324776 80.396935 82.461365 103.089142 125.595383 136.609848 125.595383 103.089142 82.461365 80.396935 99.324776 120.091446 130.134262 120.002487 98.991295 79.409416 74.623657 89.831009 106.532005 114.476692 106.362831 89.127380 72.693329 68.284691 79.371140 91.578285 97.271027 91.223778 78.203598 65.539619,
 77.882149 88.481140 97.878151 103.910500 105.194786 102.218292 97.057793 88.706795 104.592552 119.023811 127.245514 125.806236 115.810890 102.540535 98.085762 119.045547 138.431686 148.378448 143.239426 125.999512 105.589012 104.176994 127.410995 148.512848 157.461166 148.512848 127.410995 104.176994 105.589012 125.999512 143.239426 148.378448 138.431686 119.045547 98.085762 102.540535 115.810890 125.806236 127.245514 119.023811 104.592552 88.706795 97.057793 102.218292 105.194786 103.910500 97.878151 88.481140 77.882149,
 174.919174 185.664154 193.978546 195.684082 190.670563 182.585602 175.245895 215.936066 234.751144 251.569595 257.430756 248.110764 229.125168 209.099945 260.896515 295.485199 328.405487 342.272675 326.525909 291.465057 254.713593 279.990479 324.984802 368.580780 388.276306 368.580780 324.984802 279.990479 254.713593 291.465057 326.525909 342.272675 328.405487 295.485199 260.896515 209.099945 229.125168 248.110764 257.430756 251.569595 234.751144 215.936066 175.245895 182.585602 190.670563 195.684082 193.978546 185.664154 174.919174,
 217.522186 235.423431 241.283493 229.881332 206.453629 183.537109 168.529755 241.327194 273.963715 294.473633 287.436066 254.621643 216.164780 187.680679 248.486298 296.422363 338.668884 346.135742 309.577087 256.306152 212.761749 236.732605 289.291504 346.106140 373.292664 346.106140 289.291504 236.732605 212.761749 256.306152 309.577087 346.135742 338.668884 296.422363 248.486298 187.680679 216.164780 254.621643 287.436066 294.473633 273.963715 241.327194 168.529755 183.537109 206.453629 229.881332 241.283493 235.423431 217.522186,
 140.652954 180.381851 227.804306 250.539413 232.631668 194.668777 158.493835 149.016159 196.701263 258.387115 289.992432 263.056854 209.313568 164.397049 157.571274 211.592392 285.517853 325.229218 288.462738 219.216812 166.698868 164.226822 220.301102 297.776917 340.245117 297.776917 220.301102 164.226822 166.698868 219.216812 288.462738 325.229218 285.517853 211.592392 157.571274 164.397049 209.313568 263.056854 289.992432 258.387115 196.701263 149.016159 158.493835 194.668777 232.631668 250.539413 227.804306 180.381851 140.652954,
 161.792297 183.907776 218.206100 253.624222 274.654175 273.235718 252.954102 181.771759 218.717941 270.208862 315.802734 331.274841 311.029480 271.003998 212.528671 266.686279 333.391083 380.231873 376.558136 328.525269 269.578796 246.708771 311.283447 379.014465 409.902893 379.014465 311.283447 246.708771 269.578796 328.525269 376.558136 380.231873 333.391083 266.686279 212.528671 271.003998 311.029480 331.274841 315.802734 270.208862 218.717941 181.771759 252.954102 273.235718 274.654175 253.624222 218.206100 183.907776 161.792297,
 253.131897 307.392181 339.869537 349.482452 340.826447 322.658478 301.966064 321.775940 386.459778 426.902832 438.196533 422.676575 389.526672 349.315613 390.033997 481.107941 550.067139 573.250122 543.407837 476.657257 398.361145 421.352356 525.621582 614.991211 652.015686 614.991211 525.621582 421.352356 398.361145 476.657257 543.407837 573.250122 550.067139 481.107941 390.033997 349.315613 389.526672 422.676575 438.196533 426.902832 386.459778 321.775940 301.966064 322.658478 340.826447 349.482452 339.869537 307.392181 253.131897,
 180.192047 238.650467 276.679047 284.544525 279.109100 277.774536 276.070709 246.448822 328.665924 385.040344 382.907471 341.431946 302.454010 277.109589 290.584747 394.863190 488.495056 503.558044 434.568176 347.414642 284.634064 298.113281 395.360413 509.226074 565.535645 509.226074 395.360413 298.113281 284.634064 347.414642 434.568176 503.558044 488.495056 394.863190 290.584747 277.109589 302.454010 341.431946 382.907471 385.040344 328.665924 246.448822 276.070709 277.774536 279.109100 284.544525 276.679047 238.650467 180.192047,
 88.955276 136.635635 191.653595 220.370514 203.513123 172.645187 152.983810 111.080536 166.591599 248.680908 293.854340 252.082581 192.894669 163.138092 133.928345 192.988113 300.670715 366.550385 298.970520 206.159958 163.465668 153.146423 207.294525 320.872375 399.018127 320.872375 207.294525 153.146423 163.465668 206.159958 298.970520 366.550385 300.670715 192.988113 133.928345 163.138092 192.894669 252.082581 293.854340 248.680908 166.591599 111.080536 152.983810 172.645187 203.513123 220.370514 191.653595 136.635635 88.955276,
 149.355148 179.163422 195.897644 210.264954 221.676727 222.662659 215.441971 177.375397 215.956924 256.572906 297.548279 311.565399 285.823242 241.689240 206.852051 271.047333 351.359192 415.602356 407.637634 333.600128 252.459625 237.890961 325.260498 426.667999 478.050964 426.667999 325.260498 237.890961 252.459625 333.600128 407.637634 415.602356 351.359192 271.047333 206.852051 241.689240 285.823242 311.565399 297.548279 256.572906 215.956924 177.375397 215.441971 222.662659 221.676727 210.264954 195.897644 179.163422 149.355148,
 -11.848372 12.433847 33.486866 43.900051 46.681248 49.876747 55.935623 17.403282 53.711525 82.855896 91.270302 80.436676 65.118294 57.546936 43.214764 92.319328 137.933014 153.086548 128.696503 88.182564 57.199650 56.827602 106.337021 161.535950 188.581604 161.535950 106.337021 56.827602 57.199650 88.182564 128.696503 153.086548 137.933014 92.319328 43.214764 57.546936 65.118294 80.436676 91.270302 82.855896 53.711525 17.403282 55.935623 49.876747 46.681248 43.900051 33.486866 12.433847 -11.848372,
 19.784582 28.703892 32.853603 35.563137 43.058483 49.313099 41.889557 18.875946 35.473812 51.792824 58.766739 57.938408 53.422009 41.320076 16.379311 43.843880 79.711761 95.451057 80.256546 54.052979 32.324558 21.276136 50.899002 93.725906 116.578262 93.725906 50.899002 21.276136 32.324558 54.052979 80.256546 95.451057 79.711761 43.843880 16.379311 41.320076 53.422009 57.938408 58.766739 51.792824 35.473812 18.875946 41.889557 49.313099 43.058483 35.563137 32.853603 28.703892 19.784582,
 -0.587040 7.653398 13.960518 16.371792 15.488163 17.114616 24.070120 -0.669771 15.825643 32.728073 39.556042 28.282530 16.149563 14.548845 -1.095721 22.039553 51.886868 67.901108 46.459507 18.887018 5.308604 0.238786 22.774895 58.136536 82.135544 58.136536 22.774895 0.238786 5.308604 18.887018 46.459507 67.901108 51.886868 22.039553 -1.095721 14.548845 16.149563 28.282530 39.556042 32.728073 15.825643 -0.669771 24.070120 17.114616 15.488163 16.371792 13.960518 7.653398 -0.587040,
 -13.271688 -7.465359 -6.897300 -0.021759 15.150114 28.503448 39.571770 1.872267 14.713338 22.262867 33.674667 40.901447 35.881893 33.463310 7.505029 31.271137 58.387321 82.903732 76.259056 45.657391 22.523500 11.678654 43.007771 86.323189 112.239937 86.323189 43.007771 11.678654 22.523500 45.657391 76.259056 82.903732 58.387321 31.271137 7.505029 33.463310 35.881893 40.901447 33.674667 22.262867 14.713338 1.872267 39.571770 28.503448 15.150114 -0.021759 -6.897300 -7.465359 -13.271688,

Pairwise cross-correlations of the modulus of all oriented sub-bands at the same scale (size QxQ)
 155.722443 107.070122 69.551704 111.666679,
 107.070122 149.537491 100.734962 73.314095,
 69.551704 100.734962 136.609848 103.619720,
 111.666679 73.314095 103.619720 157.461166,
 388.276337 302.764435 231.306686 313.307007,
 302.764435 373.292664 281.767151 288.428040,
 231.306686 281.767151 340.245148 304.343811,
 313.307007 288.428040 304.343811 409.902954,
 652.015747 437.739929 302.438721 457.935364,
 437.739929 565.535645 364.883972 328.663605,
 302.438721 364.883972 399.018188 326.838379,
 457.935364 328.663605 326.838379 478.050964,
 188.581635 95.507156 65.926941 90.938278,
 95.507156 116.578262 62.032715 41.927834,
 65.926941 62.032715 82.135544 58.291218,
 90.938278 41.927834 58.291218 112.239944,

Cross-correlations of the modulus of all oriented sub-bands with all oriented sub-bands at the coarser scale (size QxQ)
 211.358322 172.342087 127.596169 186.194702,
 171.280029 202.678970 157.374359 154.720062,
 129.311310 163.731781 184.392731 173.720703,
 172.132446 147.862686 160.657516 221.285034,
 386.122223 324.256287 238.314758 306.110779,
 352.144165 365.130432 274.829865 279.758240,
 300.476624 330.779907 290.928925 282.225922,
 383.101593 331.711914 279.723328 345.868500,
 197.926666 119.411827 117.872437 157.415436,
 169.222687 143.406235 114.194122 142.208221,
 120.920654 85.527100 94.337059 113.640739,
 154.118332 88.562286 102.310287 142.621033,

Cross-correlations of the real part of each oriented sub-band with both the real and imaginary part of all phase-doubled oriented sub-bands at the next coarser scale (Q matrices of size 1x2Q, which are computed and stored in a matrix of size Qx2Q)
 67.242531 31.680113 3.984654 36.146778 0.393119 -3.213519 0.239882 1.295520,
 29.809975 73.811737 28.633774 2.109975 -2.054597 -2.129149 -0.902184 0.136878,
 3.779170 33.238426 65.586174 34.649197 -0.905908 0.203938 -2.285474 0.378584,
 33.404942 3.106120 32.921814 83.617249 0.361592 -0.248717 -0.112036 3.642801,
 -32.072659 -43.866497 -9.244638 -20.688114 9.389975 16.114929 2.148048 0.432354,
 -32.684566 -124.216293 -59.210289 -0.491832 3.626737 23.789074 -2.473370 -0.429131,
 -5.905880 -59.685005 -112.383102 -55.720741 -0.520867 0.712685 -6.736557 8.812855,
 -6.171711 -2.502524 -49.855610 -94.632492 4.130948 -0.225833 -1.140445 16.142214,
 -26.246887 -33.787140 -7.361088 -25.564503 5.435124 13.532469 -6.104553 -10.656561,
 -8.512548 -56.981316 -13.635128 -1.228070 8.682866 27.340275 -12.347264 1.282982,
 0.004997 -18.976967 -37.830193 -32.852184 -1.193335 10.475204 -14.580051 -11.663640,
 -17.776867 -3.567642 -34.194183 -68.576584 -3.066639 -0.334243 -11.611459 -31.664955,
