Low-band skewness and kurtosis
 -2.185496 6.116017,
 -2.252099 6.900772,
 -1.672909 4.919604,
 -1.247891 3.657192,
 -1.034398 3.336937,

High-band variance
 147.113373,

Skewness, kurtosis, variance, mean, maximum and minimum of the reconstructed texture
 -2.173995 5.873394 6693.597168 221.785278 255.000000 0.000000,

Auto-correlations of the low-frequency bands at each scale
 2530.597412 3049.791748 3411.291504 3528.797852 3382.979492 3037.173096 2571.710205 3174.051758 3889.966797 4487.276367 4721.115723 4461.748047 3883.029297 3220.218262 3661.052979 4613.689941 5541.861328 5949.498535 5528.165039 4613.628418 3694.460693 3861.251465 4920.782227 6013.444336 6514.438477 6013.444336 4920.782227 3861.251465 3694.460693 4613.628418 5528.165039 5949.498535 5541.861328 4613.689941 3661.052979 3220.218262 3883.029297 4461.748047 4721.115723 4487.276367 3889.966797 3174.051758 2571.710205 3037.173096 3382.979492 3528.797852 3411.291504 3049.791748 2530.597412,
 958.131836 926.291931 1075.153931 1136.639893 1004.537231 951.058044 1099.403076 1162.927979 1442.018799 2152.235840 2539.310059 2145.496094 1525.721191 1294.123291 1539.478394 2432.785156 4002.844238 4834.024414 4021.932129 2517.481445 1645.720825 1791.750732 3006.006348 4986.489258 6024.146484 4986.489258 3006.006348 1791.750732 1645.720825 2517.481445 4021.932129 4834.024414 4002.844238 2432.785156 1539.478394 1294.123291 1525.721191 2145.496094 2539.310059 2152.235840 1442.018799 1162.927979 1099.403076 951.058044 1004.537231 1136.639893 1075.153931 926.291931 958.131836,
 921.378845 930.305542 988.033936 1105.561646 1044.888062 938.574951 921.383972 913.597473 746.619141 910.414856 1167.323120 1036.000000 938.260986 1095.701904 996.221558 1143.822388 2072.998291 2785.465332 2158.379150 1305.394653 1177.362915 1149.320923 1604.681030 3068.266602 4063.461182 3068.266602 1604.681030 1149.320923 1177.362915 1305.394653 2158.379150 2785.465332 2072.998291 1143.822388 996.221558 1095.701904 938.260986 1036.000000 1167.323120 910.414856 746.619141 913.597473 921.383972 938.574951 1044.888062 1105.561646 988.033936 930.305542 921.378845,
 -325.198364 -75.251038 276.935944 666.465881 860.374390 842.865295 809.782593 30.756195 247.030029 595.116028 923.479980 941.693176 803.467407 749.659180 370.837708 694.350952 1308.640015 1716.274902 1396.284790 844.426636 599.419861 539.340881 943.611572 1760.872314 2259.960693 1760.872314 943.611572 539.340881 599.419861 844.426636 1396.284790 1716.274902 1308.640015 694.350952 370.837708 749.659180 803.467407 941.693176 923.479980 595.116028 247.030029 30.756195 809.782593 842.865295 860.374390 666.465881 276.935944 -75.251038 -325.198364,
 -422.979065 -650.420532 -674.736694 -403.603912 -60.418304 145.299545 85.783447 -592.258484 -661.436035 -302.970276 277.509338 571.364502 479.018799 143.021713 -485.066711 -255.790054 446.369324 1100.722046 1066.245605 558.852295 44.802246 -203.560913 280.104156 1061.192383 1498.662354 1061.192383 280.104156 -203.560913 44.802246 558.852295 1066.245605 1100.722046 446.369324 -255.790054 -485.066711 143.021713 479.018799 571.364502 277.509338 -302.970276 -661.436035 -592.258484 85.783447 145.299545 -60.418304 -403.603912 -674.736694 -650.420532 -422.979065,

Auto-correlations of the modulus of each oriented sub-band
 61.247368 69.043694 76.330299 79.470734 76.818596 70.121513 63.182037 79.687775 91.359253 102.171585 106.917831 103.118729 93.063171 82.057861 97.512726 113.626457 128.423309 134.795074 129.255127 114.989510 99.202515 105.848511 124.127937 140.912827 147.902161 140.912827 124.127937 105.848511 99.202515 114.989510 129.255127 134.795074 128.423309 113.626457 97.512726 82.057861 93.063171 103.118729 106.917831 102.171585 91.359253 79.687775 63.182037 70.121513 76.818596 79.470734 76.330299 69.043694 61.247368,
 98.138832 102.797943 104.338165 101.093826 93.062897 81.901276 70.244896 103.120056 117.007538 127.023804 127.649879 117.613007 100.625824 82.218765 104.668968 126.970024 145.578674 151.032257 139.687134 117.631523 93.414955 101.428436 127.560371 150.862534 160.784912 150.862534 127.560371 101.428436 93.414955 117.631523 139.687134 151.032257 145.578674 126.970024 104.668968 82.218765 100.625824 117.613007 127.649879 127.023804 117.007538 103.120056 70.244896 81.901276 93.062897 101.093826 104.338165 102.797943 98.138832,
 80.906265 101.596695 121.031609 129.207397 120.318504 100.496475 79.963379 88.103348 113.592575 138.385178 149.306580 138.090408 113.233337 88.148911 95.240990 124.777725 154.235031 167.708130 154.173386 124.761917 95.550026 98.407982 129.418884 160.742249 175.328415 160.742249 129.418884 98.407982 95.550026 124.761917 154.173386 167.708130 154.235031 124.777725 95.240990 88.148911 113.233337 138.090408 149.306580 138.385178 113.592575 88.103348 79.963379 100.496475 120.318504 129.207397 121.031609 101.596695 80.906265,
 79.009270 91.850311 103.616547 111.989609 115.318787 113.455170 107.977364 92.246498 112.105011 130.096359 140.837067 140.387894 129.632797 114.116158 105.054626 131.106354 154.623550 166.828827 161.278915 141.297424 116.788193 113.925407 142.276749 167.305389 177.877472 167.305389 142.276749 113.925407 116.788193 141.297424 161.278915 166.828827 154.623550 131.106354 105.054626 114.116158 129.632797 140.387894 140.837067 130.096359 112.105011 92.246498 107.977364 113.455170 115.318787 111.989609 103.616547 91.850311 79.009270,
 177.890167 193.629807 207.464294 215.230148 214.289948 206.206497 194.246460 238.022949 266.764526 289.850677 299.449310 291.547089 270.556763 244.195709 309.674744 357.667938 395.890991 410.057617 393.191101 353.888458 306.903687 340.270325 398.635590 446.983795 466.565613 446.983795 398.635590 340.270325 306.903687 353.888458 393.191101 410.057617 395.890991 357.667938 309.674744 244.195709 270.556763 291.547089 299.449310 289.850677 266.764526 238.022949 194.246460 206.206497 214.289948 215.230148 207.464294 193.629807 177.890167,
 290.083160 315.472107 309.582184 277.812439 236.542084 200.720703 176.511139 315.162781 367.983429 386.497986 359.462280 303.171082 245.445709 201.858398 310.793457 387.455261 443.838745 442.482941 383.264954 304.752258 239.621643 280.809570 361.404877 443.199524 480.471069 443.199524 361.404877 280.809570 239.621643 304.752258 383.264954 442.482941 443.838745 387.455261 310.793457 201.858398 245.445709 303.171082 359.462280 386.497986 367.983429 315.162781 176.511139 200.720703 236.542084 277.812439 309.582184 315.472107 290.083160,
 251.011948 306.011505 372.286835 404.353516 372.845734 307.554535 250.904984 262.665741 335.760986 423.831848 466.392578 422.384460 333.324646 258.040802 269.333618 358.377747 467.457336 521.742554 466.081909 355.914917 265.373596 270.150269 366.166870 484.923584 545.599243 484.923584 366.166870 270.150269 265.373596 355.914917 466.081909 521.742554 467.457336 358.377747 269.333618 258.040802 333.324646 422.384460 466.392578 423.831848 335.760986 262.665741 250.904984 307.554535 372.845734 404.353516 372.286835 306.011505 251.011948,
 179.461426 203.038513 236.764130 275.791199 304.395050 308.477386 289.311096 196.927734 238.002563 297.694153 357.211914 382.450867 359.821899 310.749207 228.204224 293.384521 379.298309 445.676025 443.163116 379.124695 302.713623 269.265045 351.236206 442.870117 487.180878 442.870117 351.236206 269.265045 302.713623 379.124695 443.163116 445.676025 379.298309 293.384521 228.204224 310.749207 359.821899 382.450867 357.211914 297.694153 238.002563 196.927734 289.311096 308.477386 304.395050 275.791199 236.764130 203.038513 179.461426,
 88.910851 118.849472 142.410614 154.981232 156.965118 151.423294 140.559555 122.726624 170.769974 210.406326 227.473175 218.557327 192.857864 162.010406 165.766663 242.835205 313.305176 343.587921 318.282898 256.730103 190.444519 196.889740 289.398926 379.301392 419.086700 379.301392 289.398926 196.889740 190.444519 256.730103 318.282898 343.587921 313.305176 242.835205 165.766663 162.010406 192.857864 218.557327 227.473175 210.406326 170.769974 122.726624 140.559555 151.423294 156.965118 154.981232 142.410614 118.849472 88.910851,
 172.841705 200.635880 209.748535 199.408844 181.444885 163.992416 148.399384 208.010895 271.092163 306.364105 282.542999 225.020035 180.102509 154.654724 209.995346 302.859100 392.990051 396.320435 306.020203 214.599152 163.561539 186.194702 271.086334 391.831970 459.884216 391.831970 271.086334 186.194702 163.561539 214.599152 306.020203 396.320435 392.990051 302.859100 209.995346 154.654724 180.102509 225.020035 282.542999 306.364105 271.092163 208.010895 148.399384 163.992416 181.444885 199.408844 209.748535 200.635880 172.841705,
 202.311050 251.054596 314.844788 354.359833 341.039307 312.453400 297.316162 256.713318 321.690765 416.741699 473.312134 426.440186 348.153595 303.394287 294.220490 375.796082 507.536591 588.752808 508.969757 382.810669 310.378510 310.592834 396.805298 544.593018 639.228333 544.593018 396.805298 310.592834 310.378510 382.810669 508.969757 588.752808 507.536591 375.796082 294.220490 303.394287 348.153595 426.440186 473.312134 416.741699 321.690765 256.713318 297.316162 312.453400 341.039307 354.359833 314.844788 251.054596 202.311050,
 92.005074 142.462799 180.361374 208.854218 218.430252 196.663513 166.095825 125.010712 178.003967 228.129364 277.891174 291.578400 252.074768 194.176086 149.548309 217.229431 303.172333 384.515198 378.595001 292.282166 197.834229 174.659164 268.623718 385.038208 450.516083 385.038208 268.623718 174.659164 197.834229 292.282166 378.595001 384.515198 303.172333 217.229431 149.548309 194.176086 252.074768 291.578400 277.891174 228.129364 178.003967 125.010712 166.095825 196.663513 218.430252 208.854218 180.361374 142.462799 92.005074,
 -33.958618 -25.284985 -8.810531 10.346644 26.932907 37.139118 39.141747 -17.599354 0.603527 25.067898 46.919399 58.379459 58.372349 50.446415 7.730543 37.303932 70.119064 91.896347 92.270798 75.496986 52.883072 36.780460 70.259789 102.953949 117.465866 102.953949 70.259789 36.780460 52.883072 75.496986 92.270798 91.896347 70.119064 37.303932 7.730543 50.446415 58.372349 58.379459 46.919399 25.067898 0.603527 -17.599354 39.141747 37.139118 26.932907 10.346644 -8.810531 -25.284985 -33.958618,
 -8.691557 -4.751900 -3.317916 -2.681628 -0.442286 5.788758 13.168341 -3.798440 11.787613 22.082243 19.463917 13.087667 11.991446 14.596543 1.923607 24.657259 52.368397 55.830070 35.148434 19.045622 14.420830 9.254026 25.526215 58.162670 78.887749 58.162670 25.526215 9.254026 14.420830 19.045622 35.148434 55.830070 52.368397 24.657259 1.923607 14.596543 11.991446 13.087667 19.463917 22.082243 11.787613 -3.798440 13.168341 5.788758 -0.442286 -2.681628 -3.317916 -4.751900 -8.691557,
 -7.319469 13.056606 34.125549 51.931393 58.457207 52.798710 45.063011 18.290115 40.696686 72.633423 96.134880 91.062897 71.121887 54.360245 37.983700 64.123909 108.348633 138.997421 118.629654 81.673988 56.679028 50.901558 79.137718 126.491516 157.766907 126.491516 79.137718 50.901558 56.679028 81.673988 118.629654 138.997421 108.348633 64.123909 37.983700 54.360245 71.121887 91.062897 96.134880 72.633423 40.696686 18.290115 45.063011 52.798710 58.457207 51.931393 34.125549 13.056606 -7.319469,
 -22.560932 0.761335 28.479824 48.802261 51.742924 37.427116 18.276543 -8.569912 22.380774 55.719517 79.907806 80.844513 56.894485 27.485268 12.393960 47.972275 90.768242 123.857704 116.854744 75.757408 36.669788 31.623291 72.018715 124.038483 151.959351 124.038483 72.018715 31.623291 36.669788 75.757408 116.854744 123.857704 90.768242 47.972275 12.393960 27.485268 56.894485 80.844513 79.907806 55.719517 22.380774 -8.569912 18.276543 37.427116 51.742924 48.802261 28.479824 0.761335 -22.560932,

Pairwise cross-correlations of the modulus of all oriented sub-bands at the same scale (size QxQ)
 147.902176 102.132217 61.873627 111.065979,
 102.132217 160.784943 115.207436 74.143066,
 61.873627 115.207436 175.328445 117.139275,
 111.065979 74.143066 117.139275 177.877502,
 466.565674 395.223694 357.392365 378.748627,
 395.223694 480.471069 417.017426 342.122375,
 357.392365 417.017426 545.599243 407.047455,
 378.748627 342.122375 407.047455 487.180878,
 419.086731 288.093872 314.837158 316.034729,
 288.093872 459.884216 413.819702 302.963989,
 314.837158 413.819702 639.228394 395.934631,
 316.034729 302.963989 395.934631 450.516113,
 117.465874 48.646713 53.952766 60.392700,
 48.646713 78.887749 51.165783 19.852390,
 53.952766 51.165783 157.766922 105.119522,
 60.392700 19.852390 105.119522 151.959351,

Cross-correlations of the modulus of all oriented sub-bands with all oriented sub-bands at the coarser scale (size QxQ)
 223.970490 191.320953 160.800217 190.218811,
 201.277573 238.743347 215.508881 158.073395,
 165.237015 203.836655 263.900391 198.068954,
 207.001892 179.082901 220.343140 254.796097,
 336.864624 319.169312 347.210663 319.711182,
 315.419067 347.097321 399.855377 313.527649,
 307.239990 342.596344 424.292755 363.471680,
 300.460510 289.984192 368.179260 359.765930,
 113.198105 78.269119 127.214142 119.834305,
 114.398575 112.793091 148.715347 110.487106,
 124.448387 119.739944 218.292267 143.340088,
 128.844055 76.914749 144.827988 137.600967,

Cross-correlations of the real part of each oriented sub-band with both the real and imaginary part of all phase-doubled oriented sub-bands at the next coarser scale (Q matrices of size 1x2Q, which are computed and stored in a matrix of size Qx2Q)
 91.422325 37.304638 4.586761 43.734028 3.892132 0.301589 -0.704979 -0.587463,
 37.218853 91.928642 46.596603 4.661875 1.544951 -3.620586 -3.832584 -0.386274,
 3.544117 44.891968 105.961807 44.993038 -0.162805 -3.868567 -1.765714 2.368272,
 42.541935 4.098771 46.123402 100.002403 1.613716 -0.323129 1.086269 2.890531,
 -122.725853 -51.932373 -5.761144 -57.895084 7.621622 -3.028297 -1.993556 -2.420644,
 -48.840118 -110.423607 -58.833767 -8.679420 -0.775163 -24.055403 -11.311651 1.438118,
 -4.332053 -52.207146 -121.902275 -47.800205 0.159322 -14.446360 7.828437 -2.284332,
 -57.313526 -8.083299 -45.320522 -114.827446 5.428506 2.272538 10.707588 -11.283524,
 -6.624363 -10.730251 -7.117022 -25.195042 41.210358 30.703951 2.278152 4.529870,
 -1.619684 -77.363098 -90.666588 -8.346921 27.595118 33.733929 -9.386837 -2.973205,
 -4.324944 -66.583923 -181.036438 -50.227703 1.451868 7.698891 -14.663414 11.886035,
 -14.942221 -6.446122 -69.692398 -69.223099 8.904802 4.887109 3.367708 31.306671,
