Low-band skewness and kurtosis
 -2.241940 6.347537,
 -2.288698 6.977142,
 -1.858715 5.478421,
 -1.665718 4.832916,
 -1.751128 5.194943,

High-band variance
 135.937729,

Skewness, kurtosis, variance, mean, maximum and minimum of the reconstructed texture
 -2.229713 6.115803 6530.521973 222.897461 255.000000 0.000000,

Auto-correlations of the low-frequency bands at each scale
 3050.756104 3524.032715 3878.345459 4029.043213 3911.353760 3555.921387 3072.106201 3508.908203 4141.474609 4698.833984 4946.729980 4710.884766 4136.525391 3489.549805 3818.766602 4657.961914 5516.829590 5914.869141 5517.050293 4643.377930 3796.454590 3920.370117 4866.027832 5886.788086 6364.890625 5886.788086 4866.027832 3920.370117 3796.454590 4643.377930 5517.050293 5914.869141 5516.829590 4657.961914 3818.766602 3489.549805 4136.525391 4710.884766 4946.729980 4698.833984 4141.474609 3508.908203 3072.106201 3555.921387 3911.353760 4029.043213 3878.345459 3524.032715 3050.756104,
 1769.207153 1820.738770 2008.255371 2208.741455 2157.454590 1939.956055 1875.002808 1821.133423 2185.670410 2861.725342 3287.594238 2944.812744 2266.269043 1996.680054 1972.626953 2838.108887 4249.341309 5011.160645 4256.395996 2847.749512 2091.875732 2099.137695 3177.593750 4963.641113 5910.166016 4963.641113 3177.593750 2099.137695 2091.875732 2847.749512 4256.395996 5011.160645 4249.341309 2838.108887 1972.626953 1996.680054 2266.269043 2944.812744 3287.594238 2861.725342 2185.670410 1821.133423 1875.002808 1939.956055 2157.454590 2208.741455 2008.255371 1820.738770 1769.207153,
 1473.768188 1508.506958 1595.316650 1745.736572 1732.388916 1653.437866 1600.818726 1641.602905 1565.131348 1798.056274 2078.127197 1890.680054 1653.795898 1674.060669 1553.562622 1686.523682 2644.425049 3396.312012 2789.390869 1892.097412 1696.169067 1582.534180 1955.899902 3360.777100 4324.305664 3360.777100 1955.899902 1582.534180 1696.169067 1892.097412 2789.390869 3396.312012 2644.425049 1686.523682 1553.562622 1674.060669 1653.795898 1890.680054 2078.127197 1798.056274 1565.131348 1641.602905 1600.818726 1653.437866 1732.388916 1745.736572 1595.316650 1508.506958 1473.768188,
 165.053223 689.767334 1011.162048 1124.091675 1150.370605 1094.624878 912.479004 478.673737 969.489990 1356.818115 1589.533691 1547.960693 1340.524658 1088.273682 804.153809 1314.489990 1926.764160 2314.869629 2031.109375 1482.188965 1094.293457 1024.084229 1547.838745 2317.736328 2774.782959 2317.736328 1547.838745 1024.084229 1094.293457 1482.188965 2031.109375 2314.869629 1926.764160 1314.489990 804.153809 1088.273682 1340.524658 1547.960693 1589.533691 1356.818115 969.489990 478.673737 912.479004 1094.624878 1150.370605 1124.091675 1011.162048 689.767334 165.053223,
 -801.315063 -762.251343 -520.611694 -201.599976 -59.772400 -213.030487 -498.407227 -679.430969 -450.910004 104.551270 646.478760 704.524536 256.473541 -297.982666 -435.518921 121.489441 1058.590088 1707.383789 1451.617920 579.569397 -194.582626 -235.879608 558.272339 1660.849243 2218.010254 1660.849243 558.272339 -235.879608 -194.582626 579.569397 1451.617920 1707.383789 1058.590088 121.489441 -435.518921 -297.982666 256.473541 704.524536 646.478760 104.551270 -450.910004 -679.430969 -498.407227 -213.030487 -59.772400 -201.599976 -520.611694 -762.251343 -801.315063,

Auto-correlations of the modulus of each oriented sub-band
 81.056618 87.556892 94.428535 98.338043 97.411552 92.658867 86.986259 96.399910 107.742599 118.731216 124.187729 121.543427 112.766525 102.660393 113.156868 129.618256 144.957611 151.869858 146.846619 133.020294 117.457695 122.407005 141.045959 158.127197 165.202301 158.127197 141.045959 122.407005 117.457695 133.020294 146.846619 151.869858 144.957611 129.618256 113.156868 102.660393 112.766525 121.543427 124.187729 118.731216 107.742599 96.399910 86.986259 92.658867 97.411552 98.338043 94.428535 87.556892 81.056618,
 100.665154 105.757545 108.265686 106.750160 101.230591 92.736351 82.632042 104.556328 118.838432 129.224075 130.484039 122.021179 107.366447 91.030113 106.387337 128.744690 147.424500 152.756363 141.949768 121.257812 98.810081 104.440269 129.753113 152.695374 162.490036 152.695374 129.753113 104.440269 98.810081 121.257812 141.949768 152.756363 147.424500 128.744690 106.387337 91.030113 107.366447 122.021179 130.484039 129.224075 118.838432 104.556328 82.632042 92.736351 101.230591 106.750160 108.265686 105.757545 100.665154,
 68.725571 83.044502 98.560471 106.491081 100.724625 86.047020 70.954422 76.251732 94.680901 114.655258 124.669601 116.356461 97.019051 77.983070 83.196556 105.275612 129.230713 141.154495 130.202301 106.595787 84.179085 86.364799 110.021553 135.507660 147.986145 135.507660 110.021553 86.364799 84.179085 106.595787 130.202301 141.154495 129.230713 105.275612 83.196556 77.983070 97.019051 116.356461 124.669601 114.655258 94.680901 76.251732 70.954422 86.047020 100.724625 106.491081 98.560471 83.044502 68.725571,
 84.488907 93.319763 101.248955 106.435356 107.541420 104.791046 100.057373 94.333580 109.567299 123.607262 131.652466 130.080292 119.861198 106.427956 103.340340 124.693977 144.536697 154.723206 149.261154 131.309082 110.166695 109.166306 133.249878 155.159592 164.501556 155.159592 133.249878 109.166306 110.166695 131.309082 149.261154 154.723206 144.536697 124.693977 103.340340 106.427956 119.861198 130.080292 131.652466 123.607262 109.567299 94.333580 100.057373 104.791046 107.541420 106.435356 101.248955 93.319763 84.488907,
 220.647919 226.955917 231.685669 235.522064 237.711731 237.424210 234.034027 255.952133 279.375977 300.339478 313.612640 314.508484 304.151123 287.228088 307.229797 351.600769 391.820007 413.272705 406.050354 375.863464 336.726257 345.034210 398.061768 444.355927 463.626038 444.355927 398.061768 345.034210 336.726257 375.863464 406.050354 413.272705 391.820007 351.600769 307.229797 287.228088 304.151123 314.508484 313.612640 300.339478 279.375977 255.952133 234.034027 237.424210 237.711731 235.522064 231.685669 226.955917 220.647919,
 245.634567 272.431091 271.955597 242.513214 205.253357 180.545227 170.113297 256.829285 306.457642 331.109314 309.655151 258.865967 213.032043 187.496948 251.901917 318.155884 375.498169 378.965637 324.074219 256.190735 209.451080 233.357681 297.906219 373.700745 411.322174 373.700745 297.906219 233.357681 209.451080 256.190735 324.074219 378.965637 375.498169 318.155884 251.901917 187.496948 213.032043 258.865967 309.655151 331.109314 306.457642 256.829285 170.113297 180.545227 205.253357 242.513214 271.955597 272.431091 245.634567,
 177.572601 229.603943 287.093445 311.638794 282.162781 221.335693 169.419434 184.303391 250.762054 326.933685 359.595154 318.859467 239.797180 174.528030 188.213959 266.828583 360.454437 403.349792 353.903351 258.634430 181.361298 187.029633 269.971802 371.672852 422.348724 371.672852 269.971802 187.029633 181.361298 258.634430 353.903351 403.349792 360.454437 266.828583 188.213959 174.528030 239.797180 318.859467 359.595154 326.933685 250.762054 184.303391 169.419434 221.335693 282.162781 311.638794 287.093445 229.603943 177.572601,
 187.065308 209.223953 241.961212 277.875061 302.324371 304.494202 285.047791 207.081238 247.490814 299.696533 346.526733 364.511108 345.745880 303.317078 237.701813 299.016937 369.057098 417.881104 415.159576 365.626312 300.012299 273.724976 347.106964 418.957642 451.083191 418.957642 347.106964 273.724976 300.012299 365.626312 415.159576 417.881104 369.057098 299.016937 237.701813 303.317078 345.745880 364.511108 346.526733 299.696533 247.490814 207.081238 285.047791 304.494202 302.324371 277.875061 241.961212 209.223953 187.065308,
 137.853348 147.780975 150.276901 146.235626 141.330399 141.049225 145.649734 171.448914 208.314575 238.424057 244.783813 224.602493 192.844025 167.294037 223.034470 300.160248 373.104584 399.352234 361.150055 285.802399 215.404251 247.169220 343.830750 441.988220 485.436584 441.988220 343.830750 247.169220 215.404251 285.802399 361.150055 399.352234 373.104584 300.160248 223.034470 167.294037 192.844025 224.602493 244.783813 238.424057 208.314575 171.448914 145.649734 141.049225 141.330399 146.235626 150.276901 147.780975 137.853348,
 174.855164 200.612732 205.872223 187.794434 158.455048 140.044373 138.762299 200.651382 259.826691 289.575745 267.026978 210.807190 161.312439 143.954819 207.139664 308.691956 394.161346 393.912476 308.756500 208.368225 149.883560 176.740341 279.632538 407.231934 469.743835 407.231934 279.632538 176.740341 149.883560 208.368225 308.756500 393.912476 394.161346 308.691956 207.139664 143.954819 161.312439 210.807190 267.026978 289.575745 259.826691 200.651382 138.762299 140.044373 158.455048 187.794434 205.872223 200.612732 174.855164,
 139.566513 149.704498 180.543808 200.683716 178.970291 146.638336 132.401474 127.333992 157.898346 235.789429 290.081848 248.870422 171.064667 132.072647 117.542114 171.280548 293.916779 376.943146 308.048676 184.770416 124.292953 116.981766 183.733276 325.970642 415.346985 325.970642 183.733276 116.981766 124.292953 184.770416 308.048676 376.943146 293.916779 171.280548 117.542114 132.072647 171.064667 248.870422 290.081848 235.789429 157.898346 127.333992 132.401474 146.638336 178.970291 200.683716 180.543808 149.704498 139.566513,
 101.084694 88.499817 90.512276 117.265152 147.764343 151.173782 132.152802 101.240852 111.329910 151.553955 214.230957 243.756104 211.917282 161.428268 119.726982 166.091476 253.994934 338.881561 331.935730 246.536148 168.694946 149.538437 225.828339 338.138489 401.875946 338.138489 225.828339 149.538437 168.694946 246.536148 331.935730 338.881561 253.994934 166.091476 119.726982 161.428268 211.917282 243.756104 214.230957 151.553955 111.329910 101.240852 132.152802 151.173782 147.764343 117.265152 90.512276 88.499817 101.084694,
 14.100784 14.222166 11.985538 14.170923 23.479317 31.963835 29.613716 19.583286 18.131542 23.629400 36.976196 50.231712 51.385639 39.814022 34.799904 45.033768 69.342445 92.657532 94.402794 74.780251 51.534355 51.575947 76.527061 112.443008 131.835449 112.443008 76.527061 51.575947 51.534355 74.780251 94.402794 92.657532 69.342445 45.033768 34.799904 39.814022 51.385639 50.231712 36.976196 23.629400 18.131542 19.583286 29.613716 31.963835 23.479317 14.170923 11.985538 14.222166 14.100784,
 4.909186 21.350029 28.004013 16.950670 9.791588 15.730415 16.337143 7.848500 29.678921 50.716232 41.771893 19.327026 14.151530 19.804127 9.019650 34.092690 73.668823 79.618179 44.071594 16.093662 13.370718 8.663296 26.488403 71.744019 101.242950 71.744019 26.488403 8.663296 13.370718 16.093662 44.071594 79.618179 73.668823 34.092690 9.019650 19.804127 14.151530 19.327026 41.771893 50.716232 29.678921 7.848500 16.337143 15.730415 9.791588 16.950670 28.004013 21.350029 4.909186,
 6.451151 30.069595 40.924675 39.142654 37.460228 38.954674 39.056664 13.103035 40.883194 63.802380 70.816879 56.838566 43.258018 41.242382 20.613670 47.436722 83.618614 104.311676 78.225487 47.401627 37.309563 29.402340 49.503830 89.920074 119.849945 89.920074 49.503830 29.402340 37.309563 47.401627 78.225487 104.311676 83.618614 47.436722 20.613670 41.242382 43.258018 56.838566 70.816879 63.802380 40.883194 13.103035 39.056664 38.954674 37.460228 39.142654 40.924675 30.069595 6.451151,
 13.697024 15.242354 10.786790 8.329966 10.974166 11.187152 9.118550 16.011665 18.197309 19.660847 28.437433 37.857250 37.457314 33.272385 23.476891 34.540150 53.611568 78.639305 83.941322 67.298737 49.851738 40.847023 61.920506 93.085037 112.768051 93.085037 61.920506 40.847023 49.851738 67.298737 83.941322 78.639305 53.611568 34.540150 23.476891 33.272385 37.457314 37.857250 28.437433 19.660847 18.197309 16.011665 9.118550 11.187152 10.974166 8.329966 10.786790 15.242354 13.697024,

Pairwise cross-correlations of the modulus of all oriented sub-bands at the same scale (size QxQ)
 165.202332 114.413025 70.219124 118.652550,
 114.413025 162.490036 105.861900 81.080322,
 70.219124 105.861900 147.986176 111.055328,
 118.652550 81.080322 111.055328 164.501541,
 463.626038 349.261749 308.943024 380.395538,
 349.261749 411.322174 339.001892 305.906433,
 308.943024 339.001892 422.348785 354.687256,
 380.395538 305.906433 354.687256 451.083252,
 485.436646 361.300995 311.902771 348.828003,
 361.300995 469.743896 353.867432 288.449463,
 311.902771 353.867432 415.347015 326.570068,
 348.828003 288.449463 326.570068 401.875916,
 131.835449 63.967514 73.795837 90.172928,
 63.967514 101.242958 83.834610 57.168922,
 73.795837 83.834610 119.849960 64.490433,
 90.172928 57.168922 64.490433 112.768066,

Cross-correlations of the modulus of all oriented sub-bands with all oriented sub-bands at the coarser scale (size QxQ)
 241.000107 184.615112 145.521362 195.780945,
 202.007050 226.149078 183.793472 168.159866,
 158.997192 177.139069 212.482681 185.509415,
 210.788528 161.011765 190.033478 235.269394,
 364.322937 317.046692 297.641266 317.713593,
 335.821564 341.660492 308.318634 271.163361,
 311.719788 312.512390 331.917786 289.004303,
 330.162750 291.727600 307.841370 336.007538,
 129.561401 98.017914 135.531418 124.647301,
 120.783226 112.848106 141.622818 113.135429,
 113.959961 113.113121 145.152374 121.062698,
 129.669800 101.602264 128.867249 126.468445,

Cross-correlations of the real part of each oriented sub-band with both the real and imaginary part of all phase-doubled oriented sub-bands at the next coarser scale (Q matrices of size 1x2Q, which are computed and stored in a matrix of size Qx2Q)
 93.324371 39.996132 4.321478 42.649670 6.530379 -2.308763 0.641413 0.027069,
 41.423241 80.213402 34.473404 4.214141 0.979493 -4.203787 2.553041 -0.047001,
 2.609562 33.744415 78.627022 38.121895 -0.479744 -0.593482 5.557312 -0.219893,
 39.114368 4.191288 37.440525 88.286308 2.453519 0.029393 2.681464 -0.383476,
 -89.775421 -41.051918 -5.299308 -31.824993 18.612886 -12.990741 -0.521029 -4.642311,
 -33.699680 -99.127007 -35.772484 -2.818363 -3.219208 -43.696037 -10.631559 1.420787,
 -1.181175 -42.011086 -73.360420 -25.800291 -3.079604 -22.358271 5.019131 4.749710,
 -41.535088 -2.655030 -31.641489 -63.732052 9.251446 2.515591 11.867083 -6.706901,
 -58.149059 -32.355110 -4.375290 -29.910591 27.009401 -10.821145 -0.927764 14.740152,
 -33.538692 -74.726028 -28.173756 -0.117986 14.102870 -41.754009 -12.613184 0.131500,
 -2.670942 -28.802773 -35.225082 -26.529602 -1.317510 -20.045702 -5.575119 20.799732,
 -20.699636 -1.486471 -12.152215 -75.784286 0.380300 -0.238178 5.500840 41.889137,
