Low-band skewness and kurtosis
 -2.398841 7.079939,
 -2.454562 7.784227,
 -2.007468 6.083301,
 -1.914685 5.867016,
 -1.781505 5.319688,

High-band variance
 118.055542,

Skewness, kurtosis, variance, mean, maximum and minimum of the reconstructed texture
 -2.387804 6.846315 6085.104980 225.634705 255.000000 0.000000,

Auto-correlations of the low-frequency bands at each scale
 2959.734619 3366.346680 3676.520752 3810.111816 3714.912354 3429.052734 3030.952881 3375.349854 3937.483887 4426.116211 4641.571289 4443.866211 3961.800781 3402.168701 3669.996582 4432.591797 5186.304199 5528.339844 5184.145996 4425.204102 3664.956055 3770.137207 4631.898438 5527.796875 5941.392578 5527.796875 4631.898438 3770.137207 3664.956055 4425.204102 5184.145996 5528.339844 5186.304199 4432.591797 3669.996582 3402.168701 3961.800781 4443.866211 4641.571289 4426.116211 3937.483887 3375.349854 3030.952881 3429.052734 3714.912354 3810.111816 3676.520752 3366.346680 2959.734619,
 1831.201538 1884.226318 2071.058594 2213.423340 2156.804688 2024.375732 2009.654419 1849.508789 2182.912842 2803.872559 3158.541016 2852.437988 2279.344482 2009.314209 1938.474609 2751.257080 4038.722900 4717.688477 4060.000732 2798.560303 2031.682861 2024.880615 3077.360840 4701.349609 5541.158691 4701.349609 3077.360840 2024.880615 2031.682861 2798.560303 4060.000732 4717.688477 4038.722900 2751.257080 1938.474609 2009.314209 2279.344482 2852.437988 3158.541016 2803.872559 2182.912842 1849.508789 2009.654419 2024.375732 2156.804688 2213.423340 2071.058594 1884.226318 1831.201538,
 1206.114502 1413.840332 1407.187134 1482.227783 1680.458374 1926.832031 2095.399170 1528.039795 1624.761230 1798.525391 2010.065918 1946.280762 1914.204346 2044.311768 1573.314453 1753.354126 2635.986328 3304.775391 2718.231934 1893.316284 1781.351562 1573.987671 1863.025024 3199.256836 4123.974121 3199.256836 1863.025024 1573.987671 1781.351562 1893.316284 2718.231934 3304.775391 2635.986328 1753.354126 1573.314453 2044.311768 1914.204346 1946.280762 2010.065918 1798.525391 1624.761230 1528.039795 2095.399170 1926.832031 1680.458374 1482.227783 1407.187134 1413.840332 1206.114502,
 -267.141235 74.521179 433.947662 769.075012 1096.954224 1262.525879 1159.812866 52.058716 475.612610 984.405762 1429.905762 1667.623047 1686.983398 1485.708008 574.982483 1104.510986 1784.501831 2265.983887 2171.186523 1790.684326 1398.210938 1058.847290 1618.243164 2325.556641 2722.184570 2325.556641 1618.243164 1058.847290 1398.210938 1790.684326 2171.186523 2265.983887 1784.501831 1104.510986 574.982483 1485.708008 1686.983398 1667.623047 1429.905762 984.405762 475.612610 52.058716 1159.812866 1262.525879 1096.954224 769.075012 433.947662 74.521179 -267.141235,
 -618.830933 -740.820312 -654.774231 -427.825867 -241.996994 -193.528564 -258.432190 -631.046082 -673.268311 -280.374329 328.162170 668.112000 528.888916 119.485611 -627.030029 -240.150208 694.454468 1563.968506 1628.669556 919.444397 77.940399 -338.155334 521.561951 1667.971436 2228.456055 1667.971436 521.561951 -338.155334 77.940399 919.444397 1628.669556 1563.968506 694.454468 -240.150208 -627.030029 119.485611 528.888916 668.112000 328.162170 -280.374329 -673.268311 -631.046082 -258.432190 -193.528564 -241.996994 -427.825867 -654.774231 -740.820312 -618.830933,

Auto-correlations of the modulus of each oriented sub-band
 73.147758 78.901505 84.351234 86.653534 84.395927 78.777115 72.698174 85.518097 95.095406 103.635773 106.963684 103.261551 94.521935 85.041687 96.956329 110.887596 123.286469 128.157959 122.862396 110.307167 96.572113 101.700653 117.665100 132.211731 138.227982 132.211731 117.665100 101.700653 96.572113 110.307167 122.862396 128.157959 123.286469 110.887596 96.956329 85.041687 94.521935 103.261551 106.963684 103.635773 95.095406 85.518097 72.698174 78.777115 84.395927 86.653534 84.351234 78.901505 73.147758,
 93.065964 97.796730 99.901848 97.675468 91.024239 81.808922 72.541306 97.493607 110.051941 119.054382 119.761047 111.250381 97.017822 82.094193 99.676582 119.165466 135.273682 139.840195 130.109802 111.336777 91.208122 97.641815 119.940651 139.990204 148.436508 139.990204 119.940651 97.641815 91.208122 111.336777 130.109802 139.840195 135.273682 119.165466 99.676582 82.094193 97.017822 111.250381 119.761047 119.054382 110.051941 97.493607 72.541306 81.808922 91.024239 97.675468 99.901848 97.796730 93.065964,
 68.052742 82.864410 97.853043 104.183044 97.453369 82.999359 68.784798 74.593353 92.919342 111.930122 120.425491 111.539024 92.768799 74.835266 80.383209 101.803894 124.503487 135.188110 124.298637 101.688660 80.465210 82.748581 105.359818 129.569031 141.292084 129.569031 105.359818 82.748581 80.465210 101.688660 124.298637 135.188110 124.503487 101.803894 80.383209 74.835266 92.768799 111.539024 120.425491 111.930122 92.919342 74.593353 68.784798 82.999359 97.453369 104.183044 97.853043 82.864410 68.052742,
 78.509621 87.821899 96.571373 103.218704 106.616432 106.425964 103.294151 88.515579 103.354507 117.108597 125.809158 126.455582 119.246002 107.925980 98.026062 117.812408 136.037704 145.952454 142.479935 127.641800 109.000610 105.446136 127.124969 146.389847 154.497391 146.389847 127.124969 105.446136 109.000610 127.641800 142.479935 145.952454 136.037704 117.812408 98.026062 107.925980 119.246002 126.455582 125.809158 117.108597 103.354507 88.515579 103.294151 106.425964 106.616432 103.218704 96.571373 87.821899 78.509621,
 190.080780 196.590103 202.636993 206.155838 205.075775 199.768173 192.451324 243.547134 260.985596 275.595978 281.461914 274.676422 258.301025 238.260574 295.045959 328.125122 356.283600 367.638550 354.953644 325.222595 290.212097 315.560242 357.804871 394.462830 409.954834 394.462830 357.804871 315.560242 290.212097 325.222595 354.953644 367.638550 356.283600 328.125122 295.045959 238.260574 258.301025 274.676422 281.461914 275.595978 260.985596 243.547134 192.451324 199.768173 205.075775 206.155838 202.636993 196.590103 190.080780,
 233.862381 251.218628 248.761078 228.290085 198.935974 172.741364 157.703110 256.335083 296.078003 312.768738 295.306244 253.039124 208.171585 178.126587 256.311737 316.702484 363.885925 365.752747 319.143738 255.624924 205.620789 235.718018 299.756104 367.248352 398.606262 367.248352 299.756104 235.718018 205.620789 255.624924 319.143738 365.752747 363.885925 316.702484 256.311737 178.126587 208.171585 253.039124 295.306244 312.768738 296.078003 256.335083 157.703110 172.741364 198.935974 228.290085 248.761078 251.218628 233.862381,
 197.973969 239.979248 290.090302 315.582214 289.573761 235.821228 192.247864 208.155731 261.390350 327.286377 359.846008 323.788574 253.986481 199.984039 213.577911 276.516357 357.645020 398.544617 354.301697 270.899719 207.882141 213.277252 280.085449 368.457397 414.811096 368.457397 280.085449 213.277252 207.882141 270.899719 354.301697 398.544617 357.645020 276.516357 213.577911 199.984039 253.986481 323.788574 359.846008 327.286377 261.390350 208.155731 192.247864 235.821228 289.573761 315.582214 290.090302 239.979248 197.973969,
 159.070663 177.303467 206.419617 240.535858 268.273071 278.397644 267.566650 182.913742 217.697006 265.087189 310.981720 333.916473 322.300903 286.532440 215.422089 268.894440 333.905457 382.921448 383.814392 339.074738 280.436371 252.316925 317.255554 384.599243 416.205994 384.599243 317.255554 252.316925 280.436371 339.074738 383.814392 382.921448 333.905457 268.894440 215.422089 286.532440 322.300903 333.916473 310.981720 265.087189 217.697006 182.913742 267.566650 278.397644 268.273071 240.535858 206.419617 177.303467 159.070663,
 96.166092 109.040924 120.785049 130.040009 136.417343 141.091141 145.537872 158.289780 181.006271 204.781082 221.584061 223.940720 213.923447 199.993057 233.156433 286.869415 341.326172 370.952759 357.482422 311.048798 258.785461 276.854065 352.409546 426.285095 458.746704 426.285095 352.409546 276.854065 258.785461 311.048798 357.482422 370.952759 341.326172 286.869415 233.156433 199.993057 213.923447 223.940720 221.584061 204.781082 181.006271 158.289780 145.537872 141.091141 136.417343 130.040009 120.785049 109.040924 96.166092,
 147.876816 178.163300 194.363708 182.182022 160.315277 152.454193 159.620041 207.673981 260.010651 292.060547 269.843994 214.506790 172.715485 159.983582 237.341568 315.159515 387.702393 388.111389 313.351807 230.453522 184.901596 221.859253 297.441467 397.787018 448.614807 397.787018 297.441467 221.859253 184.901596 230.453522 313.351807 388.111389 387.702393 315.159515 237.341568 159.983582 172.715485 214.506790 269.843994 292.060547 260.010651 207.673981 159.620041 152.454193 160.315277 182.182022 194.363708 178.163300 147.876816,
 93.154068 108.799988 138.323303 168.948486 157.328125 120.404144 97.265350 113.115265 132.311188 188.214020 238.626556 207.128479 141.428864 109.039734 123.706223 150.806656 236.826004 306.847778 249.503616 157.077377 119.598480 125.399940 160.482361 262.297913 337.268616 262.297913 160.482361 125.399940 119.598480 157.077377 249.503616 306.847778 236.826004 150.806656 123.706223 109.039734 141.428864 207.128479 238.626556 188.214020 132.311188 113.115265 97.265350 120.404144 157.328125 168.948486 138.323303 108.799988 93.154068,
 119.080856 130.894089 152.219376 183.467926 209.731308 213.670059 194.488968 154.904617 178.591400 225.140625 279.921448 302.900330 277.074432 227.790390 202.325073 254.717834 339.571045 409.850250 403.936951 332.110352 254.453064 244.828033 325.158875 426.374115 477.140961 426.374115 325.158875 244.828033 254.453064 332.110352 403.936951 409.850250 339.571045 254.717834 202.325073 227.790390 277.074432 302.900330 279.921448 225.140625 178.591400 154.904617 194.488968 213.670059 209.731308 183.467926 152.219376 130.894089 119.080856,
 12.428336 20.489569 26.775423 28.029713 24.625540 19.210451 13.457025 14.055381 22.431601 29.848526 32.088539 29.236988 24.585974 19.967806 26.431421 40.954517 55.977985 62.326778 56.536945 45.414242 34.949577 40.499279 59.066902 79.560974 89.564560 79.560974 59.066902 40.499279 34.949577 45.414242 56.536945 62.326778 55.977985 40.954517 26.431421 19.967806 24.585974 29.236988 32.088539 29.848526 22.431601 14.055381 13.457025 19.210451 24.625540 28.029713 26.775423 20.489569 12.428336,
 17.570232 23.031715 30.499090 33.421505 28.194468 21.075775 21.718018 31.382669 44.489849 62.732178 68.878059 54.963112 35.997089 31.408369 36.965679 58.261169 92.817711 107.756516 84.657906 50.088440 35.487286 37.322823 59.470665 101.923271 126.292007 101.923271 59.470665 37.322823 35.487286 50.088440 84.657906 107.756516 92.817711 58.261169 36.965679 31.408369 35.997089 54.963112 68.878059 62.732178 44.489849 31.382669 21.718018 21.075775 28.194468 33.421505 30.499090 23.031715 17.570232,
 6.525066 9.456853 13.398975 16.544672 21.385586 25.241043 20.688366 13.527255 26.554905 42.342640 45.263794 35.241413 28.459400 25.056492 16.153252 35.009544 65.137726 76.600967 54.149178 30.872686 22.715874 18.618256 34.595222 68.608276 91.169312 68.608276 34.595222 18.618256 22.715874 30.872686 54.149178 76.600967 65.137726 35.009544 16.153252 25.056492 28.459400 35.241413 45.263794 42.342640 26.554905 13.527255 20.688366 25.241043 21.385586 16.544672 13.398975 9.456853 6.525066,
 1.283526 6.655873 8.075686 11.550870 18.418491 22.916752 21.230949 14.193349 17.901691 24.469524 39.538490 51.437748 46.694424 29.912594 17.704393 28.901836 53.037525 80.413025 83.087326 57.359707 28.234270 21.116873 46.387104 82.598991 102.785553 82.598991 46.387104 21.116873 28.234270 57.359707 83.087326 80.413025 53.037525 28.901836 17.704393 29.912594 46.694424 51.437748 39.538490 24.469524 17.901691 14.193349 21.230949 22.916752 18.418491 11.550870 8.075686 6.655873 1.283526,

Pairwise cross-correlations of the modulus of all oriented sub-bands at the same scale (size QxQ)
 138.227997 102.423813 65.815018 103.619911,
 102.423813 148.436539 103.064095 74.115692,
 65.815018 103.064095 141.292099 106.670151,
 103.619911 74.115692 106.670151 154.497421,
 409.954895 337.973022 300.678284 328.989777,
 337.973022 398.606293 333.548553 290.253784,
 300.678284 333.548553 414.811127 332.298096,
 328.989777 290.253784 332.298096 416.205994,
 458.746765 373.763672 255.868988 369.480988,
 373.763672 448.614807 312.507751 329.445374,
 255.868988 312.507751 337.268677 316.669556,
 369.480988 329.445374 316.669556 477.140961,
 89.564560 72.211525 52.461681 63.270405,
 72.211525 126.292007 68.565582 43.004967,
 52.461681 68.565582 91.169319 54.709457,
 63.270405 43.004967 54.709457 102.785553,

Cross-correlations of the modulus of all oriented sub-bands with all oriented sub-bands at the coarser scale (size QxQ)
 206.249817 173.565247 148.963165 173.343536,
 184.679184 211.420273 185.322464 155.154709,
 145.204102 172.590057 209.768188 176.642807,
 178.919189 151.830627 189.112869 221.132324,
 337.680573 317.878601 237.584625 309.146484,
 316.671173 332.489624 253.725525 298.700500,
 284.860779 311.201935 283.440521 318.179047,
 301.183289 283.205841 257.680023 345.043396,
 133.689606 121.987541 99.564148 130.527679,
 133.121750 124.281464 121.492348 139.187500,
 91.226486 73.942390 105.950806 122.816376,
 110.042763 104.730301 107.907265 147.355515,

Cross-correlations of the real part of each oriented sub-band with both the real and imaginary part of all phase-doubled oriented sub-bands at the next coarser scale (Q matrices of size 1x2Q, which are computed and stored in a matrix of size Qx2Q)
 70.040184 32.641865 4.456228 33.070435 1.882428 2.968436 -0.560855 0.683091,
 30.345549 76.767792 36.978840 3.348165 1.690447 2.925239 2.219726 0.062206,
 2.800335 36.134171 84.128586 38.718670 0.348682 1.372965 -0.379974 -1.471553,
 31.579563 3.232149 39.442734 82.637909 1.280288 0.730266 -4.171099 -0.563065,
 -79.750175 -36.446568 -3.938839 -56.499634 1.704897 1.623051 -1.629959 -8.800655,
 -34.797653 -83.199631 -48.133247 -3.470277 0.069943 14.458502 2.877448 -1.242983,
 -5.087498 -36.876732 -98.099670 -30.698830 1.977078 5.797682 -8.241433 0.113197,
 -43.139702 -2.723239 -32.737461 -97.073593 0.895938 -1.909831 -9.941312 -9.731462,
 -16.538715 -19.438358 -1.589210 -3.102110 -0.872846 -9.831036 0.430382 -14.157428,
 -14.441374 -28.790897 -1.884403 -3.177759 -6.917686 -7.512697 8.118773 0.885113,
 -1.005642 -2.130931 -38.364304 -13.194372 -0.219440 5.584929 23.040859 -4.247302,
 -1.614901 -0.921287 -26.003668 -10.709642 6.411973 0.653704 10.503210 -29.082981,
