Low-band skewness and kurtosis
 -2.172606 6.049673,
 -2.239339 6.818043,
 -1.700558 5.127135,
 -1.517441 5.072174,
 -1.219438 3.644117,

High-band variance
 143.948257,

Skewness, kurtosis, variance, mean, maximum and minimum of the reconstructed texture
 -2.161214 5.813361 6739.213867 221.584290 255.000000 0.000000,

Auto-correlations of the low-frequency bands at each scale
 2803.239502 3272.811523 3596.250000 3671.918457 3440.437500 2957.141602 2344.615967 3388.920166 4075.930908 4645.920898 4842.405273 4497.674805 3786.418213 2991.632568 3759.809326 4714.150391 5638.166504 6024.617188 5538.910645 4526.410156 3513.727783 3804.587891 4908.517578 6043.780762 6564.357422 6043.780762 4908.517578 3804.587891 3513.727783 4526.410156 5538.910645 6024.617188 5638.166504 4714.150391 3759.809326 2991.632568 3786.418213 4497.674805 4842.405273 4645.920898 4075.930908 3388.920166 2344.615967 2957.141602 3440.437500 3671.918457 3596.250000 3272.811523 2803.239502,
 905.372803 1038.755005 1105.505859 1051.326904 835.550232 646.289185 772.674561 1272.066650 1766.281738 2414.228271 2638.771484 2045.025757 1191.771973 909.871826 1538.163452 2631.493896 4204.324707 4928.159180 3928.308350 2199.256104 1235.330933 1529.039307 2891.428467 4991.419922 6075.347656 4991.419922 2891.428467 1529.039307 1235.330933 2199.256104 3928.308350 4928.159180 4204.324707 2631.493896 1538.163452 909.871826 1191.771973 2045.025757 2638.771484 2414.228271 1766.281738 1272.066650 772.674561 646.289185 835.550232 1051.326904 1105.505859 1038.755005 905.372803,
 232.391235 364.247009 484.771729 509.901459 700.989868 1142.256592 1257.551147 519.953796 359.826599 652.360718 777.049072 607.308716 907.220886 1317.742676 1112.004150 1008.848022 2113.035156 2805.791748 1878.777710 1088.098755 1336.599365 1397.557129 1420.974487 3025.013428 4246.945801 3025.013428 1420.974487 1397.557129 1336.599365 1088.098755 1878.777710 2805.791748 2113.035156 1008.848022 1112.004150 1317.742676 907.220886 607.308716 777.049072 652.360718 359.826599 519.953796 1257.551147 1142.256592 700.989868 509.901459 484.771729 364.247009 232.391235,
 243.829102 248.280167 161.971588 153.761383 251.792175 370.688843 478.891235 322.214020 237.355957 261.740723 469.387146 653.136108 737.523254 786.702393 610.122559 676.773926 1038.786621 1442.649902 1405.541504 1111.922363 902.115723 895.723022 1193.174316 1755.617188 2104.120605 1755.617188 1193.174316 895.723022 902.115723 1111.922363 1405.541504 1442.649902 1038.786621 676.773926 610.122559 786.702393 737.523254 653.136108 469.387146 261.740723 237.355957 322.214020 478.891235 370.688843 251.792175 153.761383 161.971588 248.280167 243.829102,
 -572.437256 -400.508789 -245.871780 -206.552979 -295.036743 -448.341431 -590.552734 -363.482849 -234.614136 -73.530296 38.412659 51.055595 -49.125999 -225.107727 41.781891 261.030792 582.666931 821.290039 817.506409 582.381958 261.943268 372.285522 737.894043 1140.363770 1322.041870 1140.363770 737.894043 372.285522 261.943268 582.381958 817.506409 821.290039 582.666931 261.030792 41.781891 -225.107727 -49.125999 51.055595 38.412659 -73.530296 -234.614136 -363.482849 -590.552734 -448.341431 -295.036743 -206.552979 -245.871780 -400.508789 -572.437256,

Auto-correlations of the modulus of each oriented sub-band
 68.584435 75.724884 81.760094 83.715149 80.475990 73.740738 66.876106 88.266411 101.191536 112.127571 116.057251 111.172966 100.155281 88.246346 107.003975 125.311111 141.147278 147.245911 140.642700 124.987564 107.584282 115.341644 135.705551 153.827377 161.228836 153.827377 135.705551 115.341644 107.584282 124.987564 140.642700 147.245911 141.147278 125.311111 107.003975 88.246346 100.155281 111.172966 116.057251 112.127571 101.191536 88.266411 66.876106 73.740738 80.475990 83.715149 81.760094 75.724884 68.584435,
 85.202682 89.703552 91.338814 88.294113 80.346016 68.771606 55.826305 92.590508 106.613770 116.786819 117.616516 107.922226 90.893387 71.475655 96.833664 119.510010 138.244843 143.665237 132.537506 110.470047 85.580612 94.731575 121.392166 144.855927 154.680145 144.855927 121.392166 94.731575 85.580612 110.470047 132.537506 143.665237 138.244843 119.510010 96.833664 71.475655 90.893387 107.922226 117.616516 116.786819 106.613770 92.590508 55.826305 68.771606 80.346016 88.294113 91.338814 89.703552 85.202682,
 67.670563 88.007843 106.890823 115.301147 107.531235 88.234268 67.063904 75.842735 100.965431 124.512726 134.962799 124.803619 100.573051 74.520241 82.864410 112.387810 140.311005 152.776581 140.399628 111.954445 81.822357 85.281906 116.810440 146.758835 160.121246 146.758835 116.810440 85.281906 81.822357 111.954445 140.399628 152.776581 140.311005 112.387810 82.864410 74.520241 100.573051 124.803619 134.962799 124.512726 100.965431 75.842735 67.063904 88.234268 107.531235 115.301147 106.890823 88.007843 67.670563,
 71.902817 82.394737 92.758774 100.775635 104.812057 104.544441 100.879715 85.353424 103.253815 119.888809 130.110519 130.329147 121.196442 107.532928 97.771118 122.095413 144.135559 155.659073 150.824860 132.544235 109.910126 106.577835 133.157898 156.517944 166.337006 156.517944 133.157898 106.577835 109.910126 132.544235 150.824860 155.659073 144.135559 122.095413 97.771118 107.532928 121.196442 130.329147 130.110519 119.888809 103.253815 85.353424 100.879715 104.544441 104.812057 100.775635 92.758774 82.394737 71.902817,
 138.672867 137.121948 137.870087 140.890518 145.067200 148.505676 148.635941 196.875305 214.048935 235.179794 251.824692 255.713272 245.745255 226.839752 265.263977 308.413391 353.690399 380.852600 373.723541 338.510742 293.659241 308.903259 365.987183 419.539673 443.134583 419.539673 365.987183 308.903259 293.659241 338.510742 373.723541 380.852600 353.690399 308.413391 265.263977 226.839752 245.745255 255.713272 251.824692 235.179794 214.048935 196.875305 148.635941 148.505676 145.067200 140.890518 137.870087 137.121948 138.672867,
 206.158722 230.986786 223.270279 181.454956 131.051865 98.504974 88.501198 226.977005 280.245605 303.300659 271.634735 204.285217 143.173630 110.157089 220.535995 296.111511 358.643799 358.986389 291.271179 206.478165 145.996414 188.617035 267.129395 355.031433 397.485626 355.031433 267.129395 188.617035 145.996414 206.478165 291.271179 358.986389 358.643799 296.111511 220.535995 110.157089 143.173630 204.285217 271.634735 303.300659 280.245605 226.977005 88.501198 98.504974 131.051865 181.454956 223.270279 230.986786 206.158722,
 125.543259 173.771927 242.557999 282.226074 252.659653 182.769852 130.335464 141.496445 203.178787 291.838409 341.735687 299.484344 210.154037 145.750565 154.872665 228.404343 334.247131 392.604767 338.355713 232.254471 157.495193 161.139420 239.903366 352.916534 413.653320 352.916534 239.903366 161.139420 157.495193 232.254471 338.355713 392.604767 334.247131 228.404343 154.872665 145.750565 210.154037 299.484344 341.735687 291.838409 203.178787 141.496445 130.335464 182.769852 252.659653 282.226074 242.557999 173.771927 125.543259,
 163.203735 175.258118 202.526718 239.034607 269.028503 278.362427 262.414551 195.645874 231.422440 286.364288 340.232330 365.209503 350.034332 305.064972 241.278931 304.833527 383.659515 441.028809 441.128143 387.128815 314.511414 288.098816 368.155518 449.254761 485.967438 449.254761 368.155518 288.098816 314.511414 387.128815 441.128143 441.028809 383.659515 304.833527 241.278931 305.064972 350.034332 365.209503 340.232330 286.364288 231.422440 195.645874 262.414551 278.362427 269.028503 239.034607 202.526718 175.258118 163.203735,
 163.995041 162.163589 157.723572 152.324387 145.918396 137.094131 124.973099 197.841385 217.344055 230.125748 230.755402 216.709702 192.881653 167.179794 274.157806 334.867859 387.098297 403.221130 371.975677 312.009460 251.258575 309.864410 395.237732 477.073059 512.944458 477.073059 395.237732 309.864410 251.258575 312.009460 371.975677 403.221130 387.098297 334.867859 274.157806 167.179794 192.881653 216.709702 230.755402 230.125748 217.344055 197.841385 124.973099 137.094131 145.918396 152.324387 157.723572 162.163589 163.995041,
 126.532295 153.267807 155.108231 137.632111 121.290085 111.162575 102.108543 158.676758 218.893951 249.762802 224.812210 177.256485 146.615326 132.029388 177.226349 261.476929 348.403625 350.749939 269.690247 192.736618 155.692291 173.590500 244.849106 356.862488 421.035583 356.862488 244.849106 173.590500 155.692291 192.736618 269.690247 350.749939 348.403625 261.476929 177.226349 132.029388 146.615326 177.256485 224.812210 249.762802 218.893951 158.676758 102.108543 111.162575 121.290085 137.632111 155.108231 153.267807 126.532295,
 238.013626 261.935760 305.877686 332.329834 299.416504 246.512115 207.642197 255.538483 298.275269 381.776489 433.512421 377.185974 289.288208 236.156616 264.713287 327.574219 451.429504 531.455322 449.493347 324.055847 255.203232 264.613831 338.515137 480.714905 574.746460 480.714905 338.515137 264.613831 255.203232 324.055847 449.493347 531.455322 451.429504 327.574219 264.713287 236.156616 289.288208 377.185974 433.512421 381.776489 298.275269 255.538483 207.642197 246.512115 299.416504 332.329834 305.877686 261.935760 238.013626,
 223.541397 208.634399 193.215485 221.106262 274.464081 286.350403 240.351974 247.901550 237.685699 264.241699 348.673218 404.503906 356.333160 267.949402 269.454651 294.611023 392.982300 518.705139 518.016479 392.696045 288.637390 286.831848 362.947510 512.791504 607.674866 512.791504 362.947510 286.831848 288.637390 392.696045 518.016479 518.705139 392.982300 294.611023 269.454651 267.949402 356.333160 404.503906 348.673218 264.241699 237.685699 247.901550 240.351974 286.350403 274.464081 221.106262 193.215485 208.634399 223.541397,
 -2.438542 -6.550549 -7.036489 -3.235332 2.285419 6.927060 9.567434 1.934211 3.540940 10.171052 17.244110 18.749359 13.948494 7.392721 16.024555 31.433474 50.672485 60.590916 52.039062 32.530655 14.688278 21.709867 46.747070 76.409210 90.968491 76.409210 46.747070 21.709867 14.688278 32.530655 52.039062 60.590916 50.672485 31.433474 16.024555 7.392721 13.948494 18.749359 17.244110 10.171052 3.540940 1.934211 9.567434 6.927060 2.285419 -3.235332 -7.036489 -6.550549 -2.438542,
 24.415232 61.686073 82.706978 83.329872 82.582359 80.612297 66.762199 51.749699 88.487419 122.935684 119.951675 102.738800 94.805489 83.555511 77.329636 109.084938 158.228195 168.530762 132.292282 103.695381 89.827164 89.511818 112.298248 160.775620 194.092041 160.775620 112.298248 89.511818 89.827164 103.695381 132.292282 168.530762 158.228195 109.084938 77.329636 83.555511 94.805489 102.738800 119.951675 122.935684 88.487419 51.749699 66.762199 80.612297 82.582359 83.329872 82.706978 61.686073 24.415232,
 35.112377 41.064213 48.606033 45.392479 35.792572 31.602306 30.474688 75.953934 86.268806 104.290077 106.904076 89.170341 74.993568 68.901840 104.697784 121.287918 153.164520 167.767441 142.290100 113.045013 99.056396 112.735321 131.867645 170.298096 196.180176 170.298096 131.867645 112.735321 99.056396 113.045013 142.290100 167.767441 153.164520 121.287918 104.697784 68.901840 74.993568 89.170341 106.904076 104.290077 86.268806 75.953934 30.474688 31.602306 35.792572 45.392479 48.606033 41.064213 35.112377,
 16.698673 11.818670 2.409074 2.047110 5.306161 6.033839 6.853822 17.699245 8.019382 7.580230 22.445210 31.532219 25.179127 16.585484 13.037968 7.864087 25.548840 55.198570 55.415012 30.490017 14.600735 10.374911 18.644060 50.766083 74.852631 50.766083 18.644060 10.374911 14.600735 30.490017 55.415012 55.198570 25.548840 7.864087 13.037968 16.585484 25.179127 31.532219 22.445210 7.580230 8.019382 17.699245 6.853822 6.033839 5.306161 2.047110 2.409074 11.818670 16.698673,

Pairwise cross-correlations of the modulus of all oriented sub-bands at the same scale (size QxQ)
 161.228836 108.360588 59.587494 110.046173,
 108.360588 154.680161 100.203148 65.471214,
 59.587494 100.203148 160.121246 109.736633,
 110.046173 65.471214 109.736633 166.337006,
 443.134644 330.694061 273.216888 365.870850,
 330.694061 397.485657 309.483063 304.161194,
 273.216888 309.483063 413.653320 361.991272,
 365.870850 304.161194 361.991272 485.967468,
 512.944458 336.479736 342.823486 433.916870,
 336.479736 421.035583 336.931000 303.019409,
 342.823486 336.931000 574.746521 441.565491,
 433.916870 303.019409 441.565491 607.674927,
 90.968491 79.934959 73.821281 42.651196,
 79.934959 194.092041 114.367256 55.563156,
 73.821281 114.367256 196.180191 69.228577,
 42.651196 55.563156 69.228577 74.852638,

Cross-correlations of the modulus of all oriented sub-bands with all oriented sub-bands at the coarser scale (size QxQ)
 229.398285 176.982361 132.439377 194.042175,
 189.722015 212.010742 166.570297 160.805435,
 136.382645 167.693710 220.564545 197.414734,
 189.132660 143.938049 185.533508 247.419601,
 348.078857 273.450562 301.472382 332.050476,
 318.079529 303.566650 321.001801 313.875427,
 295.003784 277.005310 368.591125 353.965302,
 362.434387 276.249603 389.919739 428.578156,
 97.243568 172.914688 164.788940 91.705879,
 91.165878 148.107025 156.379135 81.841103,
 98.390587 171.340347 178.685944 79.968132,
 106.425766 193.981720 195.217072 101.820839,

Cross-correlations of the real part of each oriented sub-band with both the real and imaginary part of all phase-doubled oriented sub-bands at the next coarser scale (Q matrices of size 1x2Q, which are computed and stored in a matrix of size Qx2Q)
 93.805016 39.840702 3.098818 44.038708 0.678716 2.089968 0.259067 2.217928,
 39.869869 87.488129 34.627766 4.253734 1.131930 2.280528 -0.522585 0.495691,
 3.315838 37.240700 90.674751 45.162319 0.618530 -1.224192 -0.873002 2.420449,
 41.493565 3.863355 44.538078 100.422607 1.137015 -0.442862 0.508395 5.039969,
 -111.430176 -53.635082 -9.600068 -67.663116 16.740875 1.375072 0.040386 -5.853589,
 -54.980614 -135.371063 -77.342712 -7.577513 7.779711 1.091207 -8.710481 -0.481803,
 -7.703200 -69.745293 -186.658585 -95.063896 0.379290 -3.375613 -15.084924 4.795056,
 -49.045135 -8.134796 -95.519951 -186.874435 8.423438 -0.987849 -2.312853 2.339984,
 -65.989494 -26.599466 -6.301928 -3.728973 31.901489 10.143213 3.634393 9.342372,
 -32.145794 -76.188217 -36.440380 -8.919716 18.475372 16.198391 6.038736 -3.739754,
 -0.028682 -47.923065 -48.850342 -31.085939 2.275659 3.419193 3.687236 4.482459,
 -13.089579 -7.119977 -14.902795 -24.048332 12.641517 1.318905 2.922567 26.331890,
