Low-band skewness and kurtosis
 -2.430537 7.211641,
 -2.467959 7.781912,
 -2.117409 6.409799,
 -1.973995 6.055514,
 -1.581140 4.494467,

High-band variance
 108.219948,

Skewness, kurtosis, variance, mean, maximum and minimum of the reconstructed texture
 -2.422717 7.008259 6015.928223 226.172180 255.000000 0.000000,

Auto-correlations of the low-frequency bands at each scale
 3248.556885 3576.415039 3844.070801 3967.938965 3886.978516 3633.734375 3280.941162 3645.635498 4098.986328 4515.021484 4704.246582 4531.862305 4117.060547 3646.374268 3932.728760 4562.555176 5208.463379 5506.266602 5206.690918 4557.085449 3923.305420 4035.862305 4755.264160 5524.064453 5883.972656 5524.064453 4755.264160 4035.862305 3923.305420 4557.085449 5206.690918 5506.266602 5208.463379 4562.555176 3932.728760 3646.374268 4117.060547 4531.862305 4704.246582 4515.021484 4098.986328 3645.635498 3280.941162 3633.734375 3886.978516 3967.938965 3844.070801 3576.415039 3248.556885,
 2137.875732 2156.322998 2350.394287 2518.161377 2441.851318 2255.460205 2172.100830 2359.375488 2550.935303 3053.248535 3386.915527 3121.354980 2578.282959 2278.674316 2571.186279 3165.277588 4198.799316 4777.348633 4222.479980 3149.500244 2489.552979 2641.466553 3477.539062 4806.115723 5508.919434 4806.115723 3477.539062 2641.466553 2489.552979 3149.500244 4222.479980 4777.348633 4198.799316 3165.277588 2571.186279 2278.674316 2578.282959 3121.354980 3386.915527 3053.248535 2550.935303 2359.375488 2172.100830 2255.460205 2441.851318 2518.161377 2350.394287 2156.322998 2137.875732,
 736.827759 1073.000000 1431.408569 1790.320679 2065.310791 2271.391602 2374.229492 1231.578369 1616.886597 1998.405884 2233.948730 2139.037354 2055.843750 2164.922119 1563.093262 2165.257568 3031.427002 3499.606201 2940.178955 2159.838135 1906.196289 1741.345703 2380.852783 3588.676514 4318.404785 3588.676514 2380.852783 1741.345703 1906.196289 2159.838135 2940.178955 3499.606201 3031.427002 2165.257568 1563.093262 2164.922119 2055.843750 2139.037354 2233.948730 1998.405884 1616.886597 1231.578369 2374.229492 2271.391602 2065.310791 1790.320679 1431.408569 1073.000000 736.827759,
 -708.782776 -511.306274 -35.173584 674.765869 1366.903076 1824.036011 1845.980713 -477.570068 -62.042114 711.119324 1569.653442 2073.392090 2146.750000 1728.973145 -42.103455 670.497864 1731.176147 2563.586670 2551.907959 2007.161865 1249.126709 594.541748 1477.395264 2520.468018 3075.383789 2520.468018 1477.395264 594.541748 1249.126709 2007.161865 2551.907959 2563.586670 1731.176147 670.497864 -42.103455 1728.973145 2146.750000 2073.392090 1569.653442 711.119324 -62.042114 -477.570068 1845.980713 1824.036011 1366.903076 674.765869 -35.173584 -511.306274 -708.782776,
 -480.808746 -854.326416 -1078.070801 -767.842285 58.509949 662.036377 528.967896 -835.156067 -1053.596436 -770.076294 190.400421 1148.884033 1203.685303 441.377747 -1024.333862 -754.741638 324.393494 1633.961182 1900.960938 920.133362 -229.619019 -858.729980 46.869942 1571.099121 2385.062744 1571.099121 46.869942 -858.729980 -229.619019 920.133362 1900.960938 1633.961182 324.393494 -754.741638 -1024.333862 441.377747 1203.685303 1148.884033 190.400421 -770.076294 -1053.596436 -835.156067 528.967896 662.036377 58.509949 -767.842285 -1078.070801 -854.326416 -480.808746,

Auto-correlations of the modulus of each oriented sub-band
 70.179680 78.677376 86.139610 89.433876 87.325264 81.371193 74.763374 79.722244 90.926506 100.667641 104.775742 101.553032 92.964180 83.239517 89.945457 104.319649 116.947815 122.152527 117.406769 105.373924 91.783302 95.202606 110.987289 125.105011 130.901199 125.105011 110.987289 95.202606 91.783302 105.373924 117.406769 122.152527 116.947815 104.319649 89.945457 83.239517 92.964180 101.553032 104.775742 100.667641 90.926506 79.722244 74.763374 81.371193 87.325264 89.433876 86.139610 78.677376 70.179680,
 87.619835 91.966110 93.831329 91.649429 85.993622 78.705566 71.333488 92.665955 103.639915 111.428818 111.201797 102.849106 90.527168 78.634140 94.400352 111.390221 125.966682 129.509598 119.610191 102.524300 85.876442 91.775253 110.856140 129.349548 137.482864 129.349548 110.856140 91.775253 85.876442 102.524300 119.610191 129.509598 125.966682 111.390221 94.400352 78.634140 90.527168 102.849106 111.201797 111.428818 103.639915 92.665955 71.333488 78.705566 85.993622 91.649429 93.831329 91.966110 87.619835,
 82.303970 92.522881 103.571991 109.013588 104.372971 93.886391 83.827606 89.307045 102.650063 117.332130 124.596260 118.048439 103.912346 90.646446 95.754761 111.893661 129.798248 138.719849 130.264862 112.731369 96.628983 98.706505 115.964806 135.052597 144.523407 135.052597 115.964806 98.706505 96.628983 112.731369 130.264862 138.719849 129.798248 111.893661 95.754761 90.646446 103.912346 118.048439 124.596260 117.332130 102.650063 89.307045 83.827606 93.886391 104.372971 109.013588 103.571991 92.522881 82.303970,
 77.706482 86.395065 95.487671 102.180878 104.124481 101.304749 96.078644 86.307716 99.520988 113.036438 121.590897 120.971466 112.028114 100.086082 94.593102 112.474419 130.189087 139.824707 135.511444 120.130257 102.229683 100.471489 120.565262 139.515076 147.709351 139.515076 120.565262 100.471489 102.229683 120.130257 135.511444 139.824707 130.189087 112.474419 94.593102 100.086082 112.028114 120.971466 121.590897 113.036438 99.520988 86.307716 96.078644 101.304749 104.124481 102.180878 95.487671 86.395065 77.706482,
 214.175491 228.245544 238.341110 243.627426 244.225601 241.362518 235.995163 250.564194 273.768188 290.624939 296.645844 291.450500 279.152405 264.055542 285.745178 321.727692 350.873474 361.557495 349.980164 323.975616 294.104797 304.634155 344.807678 379.558197 394.104065 379.558197 344.807678 304.634155 294.104797 323.975616 349.980164 361.557495 350.873474 321.727692 285.745178 264.055542 279.152405 291.450500 296.645844 290.624939 273.768188 250.564194 235.995163 241.362518 244.225601 243.627426 238.341110 228.245544 214.175491,
 237.617706 253.342285 249.251892 227.247833 198.231689 174.701843 163.140900 257.408508 295.652283 309.273773 289.233887 247.128693 204.727600 175.346741 250.179337 310.244019 353.856079 352.592743 306.255005 245.294312 195.956406 223.947891 287.968567 352.712677 382.232300 352.712677 287.968567 223.947891 195.956406 245.294312 306.255005 352.592743 353.856079 310.244019 250.179337 175.346741 204.727600 247.128693 289.233887 309.273773 295.652283 257.408508 163.140900 174.701843 198.231689 227.247833 249.251892 253.342285 237.617706,
 201.875946 238.356812 280.007690 300.380859 284.121094 247.769867 216.193207 218.180313 262.287048 314.689667 339.997986 315.116730 264.547546 222.582382 228.533142 279.482941 342.512573 374.115356 341.801147 279.091461 228.819641 231.787460 285.473267 353.155487 388.284363 353.155487 285.473267 231.787460 228.819641 279.091461 341.801147 374.115356 342.512573 279.482941 228.533142 222.582382 264.547546 315.116730 339.997986 314.689667 262.287048 218.180313 216.193207 247.769867 284.121094 300.380859 280.007690 238.356812 201.875946,
 158.795807 173.867889 193.177124 217.244415 238.785004 246.561554 237.596985 176.454468 195.933289 224.416321 257.049194 275.643250 267.769653 244.893890 198.417389 228.302994 271.089294 308.525940 310.152039 277.264252 240.490662 222.425247 261.627563 310.151123 335.355713 310.151123 261.627563 222.425247 240.490662 277.264252 310.152039 308.525940 271.089294 228.302994 198.417389 244.893890 267.769653 275.643250 257.049194 224.416321 195.933289 176.454468 237.596985 246.561554 238.785004 217.244415 193.177124 173.867889 158.795807,
 73.643127 106.713326 137.405624 160.931503 179.647812 198.051331 214.256622 99.482948 142.530655 186.598297 214.747681 224.048584 225.089279 224.735413 139.174789 197.693604 263.518890 301.902985 294.229828 260.300934 226.572037 194.119644 255.712738 324.147583 356.928894 324.147583 255.712738 194.119644 226.572037 260.300934 294.229828 301.902985 263.518890 197.693604 139.174789 224.735413 225.089279 224.048584 214.747681 186.598297 142.530655 99.482948 214.256622 198.051331 179.647812 160.931503 137.405624 106.713326 73.643127,
 89.808060 108.457779 118.998627 124.808327 138.355316 158.129410 165.924759 125.932098 163.533386 185.060425 177.448883 160.939484 158.760925 157.730469 144.858200 196.838394 246.822876 250.118439 208.131561 171.796707 151.576157 149.792542 193.210953 253.400986 289.250427 253.400986 193.210953 149.792542 151.576157 171.796707 208.131561 250.118439 246.822876 196.838394 144.858200 157.730469 158.760925 160.939484 177.448883 185.060425 163.533386 125.932098 165.924759 158.129410 138.355316 124.808327 118.998627 108.457779 89.808060,
 56.977211 124.078201 209.426804 278.483704 291.027222 262.229919 242.500610 94.275414 171.948929 279.455505 361.223419 348.240112 280.065796 232.435791 133.925751 220.599197 348.019806 435.072998 388.388947 280.058716 207.049866 172.579605 259.425598 390.322296 466.197632 390.322296 259.425598 172.579605 207.049866 280.058716 388.388947 435.072998 348.019806 220.599197 133.925751 232.435791 280.065796 348.240112 361.223419 279.455505 171.948929 94.275414 242.500610 262.229919 291.027222 278.483704 209.426804 124.078201 56.977211,
 63.264343 110.055267 175.036072 250.855621 316.483276 353.852295 367.036102 116.210693 183.275330 269.694214 357.556580 408.478638 407.508972 377.771179 190.102051 279.873688 383.123322 466.016602 476.423798 421.446869 347.510742 276.789703 373.147278 469.706238 516.346924 469.706238 373.147278 276.789703 347.510742 421.446869 476.423798 466.016602 383.123322 279.873688 190.102051 377.771179 407.508972 408.478638 357.556580 269.694214 183.275330 116.210693 367.036102 353.852295 316.483276 250.855621 175.036072 110.055267 63.264343,
 -28.014931 -3.415958 21.102421 42.369110 56.715588 63.032909 61.578384 -2.632595 31.776186 59.818966 76.368134 83.972633 84.705521 76.179749 28.140839 70.131645 106.996887 120.391258 111.374985 94.762428 76.232735 57.580334 92.855179 129.367447 146.889679 129.367447 92.855179 57.580334 76.232735 94.762428 111.374985 120.391258 106.996887 70.131645 28.140839 76.179749 84.705521 83.972633 76.368134 59.818966 31.776186 -2.632595 61.578384 63.032909 56.715588 42.369110 21.102421 -3.415958 -28.014931,
 -12.237057 11.494108 33.719120 50.705063 61.551205 67.173439 63.229122 12.883762 45.871223 73.430519 85.489731 82.196556 73.735222 62.573383 34.083534 75.881676 114.825035 127.401535 108.542427 79.170937 53.656189 45.458389 84.624664 127.915726 149.503540 127.915726 84.624664 45.458389 53.656189 79.170937 108.542427 127.401535 114.825035 75.881676 34.083534 62.573383 73.735222 82.196556 85.489731 73.430519 45.871223 12.883762 63.229122 67.173439 61.551205 50.705063 33.719120 11.494108 -12.237057,
 -36.877140 -10.055052 14.784004 34.060493 51.261040 59.296516 52.343380 -19.247086 15.369720 50.941216 65.734482 66.461899 63.621422 50.015961 2.454340 39.961418 86.044098 104.652122 84.914490 61.350227 38.650070 22.434669 54.916195 97.702255 124.533417 97.702255 54.916195 22.434669 38.650070 61.350227 84.914490 104.652122 86.044098 39.961418 2.454340 50.015961 63.621422 66.461899 65.734482 50.941216 15.369720 -19.247086 52.343380 59.296516 51.261040 34.060493 14.784004 -10.055052 -36.877140,
 -39.891663 -19.085890 2.598042 23.135258 41.156788 48.634087 43.274483 -14.025370 15.131763 41.975803 66.804504 81.921982 74.655136 54.235146 16.227331 52.112907 87.920837 117.462753 117.018723 86.941978 52.685257 40.152702 79.208809 121.053436 143.345367 121.053436 79.208809 40.152702 52.685257 86.941978 117.018723 117.462753 87.920837 52.112907 16.227331 54.235146 74.655136 81.921982 66.804504 41.975803 15.131763 -14.025370 43.274483 48.634087 41.156788 23.135258 2.598042 -19.085890 -39.891663,

Pairwise cross-correlations of the modulus of all oriented sub-bands at the same scale (size QxQ)
 130.901215 96.783195 69.129005 98.877533,
 96.783195 137.482864 101.589989 74.729401,
 69.129005 101.589989 144.523376 110.380859,
 98.877533 74.729401 110.380859 147.709366,
 394.104065 316.952637 292.190399 289.349396,
 316.952637 382.232391 313.132660 246.756317,
 292.190399 313.132660 388.284363 293.113312,
 289.349396 246.756317 293.113312 335.355743,
 356.928955 240.887970 258.742615 336.942810,
 240.887970 289.250427 288.724731 286.670563,
 258.742615 288.724731 466.197632 418.919250,
 336.942810 286.670563 418.919250 516.346924,
 146.889694 94.736618 71.322327 92.417778,
 94.736618 149.503540 67.638153 42.415260,
 71.322327 67.638153 124.533424 96.739273,
 92.417778 42.415260 96.739273 143.345383,

Cross-correlations of the modulus of all oriented sub-bands with all oriented sub-bands at the coarser scale (size QxQ)
 198.425568 164.613266 140.437149 149.140472,
 179.232056 199.299500 175.072205 128.755569,
 159.605637 170.325760 208.802933 164.052032,
 182.361237 147.118530 180.463150 194.117722,
 297.518066 266.745575 319.599915 351.919617,
 249.361511 260.481689 304.695984 333.968903,
 235.773499 244.420959 324.576050 333.921936,
 242.443985 207.579590 279.548523 320.154633,
 165.022690 136.211807 116.070076 123.549828,
 121.068405 110.472130 104.630928 111.964737,
 146.388260 142.889359 147.955261 153.841827,
 168.073212 164.101471 161.256485 171.075195,

Cross-correlations of the real part of each oriented sub-band with both the real and imaginary part of all phase-doubled oriented sub-bands at the next coarser scale (Q matrices of size 1x2Q, which are computed and stored in a matrix of size Qx2Q)
 63.133015 29.257551 3.874655 27.655361 3.966918 -2.181462 0.360192 0.771308,
 31.526981 66.453949 31.102398 3.199652 0.956822 -4.776314 -0.373055 -0.133605,
 2.813838 30.917177 72.092087 36.063438 -0.003791 -1.076367 2.487506 5.452112,
 24.301992 3.271928 35.920113 69.332497 1.206920 0.274584 3.097367 8.027862,
 -36.643471 -3.985452 -3.056643 -29.569323 19.517960 -5.501120 -1.020003 3.512928,
 -10.054854 -11.515059 -20.631100 -3.715103 9.633667 -10.051300 3.004796 -2.120147,
 -1.598322 -6.537637 -69.725258 -42.092842 -0.643906 1.523615 6.999843 1.223127,
 -23.103428 -0.581357 -42.740059 -77.838478 1.336308 1.635649 1.161689 10.991468,
 -40.604553 -13.432057 -2.414435 -17.491899 25.865585 18.092150 -1.371514 0.602618,
 -22.901728 -34.064873 -14.067844 -3.481977 7.242870 14.346867 -2.120272 -3.667797,
 -3.937528 -17.119968 -24.536726 -10.330240 -1.636213 3.324116 2.305392 6.515081,
 -15.140800 -1.698291 -8.661772 -25.431332 10.699804 4.470729 5.324675 21.647186,
