Low-band skewness and kurtosis
 -2.213823 6.243104,
 -2.282189 7.024648,
 -1.739376 5.096638,
 -1.337947 3.950126,
 -1.313878 3.837572,

High-band variance
 144.736755,

Skewness, kurtosis, variance, mean, maximum and minimum of the reconstructed texture
 -2.201783 5.996652 6594.882324 222.363464 255.000000 0.000000,

Auto-correlations of the low-frequency bands at each scale
 2637.659912 3197.208252 3606.365723 3767.998535 3643.962402 3292.237061 2811.701416 3145.786377 3903.743652 4555.731445 4829.105957 4564.954102 3949.275879 3251.391357 3513.265625 4501.146973 5479.333496 5918.201172 5477.811035 4517.788574 3564.230469 3666.996582 4756.251465 5893.357910 6418.830078 5893.357910 4756.251465 3666.996582 3564.230469 4517.788574 5477.811035 5918.201172 5479.333496 4501.146973 3513.265625 3251.391357 3949.275879 4564.954102 4829.105957 4555.731445 3903.743652 3145.786377 2811.701416 3292.237061 3643.962402 3767.998535 3606.365723 3197.208252 2637.659912,
 1117.987305 1161.839233 1347.548706 1547.858765 1645.904663 1785.518188 2013.452881 1211.764160 1632.109741 2424.893555 2892.140137 2577.049805 2027.881470 1890.686035 1344.267456 2356.641357 4027.981934 4909.019531 4071.810547 2524.258545 1697.641479 1517.963135 2773.492920 4851.031250 5939.948242 4851.031250 2773.492920 1517.963135 1697.641479 2524.258545 4071.810547 4909.019531 4027.981934 2356.641357 1344.267456 1890.686035 2027.881470 2577.049805 2892.140137 2424.893555 1632.109741 1211.764160 2013.452881 1785.518188 1645.904663 1547.858765 1347.548706 1161.839233 1117.987305,
 761.772034 747.877869 787.373413 939.250916 1221.474243 1403.296631 1306.626465 671.176453 676.071411 1008.333130 1474.177368 1625.672974 1554.123413 1474.168945 852.729004 1043.260498 2094.017090 3020.214844 2588.989746 1724.021729 1475.777832 1240.795898 1608.972168 3054.277100 4052.214844 3054.277100 1608.972168 1240.795898 1475.777832 1724.021729 2588.989746 3020.214844 2094.017090 1043.260498 852.729004 1474.168945 1554.123413 1625.672974 1474.177368 1008.333130 676.071411 671.176453 1306.626465 1403.296631 1221.474243 939.250916 787.373413 747.877869 761.772034,
 370.697723 557.121033 556.188477 585.330933 583.833496 519.150696 554.364868 697.951538 653.202515 667.044189 864.320801 962.101196 988.888916 1082.997314 629.788391 689.112183 1202.554810 1793.983276 1745.393188 1385.889771 1172.072021 793.464355 1132.823975 1915.676758 2427.349365 1915.676758 1132.823975 793.464355 1172.072021 1385.889771 1745.393188 1793.983276 1202.554810 689.112183 629.788391 1082.997314 988.888916 962.101196 864.320801 667.044189 653.202515 697.951538 554.364868 519.150696 583.833496 585.330933 556.188477 557.121033 370.697723,
 -716.641602 -665.869324 -528.730286 -394.492188 -275.779175 -241.855881 -371.261719 -521.846802 -372.455078 -43.207413 240.047607 363.497253 287.454529 3.538147 -188.533218 198.308640 779.979858 1158.531250 1097.872681 700.248474 203.093338 113.525543 679.692261 1331.088623 1629.946411 1331.088623 679.692261 113.525543 203.093338 700.248474 1097.872681 1158.531250 779.979858 198.308640 -188.533218 3.538147 287.454529 363.497253 240.047607 -43.207413 -372.455078 -521.846802 -371.261719 -241.855881 -275.779175 -394.492188 -528.730286 -665.869324 -716.641602,

Auto-correlations of the modulus of each oriented sub-band
 78.110886 86.312988 93.846680 97.182030 94.948853 89.004364 82.976669 94.917503 107.275681 118.451500 123.101097 119.056847 109.002365 98.374336 112.638054 129.559692 144.956085 151.266632 145.182892 130.435394 114.594551 121.322510 140.149124 157.628159 164.915878 157.628159 140.149124 121.322510 114.594551 130.435394 145.182892 151.266632 144.956085 129.559692 112.638054 98.374336 109.002365 119.056847 123.101097 118.451500 107.275681 94.917503 82.976669 89.004364 94.948853 97.182030 93.846680 86.312988 78.110886,
 100.633171 105.754883 107.723511 105.084274 97.965637 87.920807 77.265572 106.259636 120.590492 130.636795 130.900146 120.811600 104.361076 86.786720 107.881790 130.498764 149.277588 154.230988 142.342712 120.254623 96.575867 104.356102 130.405045 154.041199 164.151993 154.041199 130.405045 104.356102 96.575867 120.254623 142.342712 154.230988 149.277588 130.498764 107.881790 86.786720 104.361076 120.811600 130.900146 130.636795 120.590492 106.259636 77.265572 87.920807 97.965637 105.084274 107.723511 105.754883 100.633171,
 72.970879 88.387680 104.078705 111.518257 105.333801 90.455902 75.451988 81.097046 101.057434 121.532837 131.003265 121.914032 101.769714 82.109436 88.146767 112.074623 136.930847 148.587753 136.912689 112.161949 88.397163 90.985504 116.449371 143.094055 155.831177 143.094055 116.449371 90.985504 88.397163 112.161949 136.912689 148.587753 136.930847 112.074623 88.146767 82.109436 101.769714 121.914032 131.003265 121.532837 101.057434 81.097046 75.451988 90.455902 105.333801 111.518257 104.078705 88.387680 72.970879,
 73.412483 85.598450 98.574402 109.955658 117.372040 119.695007 117.608910 86.626099 105.354851 124.336342 137.847595 140.873444 133.258789 120.271133 99.808334 124.398018 148.571945 162.754150 159.196854 140.758118 118.129135 110.955887 137.698364 162.575577 173.382004 162.575577 137.698364 110.955887 118.129135 140.758118 159.196854 162.754150 148.571945 124.398018 99.808334 120.271133 133.258789 140.873444 137.847595 124.336342 105.354851 86.626099 117.608910 119.695007 117.372040 109.955658 98.574402 85.598450 73.412483,
 227.754272 245.775055 261.939026 273.754150 279.929871 280.613922 276.305695 286.578857 315.610474 340.565460 354.831085 354.627777 342.528809 323.890747 352.503082 399.848877 440.723175 459.993530 448.816498 415.317749 373.812225 391.520264 447.931641 496.706604 517.312988 496.706604 447.931641 391.520264 373.812225 415.317749 448.816498 459.993530 440.723175 399.848877 352.503082 323.890747 342.528809 354.627777 354.831085 340.565460 315.610474 286.578857 276.305695 280.613922 279.929871 273.754150 261.939026 245.775055 227.754272,
 293.018463 314.935516 314.093842 292.589661 261.454254 234.298370 217.822876 319.079529 367.033356 388.060608 369.218353 322.319153 273.676361 241.336960 318.132416 389.375000 445.289856 447.750427 394.128845 322.718628 268.366608 296.525757 369.168274 447.433472 483.923096 447.433472 369.168274 296.525757 268.366608 322.718628 394.128845 447.750427 445.289856 389.375000 318.132416 241.336960 273.676361 322.319153 369.218353 388.060608 367.033356 319.079529 217.822876 234.298370 261.454254 292.589661 314.093842 314.935516 293.018463,
 181.691940 223.607681 279.276703 308.769196 284.263702 233.341721 196.407944 195.029510 249.552185 325.657745 366.941162 329.914520 258.076263 207.390106 207.409790 272.239441 366.558929 418.907837 368.941742 277.136841 214.214478 214.502563 283.033630 384.391418 441.087982 384.391418 283.033630 214.502563 214.214478 277.136841 368.941742 418.907837 366.558929 272.239441 207.409790 207.390106 258.076263 329.914520 366.941162 325.657745 249.552185 195.029510 196.407944 233.341721 284.263702 308.769196 279.276703 223.607681 181.691940,
 235.264252 258.327026 297.833557 348.257416 392.484314 411.800171 397.584015 263.342712 310.546692 378.131500 445.844971 483.243744 473.653992 425.395447 309.549438 385.183380 475.274597 542.848145 549.351379 494.972626 413.748962 367.502533 459.290649 547.681641 586.604553 547.681641 459.290649 367.502533 413.748962 494.972626 549.351379 542.848145 475.274597 385.183380 309.549438 425.395447 473.653992 483.243744 445.844971 378.131500 310.546692 263.342712 397.584015 411.800171 392.484314 348.257416 297.833557 258.327026 235.264252,
 130.783066 132.398911 137.466675 141.888397 140.774384 133.607498 122.538177 173.524643 196.636307 217.730515 225.042877 211.700119 185.699997 159.871170 220.139908 281.891876 338.738251 359.231812 327.112640 264.852936 205.713303 234.490295 318.812622 405.184204 444.661011 405.184204 318.812622 234.490295 205.713303 264.852936 327.112640 359.231812 338.738251 281.891876 220.139908 159.871170 185.699997 211.700119 225.042877 217.730515 196.636307 173.524643 122.538177 133.607498 140.774384 141.888397 137.466675 132.398911 130.783066,
 130.473145 151.301804 181.576218 190.961853 189.536057 183.848190 159.996216 183.526917 235.632690 292.579254 302.669983 271.025116 235.268951 193.563782 219.798599 308.433441 408.865509 438.409088 370.989838 285.290314 218.292160 228.152756 320.819427 440.756073 506.864594 440.756073 320.819427 228.152756 218.292160 285.290314 370.989838 438.409088 408.865509 308.433441 219.798599 193.563782 235.268951 271.025116 302.669983 292.579254 235.632690 183.526917 159.996216 183.848190 189.536057 190.961853 181.576218 151.301804 130.473145,
 142.757263 171.198196 217.690414 242.793030 228.168869 204.926254 184.442505 170.079300 212.910095 282.389221 318.291626 277.252136 224.627197 192.119308 191.224854 246.566956 341.546356 397.367096 330.719391 245.526123 198.798065 200.508575 257.236145 360.883484 434.083160 360.883484 257.236145 200.508575 198.798065 245.526123 330.719391 397.367096 341.546356 246.566956 191.224854 192.119308 224.627197 277.252136 318.291626 282.389221 212.910095 170.079300 184.442505 204.926254 228.168869 242.793030 217.690414 171.198196 142.757263,
 91.601608 114.872505 141.684998 165.363907 173.524536 165.527893 152.630630 103.800354 145.720016 196.577927 244.013016 254.340378 224.856644 185.313080 130.742691 192.930481 276.727081 346.476990 335.152130 261.657349 191.069931 166.617035 244.199875 345.706177 401.906799 345.706177 244.199875 166.617035 191.069931 261.657349 335.152130 346.476990 276.727081 192.930481 130.742691 185.313080 224.856644 254.340378 244.013016 196.577927 145.720016 103.800354 152.630630 165.527893 173.524536 165.363907 141.684998 114.872505 91.601608,
 26.613640 29.018286 26.358418 21.920967 18.990185 17.574778 15.847328 35.743763 40.144386 44.031624 46.082355 44.830467 39.026833 29.929272 42.272099 60.183556 83.027351 96.550827 90.121468 67.596207 41.448872 46.270180 78.988983 115.312164 132.448700 115.312164 78.988983 46.270180 41.448872 67.596207 90.121468 96.550827 83.027351 60.183556 42.272099 29.929272 39.026833 44.830467 46.082355 44.031624 40.144386 35.743763 15.847328 17.574778 18.990185 21.920967 26.358418 29.018286 26.613640,
 28.882328 39.436272 44.286133 44.027935 51.083069 64.743347 66.272415 81.420815 106.037201 117.322350 98.993301 71.670387 62.311295 64.566063 101.611839 149.234573 194.655533 186.309570 130.230362 80.912216 62.493523 81.211197 126.539497 197.983582 237.519196 197.983582 126.539497 81.211197 62.493523 80.912216 130.230362 186.309570 194.655533 149.234573 101.611839 64.566063 62.311295 71.670387 98.993301 117.322350 106.037201 81.420815 66.272415 64.743347 51.083069 44.027935 44.286133 39.436272 28.882328,
 1.286002 5.388197 29.457121 52.411804 43.327103 28.186399 22.589260 16.287786 31.506462 69.587242 99.339226 77.101784 44.025543 29.174192 25.911392 50.661659 102.826576 140.754883 105.584801 55.007057 31.019524 30.223089 58.301548 116.453598 157.905579 116.453598 58.301548 30.223089 31.019524 55.007057 105.584801 140.754883 102.826576 50.661659 25.911392 29.174192 44.025543 77.101784 99.339226 69.587242 31.506462 16.287786 22.589260 28.186399 43.327103 52.411804 29.457121 5.388197 1.286002,
 9.787781 8.839720 6.521232 5.584776 3.241612 -1.502395 -6.573924 5.941544 8.188759 15.095890 25.280151 25.770008 12.761723 -2.387428 -1.488195 10.870406 35.152184 58.953785 53.006752 23.250851 -2.478793 -4.231833 19.879768 57.173721 79.671059 57.173721 19.879768 -4.231833 -2.478793 23.250851 53.006752 58.953785 35.152184 10.870406 -1.488195 -2.387428 12.761723 25.770008 25.280151 15.095890 8.188759 5.941544 -6.573924 -1.502395 3.241612 5.584776 6.521232 8.839720 9.787781,

Pairwise cross-correlations of the modulus of all oriented sub-bands at the same scale (size QxQ)
 164.915894 114.294548 71.655090 117.668976,
 114.294548 164.152008 109.527878 73.685333,
 71.655090 109.527878 155.831223 110.972755,
 117.668976 73.685333 110.972755 173.382004,
 517.313049 405.286255 340.519165 450.764771,
 405.286255 483.923126 370.647980 381.249725,
 340.519165 370.647980 441.087982 406.702698,
 450.764771 381.249725 406.702698 586.604614,
 444.661072 346.681946 261.942810 318.511658,
 346.681946 506.864655 318.517456 257.789825,
 261.942810 318.517456 434.083191 294.378906,
 318.511658 257.789825 294.378906 401.906860,
 132.448700 115.957130 93.795181 58.722023,
 115.957130 237.519196 151.398422 61.458252,
 93.795181 151.398422 157.905579 58.686821,
 58.722023 61.458252 58.686821 79.671051,

Cross-correlations of the modulus of all oriented sub-bands with all oriented sub-bands at the coarser scale (size QxQ)
 251.843643 200.300781 154.035034 227.091675,
 213.340637 242.465683 192.708542 189.707977,
 173.204315 196.881470 226.943390 219.485733,
 220.668365 169.910950 191.545624 274.886658,
 353.737671 358.465973 302.177979 322.674408,
 313.291351 381.002441 315.040619 275.186951,
 269.785034 316.767578 328.168732 275.006256,
 337.284698 363.341980 342.781464 361.484406,
 155.174896 182.711823 130.307190 92.806107,
 159.391602 232.118958 169.413940 90.876144,
 145.085510 225.232849 174.008240 85.291611,
 136.456207 156.603180 127.470123 107.247276,

Cross-correlations of the real part of each oriented sub-band with both the real and imaginary part of all phase-doubled oriented sub-bands at the next coarser scale (Q matrices of size 1x2Q, which are computed and stored in a matrix of size Qx2Q)
 100.466660 44.635284 5.978863 49.853058 -0.253278 2.265729 0.384631 0.598511,
 41.941055 91.857231 37.655304 3.057967 0.074478 2.420667 -1.872088 -0.171603,
 5.130957 38.091003 87.118813 46.961472 0.282105 0.742405 -3.967552 0.069856,
 49.509602 4.568099 44.810539 114.613533 -0.127752 0.629354 -0.931420 0.859573,
 -86.250641 -54.633175 -7.863267 -41.425289 12.941757 10.560337 -1.853763 -24.997158,
 -43.441616 -119.777519 -25.100954 -4.363389 5.411621 -12.912228 -8.777491 -0.294746,
 -9.727965 -39.148621 -68.423058 -49.976295 1.269162 -19.689579 9.264937 -7.568969,
 -45.626656 -2.028761 -45.785423 -99.837013 10.514653 0.190124 8.907506 -41.721687,
 -77.202354 -68.598930 -2.952976 -8.618142 45.125092 2.613077 -2.134744 -1.276680,
 -62.960888 -146.290985 -49.736740 -2.570991 17.184261 1.063040 1.435692 -2.377697,
 -7.244532 -58.586716 -78.361221 -13.796782 -2.134110 7.097657 7.753967 -1.602676,
 -17.538187 -4.764350 -22.099199 -23.962378 12.222036 2.078397 0.840891 4.998157,
