Low-band skewness and kurtosis
 -2.107148 5.785381,
 -2.175765 6.588234,
 -1.498994 4.351748,
 -1.129490 3.684182,
 -1.360916 4.241935,

High-band variance
 159.380005,

Skewness, kurtosis, variance, mean, maximum and minimum of the reconstructed texture
 -2.093749 5.530989 6917.604004 220.265442 255.000000 0.000000,

Auto-correlations of the low-frequency bands at each scale
 2506.390137 3118.151855 3531.683838 3633.185059 3379.494873 2843.835449 2143.544434 3083.710938 3927.192139 4626.461914 4879.180664 4509.389648 3727.590088 2832.037109 3489.495361 4605.419922 5683.150391 6145.612305 5621.042969 4504.652344 3367.631104 3608.135742 4862.239746 6139.262207 6724.674805 6139.262207 4862.239746 3608.135742 3367.631104 4504.652344 5621.042969 6145.612305 5683.150391 4605.419922 3489.495361 2832.037109 3727.590088 4509.389648 4879.180664 4626.461914 3927.192139 3083.710938 2143.544434 2843.835449 3379.494873 3633.185059 3531.683838 3118.151855 2506.390137,
 1005.615234 939.158508 1018.320740 1019.226440 755.315247 478.170349 473.794403 955.626709 1392.349243 2219.918945 2574.842773 1910.763062 890.474915 415.033447 966.286865 2174.706055 4066.848633 4976.690430 3874.435547 1868.298584 633.835449 891.386719 2505.753662 4960.589844 6208.170898 4960.589844 2505.753662 891.386719 633.835449 1868.298584 3874.435547 4976.690430 4066.848633 2174.706055 966.286865 415.033447 890.474915 1910.763062 2574.842773 2219.918945 1392.349243 955.626709 473.794403 478.170349 755.315247 1019.226440 1018.320740 939.158508 1005.615234,
 728.442078 748.826233 556.860291 498.430664 564.207336 628.267761 671.264099 691.129150 743.348389 804.395996 837.599915 557.760742 396.686310 601.468384 651.314087 873.095459 2001.515381 2709.616699 1665.578369 496.230347 564.697144 608.198730 850.119873 2681.920898 4005.159668 2681.920898 850.119873 608.198730 564.697144 496.230347 1665.578369 2709.616699 2001.515381 873.095459 651.314087 601.468384 396.686310 557.760742 837.599915 804.395996 743.348389 691.129150 671.264099 628.267761 564.207336 498.430664 556.860291 748.826233 728.442078,
 282.097351 471.808594 651.010986 817.173828 865.441040 768.474609 485.315491 301.556519 476.323242 664.119202 811.442139 779.715393 665.219116 429.717285 303.893250 573.599304 1021.482971 1294.632080 1003.442810 609.448303 341.831299 372.378876 717.333130 1345.509521 1763.699951 1345.509521 717.333130 372.378876 341.831299 609.448303 1003.442810 1294.632080 1021.482971 573.599304 303.893250 429.717285 665.219116 779.715393 811.442139 664.119202 476.323242 301.556519 485.315491 768.474609 865.441040 817.173828 651.010986 471.808594 282.097351,
 -526.167236 -234.330948 106.598991 295.772400 182.213074 -158.274216 -489.457520 -420.289795 -125.179214 309.665710 597.068970 447.972168 3.759888 -369.073181 -312.398560 10.727203 597.510376 981.213928 717.494507 117.644852 -275.793701 -255.096558 114.163963 788.316284 1167.634766 788.316284 114.163963 -255.096558 -275.793701 117.644852 717.494507 981.213928 597.510376 10.727203 -312.398560 -369.073181 3.759888 447.972168 597.068970 309.665710 -125.179214 -420.289795 -489.457520 -158.274216 182.213074 295.772400 106.598991 -234.330948 -526.167236,

Auto-correlations of the modulus of each oriented sub-band
 67.262848 74.482704 80.880814 82.739960 78.540298 70.322624 62.202103 89.668182 101.942398 112.706139 116.310471 110.439308 98.025986 85.083298 110.599052 128.026443 143.507507 149.338440 142.131561 125.669563 107.874977 118.729057 138.693146 156.873718 164.358047 156.873718 138.693146 118.729057 107.874977 125.669563 142.131561 149.338440 143.507507 128.026443 110.599052 85.083298 98.025986 110.439308 116.310471 112.706139 101.942398 89.668182 62.202103 70.322624 78.540298 82.739960 80.880814 74.482704 67.262848,
 99.898651 102.860413 101.042854 93.632401 82.012016 68.647522 55.589039 103.669167 118.141808 126.682266 124.018700 110.299820 90.410957 69.836845 102.330345 127.273010 146.838211 150.863739 136.544724 111.090240 83.752266 95.294678 124.929688 151.088486 162.090088 151.088486 124.929688 95.294678 83.752266 111.090240 136.544724 150.863739 146.838211 127.273010 102.330345 69.836845 90.410957 110.299820 124.018700 126.682266 118.141808 103.669167 55.589039 68.647522 82.012016 93.632401 101.042854 102.860413 99.898651,
 61.019810 84.166115 106.925468 117.358704 108.774300 87.305016 64.182999 68.785873 97.454292 125.657249 138.410782 126.938820 99.710457 71.095779 76.261246 109.627480 142.456604 157.339157 143.089844 110.780571 77.469101 79.741089 114.940903 149.468018 165.120148 149.468018 114.940903 79.741089 77.469101 110.780571 143.089844 157.339157 142.456604 109.627480 76.261246 71.095779 99.710457 126.938820 138.410782 125.657249 97.454292 68.785873 64.182999 87.305016 108.774300 117.358704 106.925468 84.166115 61.019810,
 62.696243 77.623665 91.486404 102.001923 107.515060 107.407341 102.827454 76.569557 98.967827 119.109116 131.619812 132.511261 122.328178 106.755028 89.889809 118.396530 143.846817 157.440628 152.344162 131.799759 106.258659 100.408188 130.628693 157.087494 168.274277 157.087494 130.628693 100.408188 106.258659 131.799759 152.344162 157.440628 143.846817 118.396530 89.889809 106.755028 122.328178 132.511261 131.619812 119.109116 98.967827 76.569557 102.827454 107.407341 107.515060 102.001923 91.486404 77.623665 62.696243,
 161.442581 171.635971 179.351578 183.592880 182.863174 176.792618 166.376175 231.680771 260.313019 282.390289 291.146729 283.463531 262.885895 235.727676 311.146118 363.109528 406.012512 422.773590 405.040588 362.813202 312.359192 347.318848 410.457703 464.968597 487.831482 464.968597 410.457703 347.318848 312.359192 362.813202 405.040588 422.773590 406.012512 363.109528 311.146118 235.727676 262.885895 283.463531 291.146729 282.390289 260.313019 231.680771 166.376175 176.792618 182.863174 183.592880 179.351578 171.635971 161.442581,
 247.054474 263.274536 242.205597 195.279297 145.365173 110.738754 96.990936 282.897522 334.891968 343.447510 300.723572 230.274414 165.743240 126.950630 278.068329 363.516022 421.217285 411.070679 337.837036 246.091949 175.902908 234.270157 326.224243 420.197723 462.494507 420.197723 326.224243 234.270157 175.902908 246.091949 337.837036 411.070679 421.217285 363.516022 278.068329 126.950630 165.743240 230.274414 300.723572 343.447510 334.891968 282.897522 96.990936 110.738754 145.365173 195.279297 242.205597 263.274536 247.054474,
 159.229065 225.480225 308.578552 351.462219 318.591858 238.088409 167.503845 171.278427 254.134918 360.438477 416.339111 371.943481 268.199738 180.943893 181.817001 279.446167 405.945190 472.155334 414.402832 289.258667 188.512527 188.509094 293.411133 427.947784 495.406128 427.947784 293.411133 188.509094 188.512527 289.258667 414.402832 472.155334 405.945190 279.446167 181.817001 180.943893 268.199738 371.943481 416.339111 360.438477 254.134918 171.278427 167.503845 238.088409 318.591858 351.462219 308.578552 225.480225 159.229065,
 102.849030 133.791031 189.665924 255.496078 305.604034 318.380798 288.015961 136.877090 197.683807 283.898438 365.700256 404.166992 381.521393 313.672607 189.396744 281.515533 391.194275 470.687744 472.503235 400.417084 299.613525 250.843307 361.070129 468.934174 516.966858 468.934174 361.070129 250.843307 299.613525 400.417084 472.503235 470.687744 391.194275 281.515533 189.396744 313.672607 381.521393 404.166992 365.700256 283.898438 197.683807 136.877090 288.015961 318.380798 305.604034 255.496078 189.665924 133.791031 102.849030,
 76.441010 68.735924 62.955917 67.126953 77.342850 80.226860 71.002335 114.205582 126.132385 147.196777 172.622787 180.782379 155.897369 110.776459 178.965958 248.186279 326.312775 373.841736 351.645477 268.426270 173.426926 211.005005 325.765442 445.027191 499.759521 445.027191 325.765442 211.005005 173.426926 268.426270 351.645477 373.841736 326.312775 248.186279 178.965958 110.776459 155.897369 180.782379 172.622787 147.196777 126.132385 114.205582 71.002335 80.226860 77.342850 67.126953 62.955917 68.735924 76.441010,
 86.724388 107.554306 114.195297 96.923027 71.629333 53.858624 47.224907 118.819069 174.949387 220.046265 196.792419 129.438660 76.652054 50.334572 132.846527 221.832321 331.264740 347.620544 245.425568 136.247055 73.150452 111.300125 203.676758 344.936218 427.901855 344.936218 203.676758 111.300125 73.150452 136.247055 245.425568 347.620544 331.264740 221.832321 132.846527 50.334572 76.652054 129.438660 196.792419 220.046265 174.949387 118.819069 47.224907 53.858624 71.629333 96.923027 114.195297 107.554306 86.724388,
 152.812225 148.462723 179.031982 196.880692 162.401978 119.967209 109.270172 165.266296 176.593002 250.999191 299.175415 233.969070 145.174820 112.881935 163.220062 197.290802 321.996216 406.758698 311.271423 177.545685 129.009338 148.884415 198.837860 349.424835 455.626740 349.424835 198.837860 148.884415 129.009338 177.545685 311.271423 406.758698 321.996216 197.290802 163.220062 112.881935 145.174820 233.969070 299.175415 250.999191 176.593002 165.266296 109.270172 119.967209 162.401978 196.880692 179.031982 148.462723 152.812225,
 132.795319 158.060410 194.230835 232.364594 246.034698 225.990646 193.600555 183.056213 220.145432 286.791443 356.160980 364.047974 298.152222 221.579407 230.462646 299.386047 421.082733 523.735718 497.286652 368.542786 255.288513 259.040344 367.394836 526.030273 613.420044 526.030273 367.394836 259.040344 255.288513 368.542786 497.286652 523.735718 421.082733 299.386047 230.462646 221.579407 298.152222 364.047974 356.160980 286.791443 220.145432 183.056213 193.600555 225.990646 246.034698 232.364594 194.230835 158.060410 132.795319,
 5.323328 19.399868 23.763985 18.713600 8.577857 -0.510670 -3.798666 11.823439 24.491543 33.182041 33.173355 23.091267 10.643250 5.734972 14.894055 33.811726 58.226669 70.029953 57.328201 34.188557 19.897564 20.149580 44.230217 79.318283 98.088333 79.318283 44.230217 20.149580 19.897564 34.188557 57.328201 70.029953 58.226669 33.811726 14.894055 5.734972 10.643250 23.091267 33.173355 33.182041 24.491543 11.823439 -3.798666 -0.510670 8.577857 18.713600 23.763985 19.399868 5.323328,
 7.535064 20.077942 20.656170 16.516109 11.661231 6.193648 4.388728 5.816778 28.332270 37.160618 27.671688 18.434601 11.366762 5.505718 9.914580 34.836407 67.237709 64.916733 38.464535 20.775257 8.818065 12.437798 30.493984 67.240982 94.045319 67.240982 30.493984 12.437798 8.818065 20.775257 38.464535 64.916733 67.237709 34.836407 9.914580 5.505718 11.366762 18.434601 27.671688 37.160618 28.332270 5.816778 4.388728 6.193648 11.661231 16.516109 20.656170 20.077942 7.535064,
 20.897640 25.689732 25.234013 31.261410 31.468769 20.396950 2.138552 22.492504 26.162361 41.223957 61.147156 49.221935 19.633629 0.642730 16.513039 24.861500 61.073692 94.221329 65.780464 19.116196 0.364103 6.454038 21.544592 71.694016 109.822479 71.694016 21.544592 6.454038 0.364103 19.116196 65.780464 94.221329 61.073692 24.861500 16.513039 0.642730 19.633629 49.221935 61.147156 41.223957 26.162361 22.492504 2.138552 20.396950 31.468769 31.261410 25.234013 25.689732 20.897640,
 16.598331 16.158850 13.708020 23.529722 30.409115 15.802684 -3.671528 11.468183 11.007074 21.008705 46.152237 54.499229 30.855047 6.437181 7.785719 17.265579 48.796749 90.422417 87.361603 43.650101 14.986094 12.681532 34.860729 85.142670 119.789688 85.142670 34.860729 12.681532 14.986094 43.650101 87.361603 90.422417 48.796749 17.265579 7.785719 6.437181 30.855047 54.499229 46.152237 21.008705 11.007074 11.468183 -3.671528 15.802684 30.409115 23.529722 13.708020 16.158850 16.598331,

Pairwise cross-correlations of the modulus of all oriented sub-bands at the same scale (size QxQ)
 164.358093 107.104118 56.956779 108.803978,
 107.104118 162.090103 104.523613 62.350254,
 56.956779 104.523613 165.120178 107.743103,
 108.803978 62.350254 107.743103 168.274277,
 487.831482 374.211243 343.430817 398.538544,
 374.211243 462.494568 368.930969 325.617737,
 343.430817 368.930969 495.406189 403.012848,
 398.538544 325.617737 403.012848 516.966858,
 499.759521 331.471893 279.089935 380.210632,
 331.471893 427.901855 317.159485 266.776550,
 279.089935 317.159485 455.626740 381.784363,
 380.210632 266.776550 381.784363 613.420105,
 98.088333 56.489891 42.191414 52.116165,
 56.489891 94.045319 39.172363 28.983521,
 42.191414 39.172363 109.822495 77.709045,
 52.116165 28.983521 77.709045 119.789688,

Cross-correlations of the modulus of all oriented sub-bands with all oriented sub-bands at the coarser scale (size QxQ)
 242.808563 191.910217 152.322067 199.802933,
 202.574097 236.742676 197.181702 161.399902,
 155.687851 186.076706 242.362320 199.614487,
 207.493927 152.324661 203.609711 253.102280,
 360.026062 296.710510 290.712860 367.693726,
 308.233643 337.899994 328.344086 296.670807,
 275.380890 302.998413 346.119080 328.029175,
 314.469482 270.600616 329.431213 404.343201,
 106.661781 75.513916 94.305748 101.706184,
 74.334106 59.453117 80.169800 77.530525,
 79.724228 49.491417 108.490311 118.424255,
 107.813454 56.804298 111.470161 140.424377,

Cross-correlations of the real part of each oriented sub-band with both the real and imaginary part of all phase-doubled oriented sub-bands at the next coarser scale (Q matrices of size 1x2Q, which are computed and stored in a matrix of size Qx2Q)
 97.419418 41.258049 3.475318 42.451771 2.652930 -0.881317 -0.145719 -0.848443,
 43.328888 95.742493 46.021187 3.613439 0.147658 -3.046862 -1.287721 -0.355586,
 3.805105 43.563602 109.041840 46.151649 -0.238541 -2.293025 -1.943365 1.998136,
 42.151123 3.770558 47.529236 101.976074 1.613318 -0.351112 -0.027997 3.745024,
 -197.372421 -93.220955 -13.844599 -94.552490 -6.958576 -0.681048 -0.240278 6.072671,
 -90.665154 -188.606537 -90.539848 -10.152183 -2.521010 4.296070 6.501581 -2.038692,
 -12.635367 -81.566750 -191.404190 -86.356880 -1.520736 -3.431577 29.353786 5.788568,
 -95.377502 -11.521647 -94.440559 -204.049866 -5.721058 -2.051448 14.477524 17.057308,
 -64.017670 -24.478584 -2.156683 -25.467804 -30.005272 -6.628254 -0.986265 -9.384216,
 -27.789433 -55.383739 -24.794537 -6.916721 -11.175450 1.862502 7.387750 -1.689496,
 -2.986412 -27.630133 -71.409508 -38.482212 0.425456 14.248265 20.925793 -9.950775,
 -28.723392 -1.913364 -37.069046 -56.789055 -10.311459 4.252056 6.135996 -19.385532,
