Low-band skewness and kurtosis
 -2.164169 6.020983,
 -2.231107 6.796512,
 -1.636448 4.668030,
 -1.278331 3.907080,
 -1.328781 4.235885,

High-band variance
 147.147324,

Skewness, kurtosis, variance, mean, maximum and minimum of the reconstructed texture
 -2.150688 5.773292 6755.678223 221.362183 255.000000 0.000000,

Auto-correlations of the low-frequency bands at each scale
 2503.604980 3112.698975 3611.259766 3835.692139 3683.730469 3235.554443 2648.405273 3088.948242 3861.170410 4580.805664 4919.429688 4648.571289 3966.033203 3202.357422 3543.814453 4531.793945 5561.777832 6052.542969 5604.024902 4594.448242 3609.049805 3742.495605 4839.964844 6022.621094 6576.361816 6022.621094 4839.964844 3742.495605 3609.049805 4594.448242 5604.024902 6052.542969 5561.777832 4531.793945 3543.814453 3202.357422 3966.033203 4648.571289 4919.429688 4580.805664 3861.170410 3088.948242 2648.405273 3235.554443 3683.730469 3835.692139 3611.259766 3112.698975 2503.604980,
 777.621399 972.389709 1417.481934 1692.121826 1501.875000 1120.010986 927.481140 917.971863 1382.725464 2365.325439 2946.651855 2477.885498 1580.319458 1114.479248 1317.476929 2289.708740 4020.394043 4982.192383 4113.520020 2453.428955 1478.218140 1614.411377 2864.274414 4941.705566 6049.536133 4941.705566 2864.274414 1614.411377 1478.218140 2453.428955 4113.520020 4982.192383 4020.394043 2289.708740 1317.476929 1114.479248 1580.319458 2477.885498 2946.651855 2365.325439 1382.725464 917.971863 927.481140 1120.010986 1501.875000 1692.121826 1417.481934 972.389709 777.621399,
 860.894653 892.945068 1108.708862 1331.719238 1219.185913 967.199951 843.372437 870.382935 645.494019 1028.381226 1484.250244 1166.724243 719.419067 734.231079 870.063293 884.663330 2078.868896 3056.557373 2221.951416 990.083984 776.935242 875.046753 1240.844116 3002.961426 4231.469727 3002.961426 1240.844116 875.046753 776.935242 990.083984 2221.951416 3056.557373 2078.868896 884.663330 870.063293 734.231079 719.419067 1166.724243 1484.250244 1028.381226 645.494019 870.382935 843.372437 967.199951 1219.185913 1331.719238 1108.708862 892.945068 860.894653,
 452.851227 673.478149 915.861084 1110.411987 1051.749146 818.940186 388.846954 409.382324 570.764526 917.076904 1221.848755 1035.813721 658.525635 247.755859 357.553528 648.283630 1307.283813 1783.783203 1323.858276 613.463684 175.550659 293.464355 737.562012 1629.915283 2229.311279 1629.915283 737.562012 293.464355 175.550659 613.463684 1323.858276 1783.783203 1307.283813 648.283630 357.553528 247.755859 658.525635 1035.813721 1221.848755 917.076904 570.764526 409.382324 388.846954 818.940186 1051.749146 1110.411987 915.861084 673.478149 452.851227,
 -686.632568 -244.737579 424.780243 722.200195 357.512970 -249.175903 -615.076660 -654.564087 -182.323456 615.540466 977.710999 534.537537 -145.277710 -504.089233 -597.357056 -137.397675 819.075012 1317.058594 762.940857 -93.282227 -465.242828 -518.079712 -101.455223 897.761719 1491.752808 897.761719 -101.455223 -518.079712 -465.242828 -93.282227 762.940857 1317.058594 819.075012 -137.397675 -597.357056 -504.089233 -145.277710 534.537537 977.710999 615.540466 -182.323456 -654.564087 -615.076660 -249.175903 357.512970 722.200195 424.780243 -244.737579 -686.632568,

Auto-correlations of the modulus of each oriented sub-band
 92.981949 102.163261 110.470276 113.566429 109.440002 99.903053 89.202011 111.997482 126.280960 138.775665 143.440491 137.595917 123.882065 108.324936 130.136917 149.903214 167.043915 173.584595 166.026886 148.009811 127.506485 137.074387 159.720306 179.640442 187.706329 179.640442 159.720306 137.074387 127.506485 148.009811 166.026886 173.584595 167.043915 149.903214 130.136917 108.324936 123.882065 137.595917 143.440491 138.775665 126.280960 111.997482 89.202011 99.903053 109.440002 113.566429 110.470276 102.163261 92.981949,
 107.447060 113.249336 116.504013 114.749512 107.882736 97.779900 86.814003 114.741386 129.843674 141.064575 142.155167 132.191620 115.479973 97.608315 118.210876 142.079590 162.180130 167.851074 155.718124 132.736115 108.150955 115.838112 143.303772 168.323364 179.026810 168.323364 143.303772 115.838112 108.150955 132.736115 155.718124 167.851074 162.180130 142.079590 118.210876 97.608315 115.479973 132.191620 142.155167 141.064575 129.843674 114.741386 86.814003 97.779900 107.882736 114.749512 116.504013 113.249336 107.447060,
 80.966095 98.097656 114.780487 122.901436 117.056458 101.914017 85.242432 88.032341 110.343056 132.369980 142.927444 134.235367 113.584602 91.953911 95.444908 122.118607 148.737122 161.455734 149.764648 123.924973 97.735085 99.338547 127.566498 155.816833 169.205704 155.816833 127.566498 99.338547 97.735085 123.924973 149.764648 161.455734 148.737122 122.118607 95.444908 91.953911 113.584602 134.235367 142.927444 132.369980 110.343056 88.032341 85.242432 101.914017 117.056458 122.901436 114.780487 98.097656 80.966095,
 81.005249 92.256210 101.558212 107.123352 107.877213 104.394272 99.001877 90.870384 108.513756 124.061073 132.589005 130.538071 119.230843 104.719612 99.955429 123.868683 145.705566 156.717484 150.579834 130.797119 107.703720 106.119759 132.721207 156.953064 167.302170 156.953064 132.721207 106.119759 107.703720 130.797119 150.579834 156.717484 145.705566 123.868683 99.955429 104.719612 119.230843 130.538071 132.589005 124.061073 108.513756 90.870384 99.001877 104.394272 107.877213 107.123352 101.558212 92.256210 81.005249,
 256.575623 266.238464 272.793396 273.413239 264.987000 248.513489 228.404480 308.520752 329.533936 347.822449 354.192932 341.812378 315.011963 284.284973 362.551514 403.802795 442.011536 458.003662 439.242371 396.018860 348.547974 382.513977 437.262146 488.679626 511.119446 488.679626 437.262146 382.513977 348.547974 396.018860 439.242371 458.003662 442.011536 403.802795 362.551514 284.284973 315.011963 341.812378 354.192932 347.822449 329.533936 308.520752 228.404480 248.513489 264.987000 273.413239 272.793396 266.238464 256.575623,
 250.165298 269.525330 268.539825 245.913910 211.542587 179.763489 155.533127 273.237000 318.232788 336.581482 313.800903 262.093811 211.031738 174.134766 265.389465 337.395599 394.774567 394.275726 332.995758 257.035126 200.308395 233.871063 309.171265 393.684174 434.974030 393.684174 309.171265 233.871063 200.308395 257.035126 332.995758 394.275726 394.774567 337.395599 265.389465 174.134766 211.031738 262.093811 313.800903 336.581482 318.232788 273.237000 155.533127 179.763489 211.542587 245.913910 268.539825 269.525330 250.165298,
 217.187531 279.767303 343.726379 370.958740 343.802246 285.326935 226.917450 232.439148 307.361420 388.370789 425.057068 389.567078 313.068756 241.074127 245.283234 331.420135 428.605743 474.656616 430.020355 335.535004 251.113495 252.721313 342.991272 446.275665 496.234955 446.275665 342.991272 252.721313 251.113495 335.535004 430.020355 474.656616 428.605743 331.420135 245.283234 241.074127 313.068756 389.567078 425.057068 388.370789 307.361420 232.439148 226.917450 285.326935 343.802246 370.958740 343.726379 279.767303 217.187531,
 140.444275 165.314743 194.977646 230.582718 258.067444 260.080811 236.725464 152.168854 191.320343 245.097534 301.090118 325.712708 303.574310 253.643066 174.064407 235.409775 316.124481 381.006653 379.510590 317.053467 241.086105 207.714508 287.214874 376.196350 420.334900 376.196350 287.214874 207.714508 241.086105 317.053467 379.510590 381.006653 316.124481 235.409775 174.064407 253.643066 303.574310 325.712708 301.090118 245.097534 191.320343 152.168854 236.725464 260.080811 258.067444 230.582718 194.977646 165.314743 140.444275,
 187.800644 203.736572 211.500732 208.764053 197.400208 181.723358 164.858475 213.289429 252.883530 286.051514 293.404480 267.823914 223.063950 179.588654 257.629883 341.174805 420.187927 449.119202 405.179749 315.547363 226.267578 270.790802 382.739319 494.070496 543.557068 494.070496 382.739319 270.790802 226.267578 315.547363 405.179749 449.119202 420.187927 341.174805 257.629883 179.588654 223.063950 267.823914 293.404480 286.051514 252.883530 213.289429 164.858475 181.723358 197.400208 208.764053 211.500732 203.736572 187.800644,
 154.766769 191.126709 210.640518 196.455368 170.427353 150.259644 127.974937 206.973358 271.961304 312.853088 286.014862 221.385315 171.827728 143.997437 225.861389 325.072357 421.726990 423.610535 327.938110 225.800949 168.189697 203.517944 298.914215 430.324249 499.751953 430.324249 298.914215 203.517944 168.189697 225.800949 327.938110 423.610535 421.726990 325.072357 225.861389 143.997437 171.827728 221.385315 286.014862 312.853088 271.961304 206.973358 127.974937 150.259644 170.427353 196.455368 210.640518 191.126709 154.766769,
 160.936600 213.446564 301.327423 347.898346 311.563019 241.917511 183.062881 168.372101 242.949402 376.672607 448.035034 382.183472 263.138184 181.838074 174.711319 272.003754 449.530914 547.609619 451.870758 282.335419 180.619003 179.228958 287.898865 481.939941 592.523804 481.939941 287.898865 179.228958 180.619003 282.335419 451.870758 547.609619 449.530914 272.003754 174.711319 181.838074 263.138184 382.183472 448.035034 376.672607 242.949402 168.372101 183.062881 241.917511 311.563019 347.898346 301.327423 213.446564 160.936600,
 143.174576 129.070679 126.997879 152.075012 179.104172 169.049164 135.019363 131.756958 128.265884 159.466232 225.531067 259.001373 216.137985 148.284821 121.554855 154.871155 245.638123 348.249939 345.649292 242.467468 146.195847 129.704010 210.218414 342.348755 420.975433 342.348755 210.218414 129.704010 146.195847 242.467468 345.649292 348.249939 245.638123 154.871155 121.554855 148.284821 216.137985 259.001373 225.531067 159.466232 128.265884 131.756958 135.019363 169.049164 179.104172 152.075012 126.997879 129.070679 143.174576,
 3.746905 16.546703 26.781723 31.727596 33.058750 32.672771 29.576599 7.933878 31.418051 48.339493 50.436264 41.747879 32.352997 27.963995 10.831882 51.472446 87.882866 96.682701 74.213585 40.444851 15.840848 13.154526 58.419899 108.440140 131.477020 108.440140 58.419899 13.154526 15.840848 40.444851 74.213585 96.682701 87.882866 51.472446 10.831882 27.963995 32.352997 41.747879 50.436264 48.339493 31.418051 7.933878 29.576599 32.672771 33.058750 31.727596 26.781723 16.546703 3.746905,
 26.070869 35.013245 32.194244 28.155382 27.341501 24.225084 15.311798 21.470444 46.777336 57.540131 49.761246 37.756683 27.967184 16.491814 11.156301 52.643490 92.624985 95.699310 65.621017 32.500347 9.342340 5.058683 44.211273 96.763016 125.544853 96.763016 44.211273 5.058683 9.342340 32.500347 65.621017 95.699310 92.624985 52.643490 11.156301 16.491814 27.967184 37.756683 49.761246 57.540131 46.777336 21.470444 15.311798 24.225084 27.341501 28.155382 32.194244 35.013245 26.070869,
 6.227960 34.227032 60.818645 83.427795 84.130692 58.654140 22.788853 8.138817 44.464500 82.305084 107.467407 94.415314 56.970734 19.594479 11.594746 54.423759 105.767387 136.575348 109.425240 58.357025 17.647491 15.254513 59.386826 117.176010 151.348221 117.176010 59.386826 15.254513 17.647491 58.357025 109.425240 136.575348 105.767387 54.423759 11.594746 19.594479 56.970734 94.415314 107.467407 82.305084 44.464500 8.138817 22.788853 58.654140 84.130692 83.427795 60.818645 34.227032 6.227960,
 11.707521 15.109451 22.082870 33.749084 38.395699 29.839306 10.611404 14.155796 15.643686 27.921097 53.514091 67.731850 49.166550 16.251186 11.531837 17.748171 51.045700 97.049423 98.024765 50.018799 11.060328 7.814094 31.595301 88.141502 125.516533 88.141502 31.595301 7.814094 11.060328 50.018799 98.024765 97.049423 51.045700 17.748171 11.531837 16.251186 49.166550 67.731850 53.514091 27.921097 15.643686 14.155796 10.611404 29.839306 38.395699 33.749084 22.082870 15.109451 11.707521,

Pairwise cross-correlations of the modulus of all oriented sub-bands at the same scale (size QxQ)
 187.706329 125.159172 67.103691 119.316017,
 125.159172 179.026810 113.267982 77.279152,
 67.103691 113.267982 169.205750 113.018761,
 119.316017 77.279152 113.018761 167.302200,
 511.119446 352.318359 325.499084 337.675018,
 352.318359 434.974060 362.584808 265.631470,
 325.499084 362.584808 496.234955 360.767578,
 337.675018 265.631470 360.767578 420.334900,
 543.557068 406.981995 342.422150 373.646484,
 406.981995 499.751984 425.177216 309.465210,
 342.422150 425.177216 592.523804 352.757782,
 373.646484 309.465210 352.757782 420.975494,
 131.477020 84.080147 60.108425 65.848061,
 84.080147 125.544861 79.445053 48.996056,
 60.108425 79.445053 151.348206 83.147400,
 65.848061 48.996056 83.147400 125.516541,

Cross-correlations of the modulus of all oriented sub-bands with all oriented sub-bands at the coarser scale (size QxQ)
 270.595795 188.370636 164.853271 181.866089,
 215.751556 241.594788 205.443283 145.475769,
 154.826492 183.153809 246.150696 180.795547,
 208.422836 150.566284 207.780487 225.165497,
 377.355255 328.283783 308.454498 304.830780,
 307.166565 342.963013 336.980652 266.409760,
 294.214722 341.720367 415.162384 309.372162,
 297.471191 281.593597 343.596802 318.051331,
 141.069717 121.674889 136.316345 117.173065,
 119.113281 117.069572 158.140137 111.741501,
 114.923721 110.601654 182.139832 112.201492,
 108.766579 101.460587 130.278656 115.566223,

Cross-correlations of the real part of each oriented sub-band with both the real and imaginary part of all phase-doubled oriented sub-bands at the next coarser scale (Q matrices of size 1x2Q, which are computed and stored in a matrix of size Qx2Q)
 131.351700 57.051495 4.071398 49.643139 7.365485 2.809625 -0.052406 0.349927,
 57.769066 107.134163 45.360664 7.285820 0.404809 -2.109849 0.289591 0.349741,
 4.983023 46.947693 93.861923 39.685814 -0.956056 -0.931562 2.620218 2.595164,
 55.020981 8.411601 37.579815 92.739433 3.416853 1.950382 1.130397 2.956904,
 -149.942154 -67.377304 -3.686316 -52.148895 -4.518683 -1.148396 -0.068295 4.985158,
 -75.134895 -128.922546 -50.837337 -6.165142 -1.741429 -11.023856 -3.387813 -2.149406,
 -6.352727 -61.701767 -73.728020 -29.435148 -0.698968 -6.080551 -16.621645 -4.835442,
 -57.461479 -9.536782 -15.912582 -85.876762 -4.128332 1.848917 -9.152655 2.405976,
 -117.273300 -48.612392 -3.992658 -33.664558 -31.521076 -31.688614 -0.758127 1.178392,
 -59.809906 -63.421211 -31.067827 -2.778264 -22.540886 -58.545666 -13.155342 -2.273895,
 -1.364504 -21.995531 -53.420666 -12.407886 -2.259293 -18.613897 -22.421217 -6.795144,
 -38.073441 -6.501270 -15.486115 -52.107128 -9.810864 -1.167824 -4.802069 4.653720,
