Low-band skewness and kurtosis
 -2.202863 6.190745,
 -2.268102 6.943856,
 -1.774142 5.274260,
 -1.669335 5.414815,
 -1.138343 3.288610,

High-band variance
 144.396912,

Skewness, kurtosis, variance, mean, maximum and minimum of the reconstructed texture
 -2.188571 5.937555 6634.747559 222.126953 255.000000 0.000000,

Auto-correlations of the low-frequency bands at each scale
 2912.578857 3346.015381 3674.319824 3795.946045 3642.226074 3272.206299 2789.491455 3392.999023 4025.915527 4600.627441 4853.310547 4592.285645 3991.215332 3318.440918 3735.926025 4615.730469 5527.794922 5953.322754 5528.162109 4603.062500 3701.069092 3853.072510 4861.814453 5948.394043 6459.453125 5948.394043 4861.814453 3853.072510 3701.069092 4603.062500 5528.162109 5953.322754 5527.794922 4615.730469 3735.926025 3318.440918 3991.215332 4592.285645 4853.310547 4600.627441 4025.915527 3392.999023 2789.491455 3272.206299 3642.226074 3795.946045 3674.319824 3346.015381 2912.578857,
 1866.658813 1844.672852 1785.215576 1724.181152 1598.561768 1519.972656 1607.319702 1829.978027 2102.920410 2643.559814 2934.456543 2523.697021 1878.785645 1658.667480 1856.952515 2703.209961 4152.247559 4929.395508 4108.581543 2613.791504 1803.921753 1896.592773 3041.109619 4958.970703 5980.120117 4958.970703 3041.109619 1896.592773 1803.921753 2613.791504 4108.581543 4929.395508 4152.247559 2703.209961 1856.952515 1658.667480 1878.785645 2523.697021 2934.456543 2643.559814 2102.920410 1829.978027 1607.319702 1519.972656 1598.561768 1724.181152 1785.215576 1844.672852 1866.658813,
 978.962280 1097.559937 1124.287842 1035.662476 1053.892334 1180.569946 1126.110718 1244.482544 1314.815674 1560.851929 1625.290527 1410.974243 1330.822021 1406.957886 1443.539062 1642.730347 2602.028564 3178.869629 2464.552002 1612.489624 1525.706787 1515.031128 1813.195557 3212.026855 4172.127441 3212.026855 1813.195557 1515.031128 1525.706787 1612.489624 2464.552002 3178.869629 2602.028564 1642.730347 1443.539062 1406.957886 1330.822021 1410.974243 1625.290527 1560.851929 1314.815674 1244.482544 1126.110718 1180.569946 1053.892334 1035.662476 1124.287842 1097.559937 978.962280,
 -138.903381 69.463531 293.664642 596.594666 912.951050 1086.944458 1015.046448 246.272736 561.742737 794.609619 960.566040 986.434082 923.936096 775.714844 564.407959 1137.359985 1679.412109 1940.249878 1668.052002 1191.088745 767.737061 774.356689 1455.067871 2202.721191 2593.178223 2202.721191 1455.067871 774.356689 767.737061 1191.088745 1668.052002 1940.249878 1679.412109 1137.359985 564.407959 775.714844 923.936096 986.434082 960.566040 794.609619 561.742737 246.272736 1015.046448 1086.944458 912.951050 596.594666 293.664642 69.463531 -138.903381,
 -468.546631 -635.479614 -603.309753 -267.569702 144.518555 273.549683 73.040726 -785.634521 -652.328430 -189.558228 451.688812 846.803955 656.353088 34.288910 -836.416138 -276.174408 631.363647 1334.983154 1312.399048 615.087524 -253.049591 -612.346741 250.348831 1296.541748 1789.520996 1296.541748 250.348831 -612.346741 -253.049591 615.087524 1312.399048 1334.983154 631.363647 -276.174408 -836.416138 34.288910 656.353088 846.803955 451.688812 -189.558228 -652.328430 -785.634521 73.040726 273.549683 144.518555 -267.569702 -603.309753 -635.479614 -468.546631,

Auto-correlations of the modulus of each oriented sub-band
 78.930519 88.275429 97.359818 101.439056 98.240219 89.580742 79.888054 95.977509 110.539192 124.000389 129.690384 124.583321 111.481819 96.837524 112.682266 132.438812 150.333588 157.637527 150.418884 132.622040 112.857224 119.858734 142.073471 162.257126 170.562561 162.257126 142.073471 119.858734 112.857224 132.622040 150.418884 157.637527 150.333588 132.438812 112.682266 96.837524 111.481819 124.583321 129.690384 124.000389 110.539192 95.977509 79.888054 89.580742 98.240219 101.439056 97.359818 88.275429 78.930519,
 109.963379 113.571983 113.172974 107.537567 97.218842 84.585167 72.332367 114.068245 128.381409 137.396454 136.028152 123.746315 104.808205 84.942345 114.322800 138.355057 157.298233 161.689270 148.653793 124.556168 98.277786 108.967331 137.397522 162.308243 172.709274 162.308243 137.397522 108.967331 98.277786 124.556168 148.653793 161.689270 157.298233 138.355057 114.322800 84.942345 104.808205 123.746315 136.028152 137.396454 128.381409 114.068245 72.332367 84.585167 97.218842 107.537567 113.172974 113.571983 109.963379,
 74.446022 89.446548 105.275772 112.184692 104.040695 86.891022 70.450157 79.993980 99.909683 120.998810 130.629791 120.325027 98.350113 77.165596 85.216270 109.611824 135.441116 147.655487 135.168808 108.880836 83.712593 86.914101 113.392174 141.312317 154.747955 141.312317 113.392174 86.914101 83.712593 108.880836 135.168808 147.655487 135.441116 109.611824 85.216270 77.165596 98.350113 120.325027 130.629791 120.998810 99.909683 79.993980 70.450157 86.891022 104.040695 112.184692 105.275772 89.446548 74.446022,
 77.519646 86.820908 96.440826 104.242676 108.213989 107.817490 104.024300 88.084885 104.700531 120.807411 131.154816 131.645203 122.621613 108.900482 98.757286 122.124634 144.000793 155.895706 151.361084 133.113647 110.482979 107.008148 133.216125 156.671692 166.626404 156.671692 133.216125 107.008148 110.482979 133.113647 151.361084 155.895706 144.000793 122.124634 98.757286 108.900482 122.621613 131.645203 131.154816 120.807411 104.700531 88.084885 104.024300 107.817490 108.213989 104.242676 96.440826 86.820908 77.519646,
 214.039124 216.724380 218.537201 219.920166 220.217682 218.735580 215.278564 247.914062 264.408936 280.399628 290.954468 291.470734 281.641418 264.938965 301.486115 341.144012 377.794403 397.721558 391.139069 361.931793 322.728119 340.428467 392.985168 438.285492 457.161133 438.285492 392.985168 340.428467 322.728119 361.931793 391.139069 397.721558 377.794403 341.144012 301.486115 264.938965 281.641418 291.470734 290.954468 280.399628 264.408936 247.914062 215.278564 218.735580 220.217682 219.920166 218.537201 216.724380 214.039124,
 304.952118 341.224854 327.195892 276.973633 221.654633 186.666748 177.491791 317.177704 390.590973 414.286682 374.279114 298.482056 228.340607 189.459930 297.743164 397.928345 470.881592 467.801331 390.750854 291.381714 216.297913 257.316528 357.997101 461.764038 509.077515 461.764038 357.997101 257.316528 216.297913 291.381714 390.750854 467.801331 470.881592 397.928345 297.743164 189.459930 228.340607 298.482056 374.279114 414.286682 390.590973 317.177704 177.491791 186.666748 221.654633 276.973633 327.195892 341.224854 304.952118,
 248.467789 299.315552 352.471771 377.765991 349.301056 293.020752 251.422226 260.902435 324.624207 399.501801 436.388428 394.757233 316.501648 260.296417 267.995178 341.954865 436.946930 486.103577 433.473846 336.485077 266.950500 269.894806 346.435547 450.611420 506.791748 450.611420 346.435547 269.894806 266.950500 336.485077 433.473846 486.103577 436.946930 341.954865 267.995178 260.296417 316.501648 394.757233 436.388428 399.501801 324.624207 260.902435 251.422226 293.020752 349.301056 377.765991 352.471771 299.315552 248.467789,
 243.270691 249.382614 267.560638 298.694336 327.222260 333.529602 315.389465 253.230255 277.833954 321.797974 372.414124 398.809082 383.484161 341.051483 278.610931 328.523987 397.582031 453.979736 455.996216 405.190002 340.252899 313.905304 382.001953 456.879700 492.522644 456.879700 382.001953 313.905304 340.252899 405.190002 455.996216 453.979736 397.582031 328.523987 278.610931 341.051483 383.484161 398.809082 372.414124 321.797974 277.833954 253.230255 315.389465 333.529602 327.222260 298.694336 267.560638 249.382614 243.270691,
 125.116989 154.466599 169.019775 172.621948 172.262726 171.667526 169.172623 175.732056 220.126892 247.957458 250.808823 231.939453 205.296997 182.948883 222.141068 293.742950 353.855743 371.512329 335.675018 272.061493 213.392746 239.928162 325.204529 409.935791 447.905640 409.935791 325.204529 239.928162 213.392746 272.061493 335.675018 371.512329 353.855743 293.742950 222.141068 182.948883 205.296997 231.939453 250.808823 247.957458 220.126892 175.732056 169.172623 171.667526 172.262726 172.621948 169.019775 154.466599 125.116989,
 101.961266 151.566177 178.353317 175.550079 154.428116 137.410751 129.704391 128.465668 208.099380 263.500305 259.962036 207.911850 156.072128 128.812927 144.860916 248.940277 346.807953 367.749146 292.982452 195.896393 132.644699 142.573517 241.968735 363.422913 425.459991 363.422913 241.968735 142.573517 132.644699 195.896393 292.982452 367.749146 346.807953 248.940277 144.860916 128.812927 156.072128 207.911850 259.962036 263.500305 208.099380 128.465668 129.704391 137.410751 154.428116 175.550079 178.353317 151.566177 101.961266,
 119.815941 156.223724 196.759735 226.195129 223.208588 206.074615 190.791901 149.968918 198.606018 260.369324 300.174683 270.933472 219.969543 190.258591 170.396622 230.693146 322.150452 380.569397 322.808411 235.271454 187.033768 181.422348 242.473328 347.971558 418.385681 347.971558 242.473328 181.422348 187.033768 235.271454 322.808411 380.569397 322.150452 230.693146 170.396622 190.258591 219.969543 270.933472 300.174683 260.369324 198.606018 149.968918 190.791901 206.074615 223.208588 226.195129 196.759735 156.223724 119.815941,
 125.369644 153.363861 189.664703 232.569321 253.212921 233.095856 195.610245 172.800232 210.931732 270.885132 333.931152 344.620361 291.538330 229.005280 211.232483 270.472717 365.993652 445.458710 425.965820 331.051208 248.208344 239.939102 321.379456 437.412018 500.760315 437.412018 321.379456 239.939102 248.208344 331.051208 425.965820 445.458710 365.993652 270.472717 211.232483 229.005280 291.538330 344.620361 333.931152 270.885132 210.931732 172.800232 195.610245 233.095856 253.212921 232.569321 189.664703 153.363861 125.369644,
 -6.622864 1.650578 8.257013 13.490950 19.434980 24.733591 25.049976 2.660911 12.378277 19.353809 25.356995 29.603168 28.359489 21.035080 11.347713 24.002428 39.623207 50.551102 46.925697 32.195076 18.293606 16.299301 32.799583 57.431328 70.906799 57.431328 32.799583 16.299301 18.293606 32.195076 46.925697 50.551102 39.623207 24.002428 11.347713 21.035080 28.359489 29.603168 25.356995 19.353809 12.378277 2.660911 25.049976 24.733591 19.434980 13.490950 8.257013 1.650578 -6.622864,
 -2.155770 5.679502 13.388367 19.728371 28.052696 33.017002 31.662224 17.626556 32.816700 46.035595 45.805443 40.503048 36.347233 28.600769 26.560555 52.109947 81.621391 85.415787 62.319801 43.092201 27.254078 27.346275 50.913658 85.463829 110.358574 85.463829 50.913658 27.346275 27.254078 43.092201 62.319801 85.415787 81.621391 52.109947 26.560555 28.600769 36.347233 40.503048 45.805443 46.035595 32.816700 17.626556 31.662224 33.017002 28.052696 19.728371 13.388367 5.679502 -2.155770,
 -30.269917 22.062019 74.303406 122.276825 156.392365 161.841492 131.017181 -6.788025 54.680092 121.451897 181.793579 206.961487 184.612244 124.856781 29.201118 103.203003 185.369278 247.540207 244.655136 185.621582 104.248589 69.881073 154.518402 238.041901 278.860260 238.041901 154.518402 69.881073 104.248589 185.621582 244.655136 247.540207 185.369278 103.203003 29.201118 124.856781 184.612244 206.961487 181.793579 121.451897 54.680092 -6.788025 131.017181 161.841492 156.392365 122.276825 74.303406 22.062019 -30.269917,
 -13.440716 20.839737 59.024956 94.980637 107.712669 92.571121 64.281433 13.277946 53.217728 98.883163 137.519562 139.302658 107.937378 71.798500 41.568638 85.404495 140.217407 181.241486 165.992340 115.744614 72.830887 63.115444 108.552605 168.127029 201.915131 168.127029 108.552605 63.115444 72.830887 115.744614 165.992340 181.241486 140.217407 85.404495 41.568638 71.798500 107.937378 139.302658 137.519562 98.883163 53.217728 13.277946 64.281433 92.571121 107.712669 94.980637 59.024956 20.839737 -13.440716,

Pairwise cross-correlations of the modulus of all oriented sub-bands at the same scale (size QxQ)
 170.562622 119.486946 70.800476 115.440300,
 119.486946 172.709305 113.315659 75.678528,
 70.800476 113.315659 154.747971 111.104820,
 115.440300 75.678528 111.104820 166.626404,
 457.161163 381.260071 343.751007 392.197571,
 381.260071 509.077637 413.165924 363.095367,
 343.751007 413.165924 506.791748 409.124176,
 392.197571 363.095367 409.124176 492.522675,
 447.905701 324.898438 294.315735 370.418182,
 324.898438 425.460022 304.230560 276.915070,
 294.315735 304.230560 418.385712 349.292236,
 370.418182 276.915070 349.292236 500.760376,
 70.906799 36.828270 73.643387 79.570717,
 36.828270 110.358574 116.781189 64.709900,
 73.643387 116.781189 278.860260 173.741211,
 79.570717 64.709900 173.741211 201.915161,

Cross-correlations of the modulus of all oriented sub-bands with all oriented sub-bands at the coarser scale (size QxQ)
 239.492508 204.869827 174.111359 205.655579,
 199.455566 254.374359 213.031021 177.492828,
 158.403076 204.815735 239.325241 201.673950,
 203.167297 174.946564 210.088120 248.369141,
 336.486542 304.327026 308.487152 343.641144,
 325.898499 306.141083 320.395752 333.839233,
 297.751617 296.936584 338.249542 332.047485,
 322.971405 295.284882 342.657959 364.808044,
 107.644043 86.659851 197.780960 177.538925,
 71.086678 106.320427 162.190475 130.471924,
 86.027603 87.667953 202.647690 164.800735,
 98.086876 78.127472 192.728928 187.681198,

Cross-correlations of the real part of each oriented sub-band with both the real and imaginary part of all phase-doubled oriented sub-bands at the next coarser scale (Q matrices of size 1x2Q, which are computed and stored in a matrix of size Qx2Q)
 98.682297 46.117027 4.312781 40.630665 2.360238 0.508069 0.306508 0.050977,
 47.517456 108.030159 45.484039 3.836714 1.535531 0.789486 2.446434 -0.140336,
 4.510192 46.502708 95.118477 41.517113 -0.990807 1.630987 5.420277 1.103699,
 40.372231 3.425878 40.326706 93.032089 -1.531539 0.714816 2.299315 0.789778,
 -101.331879 -50.219383 -8.496012 -46.127224 -9.748013 -8.927427 -0.568830 11.512774,
 -51.470688 -103.931953 -24.175104 -4.214476 -4.150521 -0.467515 -0.473229 -1.419551,
 -9.161588 -35.787182 -79.074867 -56.143028 -2.178620 7.761684 -9.034275 -0.213588,
 -48.126396 -2.975578 -59.246017 -120.122643 -13.491302 -1.357720 -7.200391 14.011504,
 -40.898903 -11.820979 -2.689012 -24.701286 -26.542585 1.402167 1.907264 7.617231,
 -17.197922 3.942076 -28.744743 -4.427973 -14.591246 -5.101841 -8.474709 0.576676,
 -1.366955 5.550827 -104.681053 -49.750099 -0.737669 -10.671307 -27.370687 -6.298759,
 -19.339294 -3.788911 -58.146877 -86.148178 -11.767025 -1.614415 -8.862042 3.053152,
