Low-band skewness and kurtosis
 -2.093579 5.726151,
 -2.169050 6.552539,
 -1.525168 4.413597,
 -1.197943 3.823542,
 -0.976498 2.829474,

High-band variance
 160.708862,

Skewness, kurtosis, variance, mean, maximum and minimum of the reconstructed texture
 -2.078810 5.468939 6963.641113 219.956055 255.000000 0.000000,

Auto-correlations of the low-frequency bands at each scale
 2558.029541 3107.312500 3506.715820 3656.897949 3499.292969 3087.851562 2524.732666 3166.733398 3945.205566 4612.658691 4887.900391 4586.770020 3899.032715 3111.448242 3601.430664 4660.765625 5706.217285 6173.827637 5687.721191 4628.791016 3565.532227 3753.404785 4953.384766 6195.978516 6768.750977 6195.978516 4953.384766 3753.404785 3565.532227 4628.791016 5687.721191 6173.827637 5706.217285 4660.765625 3601.430664 3111.448242 3899.032715 4586.770020 4887.900391 4612.658691 3945.205566 3166.733398 2524.732666 3087.851562 3499.292969 3656.897949 3506.715820 3107.312500 2558.029541,
 934.494934 938.642212 1020.845398 1168.270264 1227.414673 1194.920044 1152.580322 1078.778442 1467.371948 2203.356201 2634.861816 2243.634521 1495.228882 1110.036011 1239.752563 2322.010010 4085.295654 4999.374023 4046.972900 2258.216553 1205.887817 1311.194336 2743.302734 5041.067383 6232.768555 5041.067383 2743.302734 1311.194336 1205.887817 2258.216553 4046.972900 4999.374023 4085.295654 2322.010010 1239.752563 1110.036011 1495.228882 2243.634521 2634.861816 2203.356201 1467.371948 1078.778442 1152.580322 1194.920044 1227.414673 1168.270264 1020.845398 938.642212 934.494934,
 554.065735 583.499268 623.258667 817.167114 992.492798 973.352539 812.173157 418.996521 339.109314 647.191345 1071.508667 1007.487122 717.275818 640.836975 732.345642 825.838928 1998.072876 2908.657227 2129.243652 922.010925 712.021179 912.502563 1224.763306 2983.311035 4191.119141 2983.311035 1224.763306 912.502563 712.021179 922.010925 2129.243652 2908.657227 1998.072876 825.838928 732.345642 640.836975 717.275818 1007.487122 1071.508667 647.191345 339.109314 418.996521 812.173157 973.352539 992.492798 817.167114 623.258667 583.499268 554.065735,
 414.955200 615.094177 759.358459 866.468079 695.251526 411.193298 267.503540 448.136505 536.821777 678.679749 881.230347 722.102844 492.955078 469.871185 372.569763 569.649292 1070.563232 1546.217651 1255.906250 797.997681 651.724670 541.079651 841.764160 1550.927612 2070.943359 1550.927612 841.764160 541.079651 651.724670 797.997681 1255.906250 1546.217651 1070.563232 569.649292 372.569763 469.871185 492.955078 722.102844 881.230347 678.679749 536.821777 448.136505 267.503540 411.193298 695.251526 866.468079 759.358459 615.094177 414.955200,
 -557.081482 -222.138458 161.807083 361.423248 194.993942 -168.618652 -523.554138 -478.570984 -62.027946 413.776428 669.488403 475.298096 22.889986 -432.573364 -418.168091 126.931946 737.596619 1056.458496 791.225159 193.247223 -386.819092 -379.651306 250.110260 932.266846 1261.843262 932.266846 250.110260 -379.651306 -386.819092 193.247223 791.225159 1056.458496 737.596619 126.931946 -418.168091 -432.573364 22.889986 475.298096 669.488403 413.776428 -62.027946 -478.570984 -523.554138 -168.618652 194.993942 361.423248 161.807083 -222.138458 -557.081482,

Auto-correlations of the modulus of each oriented sub-band
 68.700409 76.546959 84.351761 87.927460 85.362122 78.544151 71.528961 88.996834 101.894890 114.049515 119.434830 115.305328 104.329079 92.351555 109.560974 127.702652 144.381287 151.496887 145.274139 129.411057 111.862900 119.496513 139.988327 158.742889 166.520691 158.742889 139.988327 119.496513 111.862900 129.411057 145.274139 151.496887 144.381287 127.702652 109.560974 92.351555 104.329079 115.305328 119.434830 114.049515 101.894890 88.996834 71.528961 78.544151 85.362122 87.927460 84.351761 76.546959 68.700409,
 103.721130 108.298660 108.230850 102.476746 92.203995 79.788834 67.533051 108.821579 125.297958 135.704391 134.040466 120.507278 100.456863 79.989380 109.225594 136.182281 157.832291 162.628342 147.568283 120.894684 92.856590 103.501099 134.671417 162.824066 174.831009 162.824066 134.671417 103.501099 92.856590 120.894684 147.568283 162.628342 157.832291 136.182281 109.225594 79.989380 100.456863 120.507278 134.040466 135.704391 125.297958 108.821579 67.533051 79.788834 92.203995 102.476746 108.230850 108.298660 103.721130,
 79.797737 100.141365 120.115723 129.233551 120.726639 100.444466 79.461357 87.404167 113.397705 139.001511 150.591766 139.232742 113.393539 87.220314 94.898041 125.769806 156.412460 170.423981 156.452957 125.688873 94.856339 98.042984 130.812042 163.556824 178.655762 163.556824 130.812042 98.042984 94.856339 125.688873 156.452957 170.423981 156.412460 125.769806 94.898041 87.220314 113.393539 139.232742 150.591766 139.001511 113.397705 87.404167 79.461357 100.444466 120.726639 129.233551 120.115723 100.141365 79.797737,
 69.462494 83.217003 97.401588 109.113403 115.506248 115.437859 110.326508 83.092796 104.698883 125.416298 139.225235 141.032013 130.873856 114.501823 96.994026 125.493576 151.771912 166.376526 161.786560 140.906296 114.325462 108.233788 139.254608 166.504944 178.003738 166.504944 139.254608 108.233788 114.325462 140.906296 161.786560 166.376526 151.771912 125.493576 96.994026 114.501823 130.873856 141.032013 139.225235 125.416298 104.698883 83.092796 110.326508 115.437859 115.506248 109.113403 97.401588 83.217003 69.462494,
 144.102814 158.814835 170.180588 176.622803 176.751572 171.142624 161.861725 208.273819 237.624115 260.490784 270.729370 264.696960 245.636017 220.200058 290.008575 342.568359 384.706512 402.235413 387.123566 346.754150 295.909332 332.039520 397.626099 451.431396 473.273376 451.431396 397.626099 332.039520 295.909332 346.754150 387.123566 402.235413 384.706512 342.568359 290.008575 220.200058 245.636017 264.696960 270.729370 260.490784 237.624115 208.273819 161.861725 171.142624 176.751572 176.622803 170.180588 158.814835 144.102814,
 274.148315 308.324219 298.997040 253.262085 196.165359 151.237976 127.933250 292.576599 359.161560 381.558044 344.363342 269.303833 193.942703 143.515991 276.351715 372.292511 441.440674 438.298065 362.472412 261.814911 180.062347 231.074829 332.833557 434.936096 481.034058 434.936096 332.833557 231.074829 180.062347 261.814911 362.472412 438.298065 441.440674 372.292511 276.351715 143.515991 193.942703 269.303833 344.363342 381.558044 359.161560 292.576599 127.933250 151.237976 196.165359 253.262085 298.997040 308.324219 274.148315,
 178.941483 246.704117 324.331757 363.974426 328.777740 248.217422 176.523300 178.925385 261.983337 363.188721 416.255127 368.366943 264.873596 178.779633 179.287048 276.196350 398.616455 463.287689 402.291748 278.572083 179.986816 179.957275 283.232544 415.077881 483.485962 415.077881 283.232544 179.957275 179.986816 278.572083 402.291748 463.287689 398.616455 276.196350 179.287048 178.779633 264.873596 368.366943 416.255127 363.188721 261.983337 178.925385 176.523300 248.217422 328.777740 363.974426 324.331757 246.704117 178.941483,
 170.465469 204.779175 249.966278 299.719543 335.757660 339.342957 306.057556 191.406601 249.364151 325.402283 396.879211 429.403320 404.964722 337.064941 229.594574 318.406250 421.794037 496.622864 498.239166 427.276489 326.394318 281.636871 390.356812 495.507050 541.851379 495.507050 390.356812 281.636871 326.394318 427.276489 498.239166 496.622864 421.794037 318.406250 229.594574 337.064941 404.964722 429.403320 396.879211 325.402283 249.364151 191.406601 306.057556 339.342957 335.757660 299.719543 249.966278 204.779175 170.465469,
 107.272621 126.251709 139.735519 144.152420 140.470078 131.934692 120.131187 134.411896 173.723267 205.975586 216.453476 201.318970 171.022491 139.504303 175.181564 256.337280 335.921875 368.677917 333.515686 258.062988 183.914810 206.876953 310.428955 418.329407 467.998169 418.329407 310.428955 206.876953 183.914810 258.062988 333.515686 368.677917 335.921875 256.337280 175.181564 139.504303 171.022491 201.318970 216.453476 205.975586 173.723267 134.411896 120.131187 131.934692 140.470078 144.152420 139.735519 126.251709 107.272621,
 100.557968 156.164154 187.999573 172.551971 138.928894 115.536285 100.812500 126.058479 204.295868 269.177490 258.826447 194.927933 140.961456 109.049187 159.911743 258.016205 369.723450 391.951263 301.821045 201.254120 139.309723 165.269165 257.193054 389.117065 464.187317 389.117065 257.193054 165.269165 139.309723 201.254120 301.821045 391.951263 369.723450 258.016205 159.911743 109.049187 140.961456 194.927933 258.826447 269.177490 204.295868 126.058479 100.812500 115.536285 138.928894 172.551971 187.999573 156.164154 100.557968,
 175.690308 224.704819 292.766693 317.211426 271.854034 204.229446 155.446686 191.976929 259.213928 366.561798 418.357971 351.397675 246.723846 181.562500 209.102127 292.986328 437.054810 517.059814 428.796936 287.114197 204.681870 215.217270 305.678345 464.725464 560.301025 464.725464 305.678345 215.217270 204.681870 287.114197 428.796936 517.059814 437.054810 292.986328 209.102127 181.562500 246.723846 351.397675 418.357971 366.561798 259.213928 191.976929 155.446686 204.229446 271.854034 317.211426 292.766693 224.704819 175.690308,
 121.517120 126.812012 145.476837 164.032089 164.719147 142.096497 113.195923 133.242432 143.321014 185.716095 242.451416 254.209442 205.054962 147.332581 143.350494 183.554779 281.394409 376.331573 360.100098 254.599274 166.322815 158.130112 238.810577 374.154785 452.929718 374.154785 238.810577 158.130112 166.322815 254.599274 360.100098 376.331573 281.394409 183.554779 143.350494 147.332581 205.054962 254.209442 242.451416 185.716095 143.321014 133.242432 113.195923 142.096497 164.719147 164.032089 145.476837 126.812012 121.517120,
 7.011085 21.330732 29.781612 28.927176 24.658520 24.747446 29.114960 17.221260 34.276978 47.819405 46.981628 33.929787 21.879250 18.175903 26.376232 56.034775 88.193993 98.975342 79.016838 46.436859 22.430069 30.018667 66.965973 111.575974 132.998108 111.575974 66.965973 30.018667 22.430069 46.436859 79.016838 98.975342 88.193993 56.034775 26.376232 18.175903 21.879250 33.929787 46.981628 47.819405 34.276978 17.221260 29.114960 24.747446 24.658520 28.927176 29.781612 21.330732 7.011085,
 -6.778779 12.454330 25.316311 28.756031 27.882061 21.910351 9.399067 9.459267 41.910309 61.785728 50.929226 32.100899 22.463667 11.068344 16.368389 59.918182 109.016022 108.464676 63.682068 28.686165 14.743189 16.122271 47.183136 107.992432 144.493378 107.992432 47.183136 16.122271 14.743189 28.686165 63.682068 108.464676 109.016022 59.918182 16.368389 11.068344 22.463667 32.100899 50.929226 61.785728 41.910309 9.459267 9.399067 21.910351 27.882061 28.756031 25.316311 12.454330 -6.778779,
 -0.603072 15.788247 36.752289 53.146053 47.970688 24.151741 6.392446 18.647118 39.614075 69.949371 92.294373 75.311310 38.006638 17.589314 35.697308 63.895348 109.845001 140.667908 110.447815 59.031181 32.306828 41.092388 72.414490 128.666565 165.016418 128.666565 72.414490 41.092388 32.306828 59.031181 110.447815 140.667908 109.845001 63.895348 35.697308 17.589314 38.006638 75.311310 92.294373 69.949371 39.614075 18.647118 6.392446 24.151741 47.970688 53.146053 36.752289 15.788247 -0.603072,
 -7.288985 9.080236 10.148214 5.582086 7.798942 7.035528 6.000574 0.606564 7.779788 9.498631 19.302155 25.521065 14.776505 5.236959 12.370992 18.063934 35.660034 62.773212 59.442039 30.130356 11.643172 16.734867 31.161732 66.374825 91.757568 66.374825 31.161732 16.734867 11.643172 30.130356 59.442039 62.773212 35.660034 18.063934 12.370992 5.236959 14.776505 25.521065 19.302155 9.498631 7.779788 0.606564 6.000574 7.035528 7.798942 5.582086 10.148214 9.080236 -7.288985,

Pairwise cross-correlations of the modulus of all oriented sub-bands at the same scale (size QxQ)
 166.520706 112.791328 68.636612 114.985031,
 112.791328 174.830994 116.840988 70.609833,
 68.636612 116.840988 178.655823 121.306076,
 114.985031 70.609833 121.306076 178.003723,
 473.273376 364.972687 311.931732 395.932007,
 364.972687 481.034088 379.149414 352.818085,
 311.931732 379.149414 483.486084 401.023071,
 395.932007 352.818085 401.023071 541.851379,
 467.998230 330.900391 314.959869 324.697418,
 330.900391 464.187347 354.750916 255.873077,
 314.959869 354.750916 560.301086 393.824646,
 324.697418 255.873077 393.824646 452.929749,
 132.998108 85.057541 48.163662 72.156181,
 85.057541 144.493362 109.296280 52.192146,
 48.163662 109.296280 165.016449 53.085381,
 72.156181 52.192146 53.085381 91.757568,

Cross-correlations of the modulus of all oriented sub-bands with all oriented sub-bands at the coarser scale (size QxQ)
 238.134583 195.562927 157.644806 216.058411,
 195.228088 246.465332 204.522736 180.018356,
 155.715256 203.707077 251.358109 218.543243,
 201.833282 166.681122 207.308395 269.493011,
 340.278748 302.638031 305.049225 297.858795,
 306.333374 334.270569 363.121155 291.662292,
 296.418823 317.502075 385.520630 325.134003,
 334.296478 302.910797 360.645905 353.092499,
 114.612061 115.887650 109.605606 97.884323,
 121.790085 162.396866 155.118164 100.584007,
 80.585457 124.428665 169.028320 89.084518,
 99.850388 93.190758 123.960236 103.584747,

Cross-correlations of the real part of each oriented sub-band with both the real and imaginary part of all phase-doubled oriented sub-bands at the next coarser scale (Q matrices of size 1x2Q, which are computed and stored in a matrix of size Qx2Q)
 106.623093 51.232674 6.029105 51.076786 -1.034613 -1.766241 0.663829 -2.379326,
 48.901661 115.246506 48.699863 4.371540 -1.504920 -0.425410 4.443700 -0.072638,
 5.656924 50.782074 115.565529 55.191071 -0.423010 4.043079 3.882653 0.523537,
 47.994846 5.342340 56.137455 124.214752 -0.034618 0.738042 -0.115423 -2.239923,
 -175.450623 -89.183678 -8.870429 -84.585228 -0.776947 -29.539862 1.214846 -7.445464,
 -87.104790 -177.210846 -88.555336 -9.610286 -19.815624 -24.291708 -0.437164 -2.265004,
 -10.711604 -81.761642 -199.094650 -83.721756 -5.091221 2.578044 -14.528753 -7.313492,
 -78.230598 -15.672130 -88.534775 -184.663742 4.984427 -2.688551 -5.028066 -11.063046,
 -49.953342 -20.870174 -0.734307 -29.615921 36.398693 0.856008 -1.444194 -0.424757,
 -6.041294 -54.582844 -51.027885 -7.267485 15.666804 -4.238587 2.579968 -7.092502,
 -0.934403 -29.315144 -147.874268 -55.947433 1.588717 3.355264 -4.262478 -21.926472,
 -34.678383 -1.148533 -64.047371 -87.553314 15.202278 4.153471 -8.127508 -6.204192,
