Low-band skewness and kurtosis
 -2.205473 6.224083,
 -2.275271 7.054769,
 -1.653782 5.026986,
 -1.253034 4.067024,
 -1.309662 4.112901,

High-band variance
 151.623566,

Skewness, kurtosis, variance, mean, maximum and minimum of the reconstructed texture
 -2.192959 5.962717 6601.555176 222.185730 255.000000 0.000000,

Auto-correlations of the low-frequency bands at each scale
 2243.507812 2840.190918 3263.608154 3438.772461 3327.305908 2968.822754 2451.850586 2861.873047 3661.617676 4336.274414 4638.829102 4402.225586 3782.993652 3042.333984 3340.811279 4379.964355 5391.104980 5859.358398 5434.180176 4453.082520 3441.021240 3555.901367 4707.715820 5880.769531 6417.472656 5880.769531 4707.715820 3555.901367 3441.021240 4453.082520 5434.180176 5859.358398 5391.104980 4379.964355 3340.811279 3042.333984 3782.993652 4402.225586 4638.829102 4336.274414 3661.617676 2861.873047 2451.850586 2968.822754 3327.305908 3438.772461 3263.608154 2840.190918 2243.507812,
 729.603577 752.326477 835.095154 878.260376 799.510071 742.786560 829.961609 590.929810 1124.523438 1968.510620 2430.029785 2061.350830 1367.333496 1036.902588 775.750000 1982.379150 3789.500244 4741.919434 3911.336670 2247.155518 1194.444946 1096.867432 2579.997070 4792.112305 5916.381836 4792.112305 2579.997070 1096.867432 1194.444946 2247.155518 3911.336670 4741.919434 3789.500244 1982.379150 775.750000 1036.902588 1367.333496 2061.350830 2430.029785 1968.510620 1124.523438 590.929810 829.961609 742.786560 799.510071 878.260376 835.095154 752.326477 729.603577,
 1188.683838 1146.702393 745.577332 392.025879 348.569275 491.270813 602.520447 908.076721 648.981628 599.076965 689.311279 571.901550 540.315491 799.884949 492.965332 514.186646 1675.444580 2629.173584 1946.153564 927.223633 907.502930 618.006714 915.639893 2729.696045 3986.654785 2729.696045 915.639893 618.006714 907.502930 927.223633 1946.153564 2629.173584 1675.444580 514.186646 492.965332 799.884949 540.315491 571.901550 689.311279 599.076965 648.981628 908.076721 602.520447 491.270813 348.569275 392.025879 745.577332 1146.702393 1188.683838,
 200.972305 428.063049 499.611053 506.371338 545.169617 534.602295 411.437866 303.469177 528.387390 653.367798 622.838257 562.328857 559.872131 468.818298 456.069733 739.164429 1117.698853 1269.934937 1035.433716 787.565308 597.109985 619.740967 933.145691 1430.935425 1746.392822 1430.935425 933.145691 619.740967 597.109985 787.565308 1035.433716 1269.934937 1117.698853 739.164429 456.069733 468.818298 559.872131 562.328857 622.838257 653.367798 528.387390 303.469177 411.437866 534.602295 545.169617 506.371338 499.611053 428.063049 200.972305,
 -514.236877 -319.153839 -60.676094 103.385529 45.349556 -191.531433 -438.812805 -436.919891 -188.240753 171.427612 413.299927 332.466919 -0.438202 -332.084076 -221.312897 116.590324 611.538025 909.706665 729.584045 249.873749 -151.432953 -72.112106 338.503418 902.301147 1184.217407 902.301147 338.503418 -72.112106 -151.432953 249.873749 729.584045 909.706665 611.538025 116.590324 -221.312897 -332.084076 -0.438202 332.466919 413.299927 171.427612 -188.240753 -436.919891 -438.812805 -191.531433 45.349556 103.385529 -60.676094 -319.153839 -514.236877,

Auto-correlations of the modulus of each oriented sub-band
 61.234734 69.525917 77.466789 81.317825 79.393257 73.317162 66.775642 80.677147 93.491684 105.380219 110.843216 107.397980 97.403793 86.225838 100.001839 117.397675 133.257080 140.112289 134.543915 119.912247 103.515617 109.615768 128.926834 146.430389 153.632080 146.430389 128.926834 109.615768 103.515617 119.912247 134.543915 140.112289 133.257080 117.397675 100.001839 86.225838 97.403793 107.397980 110.843216 105.380219 93.491684 80.677147 66.775642 73.317162 79.393257 81.317825 77.466789 69.525917 61.234734,
 106.218285 111.011017 111.554039 106.494476 96.103279 82.294373 67.728035 109.359871 125.143867 135.690018 135.686432 124.094597 104.663963 83.012794 109.872833 135.237885 155.461014 161.074219 148.761612 124.400299 96.689133 106.003265 135.651123 161.120453 171.676208 161.120453 135.651123 106.003265 96.689133 124.400299 148.761612 161.074219 155.461014 135.237885 109.872833 83.012794 104.663963 124.094597 135.686432 135.690018 125.143867 109.359871 67.728035 82.294373 96.103279 106.494476 111.554039 111.011017 106.218285,
 66.725609 86.691528 106.190628 114.943596 107.258698 88.256516 67.696617 75.493935 100.712578 125.384369 136.575211 126.418640 102.249260 76.627525 83.792076 113.544807 142.642319 155.951828 143.304489 114.522057 84.564430 87.492569 119.110497 149.886261 163.879837 149.886261 119.110497 87.492569 84.564430 114.522057 143.304489 155.951828 142.642319 113.544807 83.792076 76.627525 102.249260 126.418640 136.575211 125.384369 100.712578 75.493935 67.696617 88.256516 107.258698 114.943596 106.190628 86.691528 66.725609,
 61.467682 76.031960 89.460266 99.190659 103.620514 102.793907 98.178116 76.923615 98.570999 117.978416 129.559052 129.604980 119.196396 103.891022 91.010750 118.437775 142.776855 155.309799 149.946533 130.053986 105.375053 101.075043 130.123993 155.341782 165.879303 155.341782 130.123993 101.075043 105.375053 130.053986 149.946533 155.309799 142.776855 118.437775 91.010750 103.891022 119.196396 129.604980 129.559052 117.978416 98.570999 76.923615 98.178116 102.793907 103.620514 99.190659 89.460266 76.031960 61.467682,
 120.796562 128.178329 134.794495 138.799744 139.016296 136.627365 133.660767 180.512756 207.259445 230.066910 242.079010 239.599655 226.079453 208.297363 254.441437 304.421295 347.354340 367.339203 355.723541 320.793182 278.249115 299.174194 358.305634 409.323669 430.806763 409.323669 358.305634 299.174194 278.249115 320.793182 355.723541 367.339203 347.354340 304.421295 254.441437 208.297363 226.079453 239.599655 242.079010 230.066910 207.259445 180.512756 133.660767 136.627365 139.016296 138.799744 134.794495 128.178329 120.796562,
 263.327942 285.400818 265.063934 213.176620 158.427887 122.472725 108.555984 280.961548 339.683289 357.872009 318.163086 243.982834 175.323318 134.991043 267.483795 355.094177 422.335114 420.197510 345.641205 249.673035 177.495972 227.630798 320.416473 419.192993 465.409271 419.192993 320.416473 227.630798 177.495972 249.673035 345.641205 420.197510 422.335114 355.094177 267.483795 134.991043 175.323318 243.982834 318.163086 357.872009 339.683289 280.961548 108.555984 122.472725 158.427887 213.176620 265.063934 285.400818 263.327942,
 165.438171 220.833878 285.938416 317.306000 285.025635 210.945236 144.513428 174.671921 247.525818 335.769745 378.162048 333.008759 237.605652 157.106003 179.061798 266.995483 377.307739 431.806183 374.708801 260.433105 168.770905 176.977875 272.014465 393.116516 454.689667 393.116516 272.014465 176.977875 168.770905 260.433105 374.708801 431.806183 377.307739 266.995483 179.061798 157.106003 237.605652 333.008759 378.162048 335.769745 247.525818 174.671921 144.513428 210.945236 285.025635 317.306000 285.938416 220.833878 165.438171,
 95.523758 121.819504 165.008316 216.742035 258.249084 270.022888 247.132553 125.753433 179.025879 251.659790 320.848572 353.614258 334.146851 278.353577 177.722229 258.424042 353.131042 421.711578 422.365295 359.516144 274.257019 235.173401 330.106689 423.628540 465.634949 423.628540 330.106689 235.173401 274.257019 359.516144 422.365295 421.711578 353.131042 258.424042 177.722229 278.353577 334.146851 353.614258 320.848572 251.659790 179.025879 125.753433 247.132553 270.022888 258.249084 216.742035 165.008316 121.819504 95.523758,
 92.219933 95.640167 93.897400 91.390259 89.365936 89.575150 92.636330 116.156761 145.742920 173.367462 190.867096 192.216827 181.967224 169.590805 197.318558 273.882599 350.575470 391.026825 373.588043 316.300568 253.949875 275.569092 376.685791 478.500458 524.484192 478.500458 376.685791 275.569092 253.949875 316.300568 373.588043 391.026825 350.575470 273.882599 197.318558 169.590805 181.967224 192.216827 190.867096 173.367462 145.742920 116.156761 92.636330 89.575150 89.365936 91.390259 93.897400 95.640167 92.219933,
 249.221710 265.652100 257.406067 216.677399 177.817673 170.344055 178.387787 297.450531 368.249023 403.898895 352.182068 255.857269 197.732056 191.572266 297.404175 412.772369 529.261597 526.771973 396.377533 266.477875 214.154434 256.540527 362.242554 526.107910 615.341797 526.107910 362.242554 256.540527 214.154434 266.477875 396.377533 526.771973 529.261597 412.772369 297.404175 191.572266 197.732056 255.857269 352.182068 403.898895 368.249023 297.450531 178.387787 170.344055 177.817673 216.677399 257.406067 265.652100 249.221710,
 148.499985 176.536499 223.271896 257.603455 231.539658 170.981567 132.941605 161.774734 214.677841 303.987915 361.489410 300.252686 195.301895 141.650986 167.351715 238.379410 373.821350 463.586548 368.549744 222.153610 152.333893 163.147614 240.101807 400.120209 509.015045 400.120209 240.101807 163.147614 152.333893 222.153610 368.549744 463.586548 373.821350 238.379410 167.351715 141.650986 195.301895 300.252686 361.489410 303.987915 214.677841 161.774734 132.941605 170.981567 231.539658 257.603455 223.271896 176.536499 148.499985,
 115.828568 121.681839 117.581482 126.867691 151.127502 167.778915 170.839767 126.570755 151.546997 189.307144 240.504684 263.878540 238.400604 201.035538 151.423798 211.062119 309.222168 396.389282 385.011841 294.409821 215.323944 192.762756 281.677490 409.689941 480.909302 409.689941 281.677490 192.762756 215.323944 294.409821 385.011841 396.389282 309.222168 211.062119 151.423798 201.035538 238.400604 263.878540 240.504684 189.307144 151.546997 126.570755 170.839767 167.778915 151.127502 126.867691 117.581482 121.681839 115.828568,
 5.603253 5.839822 6.419096 4.673358 1.465364 -1.094992 -2.944006 9.729429 11.335535 12.298988 12.041586 10.007915 6.428555 1.781685 11.369149 20.464478 31.732964 38.355843 33.066292 19.266068 6.651299 8.581409 25.387501 47.741680 59.516327 47.741680 25.387501 8.581409 6.651299 19.266068 33.066292 38.355843 31.732964 20.464478 11.369149 1.781685 6.428555 10.007915 12.041586 12.298988 11.335535 9.729429 -2.944006 -1.094992 1.465364 4.673358 6.419096 5.839822 5.603253,
 10.219601 1.442408 -7.400045 -11.229933 -10.672043 -5.271095 0.302275 17.719913 18.387545 16.211348 9.976433 0.624134 -1.725815 1.737812 14.753361 26.228142 41.136547 43.202301 23.963688 6.794045 2.260960 6.732335 19.397148 44.794312 61.725555 44.794312 19.397148 6.732335 2.260960 6.794045 23.963688 43.202301 41.136547 26.228142 14.753361 1.737812 -1.725815 0.624134 9.976433 16.211348 18.387545 17.719913 0.302275 -5.271095 -10.672043 -11.229933 -7.400045 1.442408 10.219601,
 56.692696 58.512211 54.142204 50.049622 35.183838 22.727673 13.319269 72.051384 81.500977 88.033669 94.135803 73.045555 49.733028 32.784264 76.056839 94.666565 118.953506 140.019714 111.278625 76.439972 52.965134 68.848618 93.198273 129.802216 160.566620 129.802216 93.198273 68.848618 52.965134 76.439972 111.278625 140.019714 118.953506 94.666565 76.056839 32.784264 49.733028 73.045555 94.135803 88.033669 81.500977 72.051384 13.319269 22.727673 35.183838 50.049622 54.142204 58.512211 56.692696,
 8.218981 28.465914 40.329052 46.584961 48.480419 39.078232 28.350073 22.563454 45.860050 64.849731 81.765030 80.197906 56.068615 35.530781 31.647167 58.150162 89.728897 118.061401 105.144577 66.565887 38.534290 36.959061 66.422256 108.448952 136.070435 108.448952 66.422256 36.959061 38.534290 66.565887 105.144577 118.061401 89.728897 58.150162 31.647167 35.530781 56.068615 80.197906 81.765030 64.849731 45.860050 22.563454 28.350073 39.078232 48.480419 46.584961 40.329052 28.465914 8.218981,

Pairwise cross-correlations of the modulus of all oriented sub-bands at the same scale (size QxQ)
 153.632095 106.788017 58.248234 107.483040,
 106.788017 171.676224 110.683403 66.255615,
 58.248234 110.683403 163.879822 109.088028,
 107.483040 66.255615 109.088028 165.879318,
 430.806763 346.334534 292.190216 359.319855,
 346.334534 465.409271 355.628540 304.886841,
 292.190216 355.628540 454.689667 357.267242,
 359.319855 304.886841 357.267242 465.635010,
 524.484192 390.423218 313.299866 362.442139,
 390.423218 615.341858 451.838470 343.084778,
 313.299866 451.838470 509.015106 330.801178,
 362.442139 343.084778 330.801178 480.909332,
 59.516335 17.349331 12.669456 49.506084,
 17.349331 61.725559 50.173172 16.232452,
 12.669456 50.173172 160.566620 59.340473,
 49.506084 16.232452 59.340473 136.070450,

Cross-correlations of the modulus of all oriented sub-bands with all oriented sub-bands at the coarser scale (size QxQ)
 219.455017 182.411163 145.337250 188.180573,
 181.711609 242.324570 195.087570 156.751770,
 138.903427 185.436493 231.903183 191.693176,
 187.269379 150.294785 192.880814 240.361938,
 329.428253 347.058533 276.658356 316.761292,
 305.706726 384.029785 319.298767 281.273804,
 273.921173 364.861511 349.968323 313.946259,
 323.050018 341.753510 323.454041 351.741394,
 96.018967 61.039040 88.519875 99.035294,
 80.934143 75.216652 139.156723 124.827805,
 58.813599 52.737122 122.235519 95.551743,
 69.070251 58.037315 94.116364 97.188904,

Cross-correlations of the real part of each oriented sub-band with both the real and imaginary part of all phase-doubled oriented sub-bands at the next coarser scale (Q matrices of size 1x2Q, which are computed and stored in a matrix of size Qx2Q)
 94.898674 40.633457 3.519852 45.956169 1.515152 1.025669 -0.072262 1.797630,
 40.121658 99.933601 44.116161 3.497436 2.184144 -2.466921 -2.161800 0.488722,
 4.721422 42.847111 100.826675 43.553211 0.075330 -2.786412 -1.509310 0.549201,
 45.368958 2.280606 43.609989 104.003662 -0.398495 -0.081224 0.634113 0.723409,
 -171.956543 -75.470108 -10.618464 -85.141487 21.870205 12.736015 -0.620330 11.675138,
 -75.250397 -179.154007 -80.661919 -6.997597 6.433546 16.133945 -11.005226 -3.053482,
 -10.500257 -80.049751 -173.606201 -86.711365 -1.120362 1.442129 -16.591105 11.698074,
 -79.257042 -7.018290 -78.603081 -201.002258 5.874245 2.577048 -3.763373 38.227016,
 -53.863029 -11.784975 -7.102638 -44.027191 15.719773 2.262339 -3.623079 -8.982285,
 -13.715129 -37.005966 -25.984625 -5.885066 6.313660 -25.940369 -9.154544 -1.218047,
 -6.369845 -27.874142 -43.247849 -47.768982 -1.251369 -24.405037 -21.689075 -23.471903,
 -42.060970 -4.098537 -24.560371 -107.794533 2.500660 -0.952724 -15.825686 -38.733936,
