Low-band skewness and kurtosis
 -2.213373 6.251745,
 -2.276603 7.043541,
 -1.674056 4.924259,
 -1.333127 4.090983,
 -1.202707 3.524420,

High-band variance
 147.713257,

Skewness, kurtosis, variance, mean, maximum and minimum of the reconstructed texture
 -2.199421 5.989524 6588.119141 222.316528 255.000000 0.000000,

Auto-correlations of the low-frequency bands at each scale
 2423.054199 2955.775391 3338.015381 3468.158447 3316.026123 2947.147461 2453.095215 3070.814941 3788.290039 4393.810059 4630.528320 4358.122559 3759.035645 3078.179688 3554.866211 4505.641602 5437.398438 5845.693359 5411.312500 4481.999023 3554.013672 3739.276367 4800.669922 5900.898438 6408.357910 5900.898438 4800.669922 3739.276367 3554.013672 4481.999023 5411.312500 5845.693359 5437.398438 4505.641602 3554.866211 3078.179688 3759.035645 4358.122559 4630.528320 4393.810059 3788.290039 3070.814941 2453.095215 2947.147461 3316.026123 3468.158447 3338.015381 2955.775391 2423.054199,
 656.821289 690.923645 936.960938 1145.318237 1111.377686 967.933777 939.171387 935.404724 1310.524170 2062.480469 2490.983398 2117.864258 1429.328613 1131.016846 1348.431274 2337.635254 3924.333252 4739.316406 3899.295654 2323.634766 1400.574585 1549.580200 2843.104004 4869.721680 5913.726074 4869.721680 2843.104004 1549.580200 1400.574585 2323.634766 3899.295654 4739.316406 3924.333252 2337.635254 1348.431274 1131.016846 1429.328613 2117.864258 2490.983398 2062.480469 1310.524170 935.404724 939.171387 967.933777 1111.377686 1145.318237 936.960938 690.923645 656.821289,
 1320.499023 1100.676270 922.800537 924.662842 710.770142 535.111877 643.154663 1075.243652 731.110596 769.139404 1052.778320 818.527588 612.332031 844.604980 898.554260 945.957275 1863.067505 2720.775635 2093.718750 1216.256104 1128.914185 1086.060181 1476.434326 2922.231445 3978.233643 2922.231445 1476.434326 1086.060181 1128.914185 1216.256104 2093.718750 2720.775635 1863.067505 945.957275 898.554260 844.604980 612.332031 818.527588 1052.778320 769.139404 731.110596 1075.243652 643.154663 535.111877 710.770142 924.662842 922.800537 1100.676270 1320.499023,
 334.758484 349.896393 355.967194 374.460754 410.763641 373.982574 226.752121 635.565063 708.440308 790.524780 797.223145 668.251587 550.464478 511.653564 716.755615 934.491394 1358.773315 1565.030518 1195.195923 750.190491 630.598145 687.768860 952.336731 1612.492065 2039.119873 1612.492065 952.336731 687.768860 630.598145 750.190491 1195.195923 1565.030518 1358.773315 934.491394 716.755615 511.653564 550.464478 668.251587 797.223145 790.524780 708.440308 635.565063 226.752121 373.982574 410.763641 374.460754 355.967194 349.896393 334.758484,
 -600.219421 -466.635803 -398.080475 -387.381836 -389.952667 -461.017761 -589.424255 -298.796173 -120.949005 32.318432 77.154694 -8.097729 -148.475311 -281.662445 242.445129 457.175934 768.297852 912.623901 706.213867 418.315033 260.719910 541.276001 745.969910 1135.778931 1374.322021 1135.778931 745.969910 541.276001 260.719910 418.315033 706.213867 912.623901 768.297852 457.175934 242.445129 -281.662445 -148.475311 -8.097729 77.154694 32.318432 -120.949005 -298.796173 -589.424255 -461.017761 -389.952667 -387.381836 -398.080475 -466.635803 -600.219421,

Auto-correlations of the modulus of each oriented sub-band
 69.535736 76.835060 83.753204 86.706909 84.081268 77.559517 70.801086 88.105705 99.648056 110.275345 114.797516 110.894455 100.927811 90.118996 106.121803 122.149597 136.727997 142.863998 137.326172 123.291306 107.788567 114.650887 132.690491 149.137512 155.923050 149.137512 132.690491 114.650887 107.788567 123.291306 137.326172 142.863998 136.727997 122.149597 106.121803 90.118996 100.927811 110.894455 114.797516 110.275345 99.648056 88.105705 70.801086 77.559517 84.081268 86.706909 83.753204 76.835060 69.535736,
 93.620422 98.878090 101.260315 98.360962 90.190277 78.880089 67.151672 98.433784 113.450188 124.508423 125.366608 114.991257 97.687920 79.269966 100.604095 124.215195 144.076080 149.745789 137.816742 114.974869 90.397110 98.025276 125.105217 149.644348 160.093140 149.644348 125.105217 98.025276 90.397110 114.974869 137.816742 149.745789 144.076080 124.215195 100.604095 79.269966 97.687920 114.991257 125.366608 124.508423 113.450188 98.433784 67.151672 78.880089 90.190277 98.360962 101.260315 98.878090 93.620422,
 83.635262 103.793167 122.468307 129.766418 120.266769 99.915848 79.232109 92.837685 117.572205 141.078506 150.849976 139.407455 114.836990 90.047813 101.039230 129.628830 157.465637 169.756561 156.574066 128.273331 99.811356 104.065430 134.094177 163.814789 177.494446 163.814789 134.094177 104.065430 99.811356 128.273331 156.574066 169.756561 157.465637 129.628830 101.039230 90.047813 114.836990 139.407455 150.849976 141.078506 117.572205 92.837685 79.232109 99.915848 120.266769 129.766418 122.468307 103.793167 83.635262,
 73.145714 84.326797 95.502159 104.344116 108.829292 108.255005 103.941628 87.337906 105.737885 123.093796 134.195129 134.714859 124.826660 110.144333 100.221680 124.983017 147.898651 160.341217 155.424347 136.031143 112.414001 109.144661 136.378448 160.853973 171.313690 160.853973 136.378448 109.144661 112.414001 136.031143 155.424347 160.341217 147.898651 124.983017 100.221680 110.144333 124.826660 134.714859 134.195129 123.093796 105.737885 87.337906 103.941628 108.255005 108.829292 104.344116 95.502159 84.326797 73.145714,
 175.090607 184.602692 190.907364 190.315857 181.032181 165.954895 149.689850 235.667862 261.810699 282.257782 288.174255 275.436981 249.729080 219.845963 303.088562 349.286499 388.585938 403.958923 386.067444 344.665955 296.439270 332.649780 389.783112 439.775787 460.826752 439.775787 389.783112 332.649780 296.439270 344.665955 386.067444 403.958923 388.585938 349.286499 303.088562 219.845963 249.729080 275.436981 288.174255 282.257782 261.810699 235.667862 149.689850 165.954895 181.032181 190.315857 190.907364 184.602692 175.090607,
 250.279114 264.720428 251.625397 214.937744 172.878387 141.956680 124.604370 270.169586 313.262848 327.696899 298.201416 240.304565 185.723969 151.437119 261.697601 330.294434 385.061584 384.163208 323.337280 246.104553 189.030762 230.219406 303.796906 385.289062 424.377411 385.289062 303.796906 230.219406 189.030762 246.104553 323.337280 384.163208 385.061584 330.294434 261.697601 151.437119 185.723969 240.304565 298.201416 327.696899 313.262848 270.169586 124.604370 141.956680 172.878387 214.937744 251.625397 264.720428 250.279114,
 216.560501 268.717896 339.701172 375.675293 339.097473 260.927795 197.991074 230.576035 297.985413 388.561005 435.587769 390.121613 294.103943 217.168716 240.615692 322.822388 431.654907 488.683716 434.287598 322.609863 234.300049 242.831909 333.554077 451.130493 511.257446 451.130493 333.554077 242.831909 234.300049 322.609863 434.287598 488.683716 431.654907 322.822388 240.615692 217.168716 294.103943 390.121613 435.587769 388.561005 297.985413 230.576035 197.991074 260.927795 339.097473 375.675293 339.701172 268.717896 216.560501,
 140.649796 172.097595 217.955078 266.956573 301.066284 306.300598 282.073853 172.270538 226.192032 297.860779 364.138367 392.539368 370.159668 313.333344 218.564270 297.319824 391.614990 460.629791 460.535278 395.012817 307.697815 269.688873 364.371094 460.353546 504.293274 460.353546 364.371094 269.688873 307.697815 395.012817 460.535278 460.629791 391.614990 297.319824 218.564270 313.333344 370.159668 392.539368 364.138367 297.860779 226.192032 172.270538 282.073853 306.300598 301.066284 266.956573 217.955078 172.097595 140.649796,
 133.641220 140.421387 136.287308 133.634216 137.793625 144.760712 149.971207 161.844543 193.983459 217.068726 221.968719 204.757996 174.281006 148.124542 192.599258 268.255432 344.656281 375.385742 335.449493 253.368698 179.266830 205.328110 304.616669 413.014648 463.473602 413.014648 304.616669 205.328110 179.266830 253.368698 335.449493 375.385742 344.656281 268.255432 192.599258 148.124542 174.281006 204.757996 221.968719 217.068726 193.983459 161.844543 149.971207 144.760712 137.793625 133.634216 136.287308 140.421387 133.641220,
 199.734131 223.767609 226.500641 208.311798 194.233032 189.606659 190.479431 244.628616 303.433319 338.497284 304.326141 242.339264 204.312897 192.353439 255.321381 345.974670 443.776855 443.546021 340.696350 246.308777 201.253296 229.118134 311.846649 442.576080 519.859131 442.576080 311.846649 229.118134 201.253296 246.308777 340.696350 443.546021 443.776855 345.974670 255.321381 192.353439 204.312897 242.339264 304.326141 338.497284 303.433319 244.628616 190.479431 189.606659 194.233032 208.311798 226.500641 223.767609 199.734131,
 261.628479 281.979584 305.653717 306.053955 249.667023 194.068451 192.256821 276.532196 334.027924 410.484650 438.279480 349.418060 238.125702 195.432098 261.981506 354.932770 492.758301 563.088440 452.342163 292.409332 208.768295 233.857742 338.141937 511.072632 617.069214 511.072632 338.141937 233.857742 208.768295 292.409332 452.342163 563.088440 492.758301 354.932770 261.981506 195.432098 238.125702 349.418060 438.279480 410.484650 334.027924 276.532196 192.256821 194.068451 249.667023 306.053955 305.653717 281.979584 261.628479,
 100.219795 99.794037 89.906967 96.080711 113.887772 116.746643 105.890648 98.683006 106.091461 129.037430 173.570374 194.802048 166.169403 127.980736 107.642776 139.902527 214.254868 298.055969 292.399475 208.782166 141.597183 129.297272 190.292847 303.133392 373.248169 303.133392 190.292847 129.297272 141.597183 208.782166 292.399475 298.055969 214.254868 139.902527 107.642776 127.980736 166.169403 194.802048 173.570374 129.037430 106.091461 98.683006 105.890648 116.746643 113.887772 96.080711 89.906967 99.794037 100.219795,
 5.821077 7.972528 9.752235 8.794700 9.126657 13.867205 17.153744 22.825945 34.878483 44.995857 43.627506 35.041191 28.880560 28.829397 33.981804 56.424805 83.909897 94.342468 78.152832 52.746536 38.799995 41.888565 68.541862 108.564156 130.279953 108.564156 68.541862 41.888565 38.799995 52.746536 78.152832 94.342468 83.909897 56.424805 33.981804 28.829397 28.880560 35.041191 43.627506 44.995857 34.878483 22.825945 17.153744 13.867205 9.126657 8.794700 9.752235 7.972528 5.821077,
 -0.306115 -0.370653 -0.116852 -1.225059 2.316731 9.703863 14.336346 14.254303 18.205173 23.832245 18.599947 8.991591 7.297077 8.739763 24.824951 37.439098 59.187424 60.685612 35.347679 15.277012 9.418396 19.656105 33.367844 66.402115 88.746811 66.402115 33.367844 19.656105 9.418396 15.277012 35.347679 60.685612 59.187424 37.439098 24.824951 8.739763 7.297077 8.991591 18.599947 23.832245 18.205173 14.254303 14.336346 9.703863 2.316731 -1.225059 -0.116852 -0.370653 -0.306115,
 4.782810 3.420293 5.641038 9.232060 12.410329 10.132761 6.421139 14.291876 18.824062 26.750578 39.488346 35.561745 18.068367 11.590452 21.035315 29.674639 51.200306 77.147156 58.051197 25.520144 16.405985 21.041035 31.020287 65.315262 96.043488 65.315262 31.020287 21.041035 16.405985 25.520144 58.051197 77.147156 51.200306 29.674639 21.035315 11.590452 18.068367 35.561745 39.488346 26.750578 18.824062 14.291876 6.421139 10.132761 12.410329 9.232060 5.641038 3.420293 4.782810,
 8.374859 13.263038 17.902166 17.702507 15.165537 13.949574 13.757458 35.998524 46.727455 59.473660 66.120605 64.494736 54.265648 45.528851 59.927845 75.584877 101.123978 120.769173 112.816727 85.414268 66.797966 71.590668 92.143166 128.210144 149.649551 128.210144 92.143166 71.590668 66.797966 85.414268 112.816727 120.769173 101.123978 75.584877 59.927845 45.528851 54.265648 64.494736 66.120605 59.473660 46.727455 35.998524 13.757458 13.949574 15.165537 17.702507 17.902166 13.263038 8.374859,

Pairwise cross-correlations of the modulus of all oriented sub-bands at the same scale (size QxQ)
 155.923050 101.429161 61.790951 110.698463,
 101.429161 160.093155 114.490379 70.104927,
 61.790951 114.490379 177.494446 117.642143,
 110.698463 70.104927 117.642143 171.313705,
 460.826752 355.829529 331.739349 382.588013,
 355.829529 424.377411 365.964172 318.811646,
 331.739349 365.964172 511.257507 390.700714,
 382.588013 318.811646 390.700714 504.293335,
 463.473633 363.491394 331.057404 302.513062,
 363.491394 519.859253 449.716492 295.379547,
 331.057404 449.716492 617.069214 343.804932,
 302.513062 295.379547 343.804932 373.248169,
 130.279968 61.617996 20.842484 75.289566,
 61.617996 88.746826 25.245861 37.251442,
 20.842484 25.245861 96.043488 72.614334,
 75.289566 37.251442 72.614334 149.649567,

Cross-correlations of the modulus of all oriented sub-bands with all oriented sub-bands at the coarser scale (size QxQ)
 233.309860 179.067245 154.555237 199.991943,
 190.788895 223.368179 209.167084 158.099091,
 154.972992 184.629364 259.329712 200.989578,
 204.078491 154.379471 210.387177 255.025681,
 355.474945 313.979187 302.390686 288.625397,
 322.706207 358.059235 341.023193 259.565491,
 322.666077 365.022400 409.905762 299.679626,
 340.615082 303.515778 336.968903 323.819580,
 143.184143 120.654503 68.356628 110.441254,
 119.857079 101.110168 86.491043 126.527794,
 116.777847 108.108139 106.515480 141.741867,
 104.774017 80.011482 90.958450 129.690750,

Cross-correlations of the real part of each oriented sub-band with both the real and imaginary part of all phase-doubled oriented sub-bands at the next coarser scale (Q matrices of size 1x2Q, which are computed and stored in a matrix of size Qx2Q)
 79.055511 32.728336 5.042055 43.613098 -8.543459 -2.304431 0.706331 0.022468,
 29.661005 79.857330 43.724331 5.208977 -3.619453 1.410972 2.772843 -0.241261,
 2.235044 39.479740 116.010201 55.868256 -0.931205 3.281503 0.746745 -1.740167,
 37.755001 4.060528 58.853909 110.989944 -5.452021 0.005823 -1.000854 -1.647686,
 -103.709839 -55.019485 -5.263225 -43.895340 2.855357 -11.416211 1.764564 2.624085,
 -48.562584 -107.531693 -63.534954 -6.960109 -5.727523 -11.523267 2.835677 -2.802462,
 -4.999907 -45.658207 -159.507019 -76.577629 0.035522 2.153953 -1.234292 1.229202,
 -43.614128 -7.245242 -72.031357 -135.613449 5.957892 0.888353 -1.241048 15.079479,
 -37.523903 -14.794488 -1.561969 -30.140732 -50.690197 -14.821061 3.318603 24.941353,
 -7.833172 -48.141022 -19.918137 -5.162069 -27.337708 5.531877 19.597322 0.844798,
 -1.743812 -25.865252 -65.478958 -46.730885 -0.642767 15.676130 29.631226 18.494408,
 -25.452290 -2.356538 -37.309803 -77.216103 -13.875759 -0.405869 10.442265 53.144794,
