Low-band skewness and kurtosis
 -2.155220 5.995079,
 -2.219248 6.783050,
 -1.587771 4.555219,
 -1.334180 4.203551,
 -1.140104 3.403270,

High-band variance
 156.695404,

Skewness, kurtosis, variance, mean, maximum and minimum of the reconstructed texture
 -2.140189 5.730879 6775.061523 221.162048 255.000000 0.000000,

Auto-correlations of the low-frequency bands at each scale
 2460.253906 3074.868408 3550.748535 3750.285156 3603.738281 3171.152588 2558.317383 3021.593506 3830.570557 4552.668945 4876.403320 4595.380859 3896.167725 3068.926025 3413.110840 4478.926758 5549.365234 6045.180664 5573.556641 4512.348633 3429.922363 3559.409424 4761.476562 6008.217773 6584.249023 6008.217773 4761.476562 3559.409424 3429.922363 4512.348633 5573.556641 6045.180664 5549.365234 4478.926758 3413.110840 3068.926025 3896.167725 4595.380859 4876.403320 4552.668945 3830.570557 3021.593506 2558.317383 3171.152588 3603.738281 3750.285156 3550.748535 3074.868408 2460.253906,
 962.446350 953.894287 1152.389893 1411.690308 1431.970947 1224.300537 1046.069824 934.442688 1369.441650 2265.241211 2822.658691 2407.362305 1505.341553 1013.790955 1062.708374 2141.624756 3981.906738 4964.383789 4017.213379 2164.466064 1089.106567 1158.229370 2556.117188 4869.713379 6066.631836 4869.713379 2556.117188 1158.229370 1089.106567 2164.466064 4017.213379 4964.383789 3981.906738 2141.624756 1062.708374 1013.790955 1505.341553 2407.362305 2822.658691 2265.241211 1369.441650 934.442688 1046.069824 1224.300537 1431.970947 1411.690308 1152.389893 953.894287 962.446350,
 936.232361 1111.476929 1075.279297 817.364807 657.520996 825.409912 1089.736694 992.018311 857.156433 1032.373047 1214.988770 960.482910 838.805603 1121.612793 926.264893 897.959717 1965.830811 2881.621094 2113.515869 1089.815186 1092.273438 1029.017334 1221.945557 2846.336914 4056.906494 2846.336914 1221.945557 1029.017334 1092.273438 1089.815186 2113.515869 2881.621094 1965.830811 897.959717 926.264893 1121.612793 838.805603 960.482910 1214.988770 1032.373047 857.156433 992.018311 1089.736694 825.409912 657.520996 817.364807 1075.279297 1111.476929 936.232361,
 373.109772 559.239258 524.381165 443.327576 510.836578 579.044434 422.326080 631.184082 772.087341 740.765564 691.097534 683.062317 697.345154 569.667969 807.569153 1001.529297 1309.000122 1525.291504 1289.048462 940.089844 725.292419 849.133484 1133.549561 1710.740234 2097.851807 1710.740234 1133.549561 849.133484 725.292419 940.089844 1289.048462 1525.291504 1309.000122 1001.529297 807.569153 569.667969 697.345154 683.062317 691.097534 740.765564 772.087341 631.184082 422.326080 579.044434 510.836578 443.327576 524.381165 559.239258 373.109772,
 -460.905029 -427.826141 -363.646362 -333.566772 -401.054871 -496.761017 -522.232727 -212.904770 -55.344383 153.067841 258.891235 140.445282 -96.811012 -261.063477 57.719730 388.234955 815.992798 1033.690430 829.082153 389.784088 45.044369 189.461990 618.484619 1164.366089 1429.212402 1164.366089 618.484619 189.461990 45.044369 389.784088 829.082153 1033.690430 815.992798 388.234955 57.719730 -261.063477 -96.811012 140.445282 258.891235 153.067841 -55.344383 -212.904770 -522.232727 -496.761017 -401.054871 -333.566772 -363.646362 -427.826141 -460.905029,

Auto-correlations of the modulus of each oriented sub-band
 78.419930 86.503189 94.421066 98.083023 95.613480 88.826248 81.713799 101.617401 114.085968 125.469353 130.031937 125.252419 113.830658 101.610504 122.663269 140.021622 155.568039 161.605286 154.711441 138.655624 121.282730 130.701370 150.552612 168.713287 176.220734 168.713287 150.552612 130.701370 121.282730 138.655624 154.711441 161.605286 155.568039 140.021622 122.663269 101.610504 113.830658 125.252419 130.031937 125.469353 114.085968 101.617401 81.713799 88.826248 95.613480 98.083023 94.421066 86.503189 78.419930,
 114.231400 118.935287 120.290474 116.340141 106.886436 93.771667 79.678360 119.021805 134.632446 145.352173 145.443634 133.779175 114.349823 92.913406 119.465515 145.109772 165.771500 171.258682 158.199203 133.122803 105.221451 114.625687 144.753632 171.102661 182.130310 171.102661 144.753632 114.625687 105.221451 133.122803 158.199203 171.258682 165.771500 145.109772 119.465515 92.913406 114.349823 133.779175 145.443634 145.352173 134.632446 119.021805 79.678360 93.771667 106.886436 116.340141 120.290474 118.935287 114.231400,
 67.296974 86.503548 105.473183 113.557159 105.617393 87.853020 69.474159 74.489555 99.270546 123.944794 134.746307 123.976624 100.304222 76.389015 81.600319 111.019508 140.542480 153.909561 140.511719 111.573021 82.717705 84.949539 115.990425 147.271637 161.793823 147.271637 115.990425 84.949539 82.717705 111.573021 140.511719 153.909561 140.542480 111.019508 81.600319 76.389015 100.304222 123.976624 134.746307 123.944794 99.270546 74.489555 69.474159 87.853020 105.617393 113.557159 105.473183 86.503548 67.296974,
 72.800819 86.147690 98.058128 106.238373 109.401527 107.888474 103.308525 85.686050 105.875122 123.740776 134.149841 133.594986 123.154022 108.261337 97.180466 123.277359 146.668549 158.782990 153.303833 133.467850 109.263992 105.447845 133.650116 158.645233 169.203705 158.645233 133.650116 105.447845 109.263992 133.467850 153.303833 158.782990 146.668549 123.277359 97.180466 108.261337 123.154022 133.594986 134.149841 123.740776 105.875122 85.686050 103.308525 107.888474 109.401527 106.238373 98.058128 86.147690 72.800819,
 220.795883 232.168610 239.581863 241.969208 238.827896 232.182281 224.184921 285.957794 313.689240 334.652985 342.351685 334.410492 316.184540 294.608185 363.779114 413.160767 454.487640 471.563660 456.176117 418.881287 375.417664 406.773743 465.128784 516.155762 537.861694 516.155762 465.128784 406.773743 375.417664 418.881287 456.176117 471.563660 454.487640 413.160767 363.779114 294.608185 316.184540 334.410492 342.351685 334.652985 313.689240 285.957794 224.184921 232.182281 238.827896 241.969208 239.581863 232.168610 220.795883,
 277.184540 297.622131 287.023865 250.795990 207.281464 173.689056 154.351898 307.693176 357.502686 373.010010 342.245361 281.226868 220.649887 178.343811 304.461578 384.843292 443.495026 440.771851 375.504852 289.373444 219.186005 268.301331 356.807251 446.938538 488.164185 446.938538 356.807251 268.301331 219.186005 289.373444 375.504852 440.771851 443.495026 384.843292 304.461578 178.343811 220.649887 281.226868 342.245361 373.010010 357.502686 307.693176 154.351898 173.689056 207.281464 250.795990 287.023865 297.622131 277.184540,
 178.784943 228.476334 281.206238 305.218628 277.887756 215.990799 160.518646 186.345398 252.938980 330.175171 368.284485 330.427979 246.670700 175.527313 191.333679 272.137939 371.747406 422.562286 373.247772 270.065186 186.666016 191.927460 279.279114 389.624756 445.422791 389.624756 279.279114 191.927460 186.666016 270.065186 373.247772 422.562286 371.747406 272.137939 191.333679 175.527313 246.670700 330.427979 368.284485 330.175171 252.938980 186.345398 160.518646 215.990799 277.887756 305.218628 281.206238 228.476334 178.784943,
 167.131714 189.745514 229.097137 277.286804 315.689117 326.505951 308.365295 204.087051 247.919983 310.802490 372.968262 403.262390 386.601624 339.797241 252.191238 319.106262 402.196014 464.969666 466.575653 410.377380 336.532928 301.639191 382.953918 467.021240 505.852722 467.021240 382.953918 301.639191 336.532928 410.377380 466.575653 464.969666 402.196014 319.106262 252.191238 339.797241 386.601624 403.262390 372.968262 310.802490 247.919983 204.087051 308.365295 326.505951 315.689117 277.286804 229.097137 189.745514 167.131714,
 234.277649 234.455750 225.808731 216.143677 211.995743 215.772827 223.680145 224.566925 246.983871 267.546936 279.732849 278.055969 266.239899 252.719177 247.159012 322.608124 400.698059 443.056946 424.683899 363.095245 296.437134 294.743988 399.066589 505.585388 553.381348 505.585388 399.066589 294.743988 296.437134 363.095245 424.683899 443.056946 400.698059 322.608124 247.159012 252.719177 266.239899 278.055969 279.732849 267.546936 246.983871 224.566925 223.680145 215.772827 211.995743 216.143677 225.808731 234.455750 234.277649,
 152.327332 190.613342 204.179413 183.771179 160.831665 155.166229 159.494446 193.014038 269.636475 321.941101 295.183624 225.957108 182.087463 171.518555 204.716476 314.581177 430.316406 440.985291 333.597900 224.591690 174.008011 187.131439 286.352142 434.529388 517.232544 434.529388 286.352142 187.131439 174.008011 224.591690 333.597900 440.985291 430.316406 314.581177 204.716476 171.518555 182.087463 225.957108 295.183624 321.941101 269.636475 193.014038 159.494446 155.166229 160.831665 183.771179 204.179413 190.613342 152.327332,
 116.643524 154.757294 204.016846 228.271210 212.711090 186.284088 170.420624 132.706024 190.392151 278.090149 323.672668 277.567322 207.540405 171.600220 146.154144 217.464523 342.499817 415.165924 336.813293 222.169357 165.706451 156.871323 227.571548 365.413879 455.709778 365.413879 227.571548 156.871323 165.706451 222.169357 336.813293 415.165924 342.499817 217.464523 146.154144 171.600220 207.540405 277.567322 323.672668 278.090149 190.392151 132.706024 170.420624 186.284088 212.711090 228.271210 204.016846 154.757294 116.643524,
 82.900925 93.201324 113.799530 138.260880 164.316895 177.921143 176.722122 96.396835 121.225967 164.052124 222.502991 260.996460 246.023788 206.080490 123.039856 174.355804 266.691620 362.389343 369.361908 285.739044 200.359894 162.941422 248.790421 374.397034 445.653870 374.397034 248.790421 162.941422 200.359894 285.739044 369.361908 362.389343 266.691620 174.355804 123.039856 206.080490 246.023788 260.996460 222.502991 164.052124 121.225967 96.396835 176.722122 177.921143 164.316895 138.260880 113.799530 93.201324 82.900925,
 -8.158009 -2.821613 2.847915 8.390219 13.041499 14.880453 12.760427 1.197125 5.678946 9.917333 13.254384 14.650256 14.816605 13.547293 12.109101 28.452606 47.083603 53.195107 41.602188 25.176537 17.037292 18.363325 41.754116 75.756538 93.340302 75.756538 41.754116 18.363325 17.037292 25.176537 41.602188 53.195107 47.083603 28.452606 12.109101 13.547293 14.816605 14.650256 13.254384 9.917333 5.678946 1.197125 12.760427 14.880453 13.041499 8.390219 2.847915 -2.821613 -8.158009,
 -8.251793 0.668506 12.036846 18.571793 20.777618 20.493027 17.357256 0.912247 19.837971 41.430840 45.160488 35.192055 28.231480 24.740471 10.721999 33.397820 69.612206 80.492676 55.811779 32.936890 26.236633 20.378685 35.921085 74.022392 98.814827 74.022392 35.921085 20.378685 26.236633 32.936890 55.811779 80.492676 69.612206 33.397820 10.721999 24.740471 28.231480 35.192055 45.160488 41.430840 19.837971 0.912247 17.357256 20.493027 20.777618 18.571793 12.036846 0.668506 -8.251793,
 -1.401889 8.217433 36.665783 58.695793 57.052601 34.187973 7.405078 14.316092 32.905052 74.086288 103.087807 87.358261 47.219261 13.563747 24.363689 52.747082 107.191689 143.869705 113.686348 58.218388 20.364132 25.530994 61.524899 122.664352 161.183533 122.664352 61.524899 25.530994 20.364132 58.218388 113.686348 143.869705 107.191689 52.747082 24.363689 13.563747 47.219261 87.358261 103.087807 74.086288 32.905052 14.316092 7.405078 34.187973 57.052601 58.695793 36.665783 8.217433 -1.401889,
 7.869840 16.784204 20.758469 30.076515 41.754128 24.711027 -3.484907 21.617558 30.528236 42.178146 70.047554 80.033890 44.099533 12.634839 32.206772 43.525425 74.152863 116.880875 107.121109 55.061466 27.437109 35.019104 53.576359 103.755356 140.586487 103.755356 53.576359 35.019104 27.437109 55.061466 107.121109 116.880875 74.152863 43.525425 32.206772 12.634839 44.099533 80.033890 70.047554 42.178146 30.528236 21.617558 -3.484907 24.711027 41.754128 30.076515 20.758469 16.784204 7.869840,

Pairwise cross-correlations of the modulus of all oriented sub-bands at the same scale (size QxQ)
 176.220764 118.634323 63.746380 113.649330,
 118.634323 182.130295 112.517212 71.043564,
 63.746380 112.517212 161.793823 112.310303,
 113.649330 71.043564 112.310303 169.203720,
 537.861755 402.767242 333.015015 408.136078,
 402.767242 488.164215 371.432648 339.436279,
 333.015015 371.432648 445.422882 375.254089,
 408.136078 339.436279 375.254089 505.852814,
 553.381409 392.036621 305.271759 355.494812,
 392.036621 517.232605 362.118561 299.716797,
 305.271759 362.118561 455.709778 312.359924,
 355.494812 299.716797 312.359924 445.653870,
 93.340309 50.077789 43.582882 63.513256,
 50.077789 98.814835 84.771027 56.773079,
 43.582882 84.771027 161.183517 92.238083,
 63.513256 56.773079 92.238083 140.586487,

Cross-correlations of the modulus of all oriented sub-bands with all oriented sub-bands at the coarser scale (size QxQ)
 263.514618 202.576279 155.224625 209.177094,
 217.941986 258.706299 201.511871 172.583359,
 164.194550 193.468658 229.647049 199.252365,
 218.491928 160.307495 199.442017 252.317184,
 404.405884 342.463043 309.281921 325.912079,
 347.648041 379.895538 329.883270 302.218506,
 320.164337 343.810852 336.190765 306.129059,
 376.392426 321.104767 321.469543 369.707703,
 128.398224 128.769257 136.132660 134.260406,
 92.843796 127.499481 155.943390 111.323242,
 87.645599 112.300621 180.282547 114.858032,
 90.417786 110.621033 134.614014 135.679398,

Cross-correlations of the real part of each oriented sub-band with both the real and imaginary part of all phase-doubled oriented sub-bands at the next coarser scale (Q matrices of size 1x2Q, which are computed and stored in a matrix of size Qx2Q)
 107.410461 53.581059 4.683519 46.900650 -3.778077 -4.030000 -1.166956 0.966185,
 53.403919 107.314980 41.961254 4.795249 -1.964734 -4.762282 -1.456293 -0.092868,
 5.649986 40.478291 100.028557 46.495029 -0.091315 -1.052628 -2.672052 -1.684866,
 44.259495 3.820813 47.961166 103.799294 -1.445044 -0.781642 -2.878869 -0.987237,
 -148.132919 -71.118805 -9.982033 -58.560677 -21.546036 2.065802 2.268017 5.452539,
 -77.073532 -162.349426 -66.464195 -5.681458 -13.119908 15.999234 21.047398 -1.516255,
 -9.320099 -67.588852 -132.758194 -59.787075 -1.242371 12.373220 31.251242 -10.904428,
 -62.251488 -5.498240 -60.862503 -132.907944 -6.353004 0.677122 5.708258 -4.385993,
 -38.305473 -4.572466 -1.776045 -17.621471 14.005021 -2.289609 2.633941 -2.291905,
 -12.538814 -17.942543 -4.861959 -6.561677 3.365659 14.636220 17.108727 1.015533,
 -3.393980 -7.733531 -56.873753 -31.594423 -1.164446 20.021093 39.065220 16.092070,
 -25.323299 -0.227955 -45.424171 -45.874443 5.197817 2.522917 21.953646 11.924672,
