Low-band skewness and kurtosis
 -2.161072 5.989552,
 -2.209076 6.644237,
 -1.715501 5.053144,
 -1.336451 4.239209,
 -0.975164 3.110986,

High-band variance
 141.678116,

Skewness, kurtosis, variance, mean, maximum and minimum of the reconstructed texture
 -2.147330 5.750977 6796.288086 221.303345 255.000000 0.000000,

Auto-correlations of the low-frequency bands at each scale
 2749.992188 3318.194580 3724.322021 3866.058105 3694.644775 3268.310303 2683.918945 3322.040771 4074.315430 4711.433105 4974.455566 4696.395020 4049.924805 3288.575439 3743.801758 4720.552246 5674.022949 6103.554688 5669.807129 4712.951660 3730.552246 3901.587402 4993.251465 6108.866211 6622.847656 6108.866211 4993.251465 3901.587402 3730.552246 4712.951660 5669.807129 6103.554688 5674.022949 4720.552246 3743.801758 3288.575439 4049.924805 4696.395020 4974.455566 4711.433105 4074.315430 3322.040771 2683.918945 3268.310303 3694.644775 3866.058105 3724.322021 3318.194580 2749.992188,
 776.347473 1025.059326 1266.314331 1352.334839 1188.826782 896.405762 669.888489 1010.851074 1634.279541 2486.418945 2899.421875 2425.250000 1517.140381 908.411133 1317.442505 2509.628418 4208.980469 5060.556641 4182.236328 2448.292969 1264.297974 1464.197021 2944.569336 5072.748535 6142.544922 5072.748535 2944.569336 1464.197021 1264.297974 2448.292969 4182.236328 5060.556641 4208.980469 2509.628418 1317.442505 908.411133 1517.140381 2425.250000 2899.421875 2486.418945 1634.279541 1010.851074 669.888489 896.405762 1188.826782 1352.334839 1266.314331 1025.059326 776.347473,
 734.523926 449.354065 409.828308 504.307709 439.149292 523.429199 846.345093 677.313049 355.826233 671.599243 1031.208374 619.663086 284.565491 645.583069 756.899841 800.745605 2089.996094 3060.293945 2040.863159 741.870361 759.367126 868.012573 1177.175537 3077.188721 4428.331543 3077.188721 1177.175537 868.012573 759.367126 741.870361 2040.863159 3060.293945 2089.996094 800.745605 756.899841 645.583069 284.565491 619.663086 1031.208374 671.599243 355.826233 677.313049 846.345093 523.429199 439.149292 504.307709 409.828308 449.354065 734.523926,
 332.260376 476.380096 491.982330 497.725098 588.325012 634.689087 537.652100 327.464844 476.336121 528.766785 571.329346 647.446594 730.649109 622.755127 259.587036 543.153687 1052.256104 1377.087891 1159.849121 839.696289 636.651611 474.493042 815.942322 1552.543457 2027.520386 1552.543457 815.942322 474.493042 636.651611 839.696289 1159.849121 1377.087891 1052.256104 543.153687 259.587036 622.755127 730.649109 647.446594 571.329346 528.766785 476.336121 327.464844 537.652100 634.689087 588.325012 497.725098 491.982330 476.380096 332.260376,
 -520.274963 -462.901184 -309.175049 -159.460632 -122.774849 -220.106155 -372.821106 -353.038879 -249.276276 44.090698 317.433014 315.117859 79.369698 -172.357117 -66.578827 111.935440 575.952271 932.820984 774.120728 334.863647 41.551819 109.927139 366.573212 911.952148 1232.019287 911.952148 366.573212 109.927139 41.551819 334.863647 774.120728 932.820984 575.952271 111.935440 -66.578827 -172.357117 79.369698 315.117859 317.433014 44.090698 -249.276276 -353.038879 -372.821106 -220.106155 -122.774849 -159.460632 -309.175049 -462.901184 -520.274963,

Auto-correlations of the modulus of each oriented sub-band
 70.769318 78.605980 85.651474 88.212646 84.725510 76.951576 68.547607 88.238060 100.945076 112.227005 116.601341 111.740707 100.211510 87.455116 105.010963 122.688126 138.426865 144.750168 138.330856 122.668564 105.194633 112.597328 132.506729 150.422028 157.763687 150.422028 132.506729 112.597328 105.194633 122.668564 138.330856 144.750168 138.426865 122.688126 105.010963 87.455116 100.211510 111.740707 116.601341 112.227005 100.945076 88.238060 68.547607 76.951576 84.725510 88.212646 85.651474 78.605980 70.769318,
 88.262230 94.745636 97.677834 94.965553 86.697151 74.851379 62.114571 94.842346 110.791641 122.139877 122.758820 112.006271 94.177292 74.970581 97.833664 122.018501 142.118240 147.525146 135.103165 111.855782 86.852432 95.127556 122.543503 147.427856 158.070663 147.427856 122.543503 95.127556 86.852432 111.855782 135.103165 147.525146 142.118240 122.018501 97.833664 74.970581 94.177292 112.006271 122.758820 122.139877 110.791641 94.842346 62.114571 74.851379 86.697151 94.965553 97.677834 94.745636 88.262230,
 68.503593 87.592377 105.113182 111.906326 103.231895 85.022781 66.915031 77.131828 101.219833 123.891876 133.279709 122.429871 99.201828 75.913261 84.853790 113.147911 140.396042 152.343140 139.582870 112.027657 84.186310 87.777893 117.590073 146.799149 160.127319 146.799149 117.590073 87.777893 84.186310 112.027657 139.582870 152.343140 140.396042 113.147911 84.853790 75.913261 99.201828 122.429871 133.279709 123.891876 101.219833 77.131828 66.915031 85.022781 103.231895 111.906326 105.113182 87.592377 68.503593,
 64.496841 76.946800 88.352135 96.315857 99.016548 96.448586 90.777023 76.330315 95.056900 112.173607 122.433319 121.751656 110.940720 95.995888 87.180222 111.676918 134.204056 146.078888 140.675339 121.213097 97.915268 94.932800 121.695450 145.833664 156.122070 145.833664 121.695450 94.932800 97.915268 121.213097 140.675339 146.078888 134.204056 111.676918 87.180222 95.995888 110.940720 121.751656 122.433319 112.173607 95.056900 76.330315 90.777023 96.448586 99.016548 96.315857 88.352135 76.946800 64.496841,
 117.407913 124.640579 129.666733 130.349701 125.051613 115.315979 104.078232 175.483597 196.327621 213.238281 219.361786 210.644348 190.738113 166.430283 240.780045 281.101135 316.374237 331.291626 316.562164 280.390686 237.778915 271.127136 322.751038 368.694183 388.427856 368.694183 322.751038 271.127136 237.778915 280.390686 316.562164 331.291626 316.374237 281.101135 240.780045 166.430283 190.738113 210.644348 219.361786 213.238281 196.327621 175.483597 104.078232 115.315979 125.051613 130.349701 129.666733 124.640579 117.407913,
 210.624023 230.826935 223.021820 188.376541 143.593292 107.335846 89.211151 234.131943 283.031281 303.720947 279.289673 221.827774 161.303238 119.897842 231.921310 305.358215 362.655792 365.290283 307.881561 227.790222 161.785629 204.315094 284.370056 365.872498 402.929626 365.872498 284.370056 204.315094 161.785629 227.790222 307.881561 365.290283 362.655792 305.358215 231.921310 119.897842 161.303238 221.827774 279.289673 303.720947 283.031281 234.131943 89.211151 107.335846 143.593292 188.376541 223.021820 230.826935 210.624023,
 125.879089 184.650543 244.262589 271.885468 248.023575 192.177582 141.323730 134.981232 207.136093 286.666962 325.540344 290.510529 212.434647 145.405396 143.402786 226.614792 324.521088 373.925262 327.378204 229.549973 148.838303 148.679581 235.643311 341.529236 394.694763 341.529236 235.643311 148.679581 148.838303 229.549973 327.378204 373.925262 324.521088 226.614792 143.402786 145.405396 212.434647 290.510529 325.540344 286.666962 207.136093 134.981232 141.323730 192.177582 248.023575 271.885468 244.262589 184.650543 125.879089,
 112.554657 135.281158 172.154419 216.299652 247.348846 248.176117 219.897430 137.409821 179.051971 237.940598 293.987793 316.135620 292.835236 241.720703 173.462341 236.446289 314.298279 370.905762 368.257996 311.770996 239.901733 212.791809 289.358795 368.968811 405.471924 368.968811 289.358795 212.791809 239.901733 311.770996 368.257996 370.905762 314.298279 236.446289 173.462341 241.720703 292.835236 316.135620 293.987793 237.940598 179.051971 137.409821 219.897430 248.176117 247.348846 216.299652 172.154419 135.281158 112.554657,
 172.482346 182.126846 182.958954 180.231842 176.403046 172.088455 165.374832 236.288818 274.766083 300.934357 305.204224 283.103607 243.072723 199.656250 308.536499 404.259583 484.459686 512.268311 469.611115 378.177673 278.361816 334.021057 463.686218 580.282959 629.118164 580.282959 463.686218 334.021057 278.361816 378.177673 469.611115 512.268311 484.459686 404.259583 308.536499 199.656250 243.072723 283.103607 305.204224 300.934357 274.766083 236.288818 165.374832 172.088455 176.403046 180.231842 182.958954 182.126846 172.482346,
 139.804550 158.444763 156.038330 135.202408 122.846985 129.324310 132.894516 185.163452 242.431076 270.143799 235.198166 171.272156 134.604935 127.486534 203.033981 302.038788 393.959106 393.679016 294.646118 192.937714 140.490280 177.767395 276.944031 409.166138 480.133087 409.166138 276.944031 177.767395 140.490280 192.937714 294.646118 393.679016 393.959106 302.038788 203.033981 127.486534 134.604935 171.272156 235.198166 270.143799 242.431076 185.163452 132.894516 129.324310 122.846985 135.202408 156.038330 158.444763 139.804550,
 102.429924 144.423492 221.914825 285.401672 286.778595 254.783264 225.058044 139.106873 198.717957 311.712677 393.592621 363.606415 281.499390 225.789673 178.915802 259.973907 409.267914 506.348083 438.520721 303.850555 222.489227 208.498520 300.602448 462.933716 558.141357 462.933716 300.602448 208.498520 222.489227 303.850555 438.520721 506.348083 409.267914 259.973907 178.915802 225.789673 281.499390 363.606415 393.592621 311.712677 198.717957 139.106873 225.058044 254.783264 286.778595 285.401672 221.914825 144.423492 102.429924,
 116.009758 107.936783 133.064240 184.801697 216.389587 204.614853 158.422668 117.835190 133.910858 202.513306 289.895477 314.396545 255.335846 170.337021 136.004211 198.167816 328.331360 447.706848 429.171265 300.676666 184.189911 168.920670 277.198608 442.716095 536.138550 442.716095 277.198608 168.920670 184.189911 300.676666 429.171265 447.706848 328.331360 198.167816 136.004211 170.337021 255.335846 314.396545 289.895477 202.513306 133.910858 117.835190 158.422668 204.614853 216.389587 184.801697 133.064240 107.936783 116.009758,
 -1.379258 8.153093 19.835239 26.254913 23.549702 15.299545 4.350794 -9.715658 -1.650097 12.430801 23.274149 24.372391 16.085707 4.060212 -6.269731 16.692492 49.033020 66.952721 56.770157 30.292852 6.638887 6.191015 40.626209 85.900024 108.933350 85.900024 40.626209 6.191015 6.638887 30.292852 56.770157 66.952721 49.033020 16.692492 -6.269731 4.060212 16.085707 24.372391 23.274149 12.430801 -1.650097 -9.715658 4.350794 15.299545 23.549702 26.254913 19.835239 8.153093 -1.379258,
 -2.076477 31.645590 59.033947 67.195084 58.615620 42.143410 29.038021 17.343483 63.752670 106.433365 112.110733 87.735275 60.153885 41.138199 33.441219 84.075256 146.999802 164.597260 123.263504 74.667023 46.975834 44.195415 85.204575 152.000626 190.941727 152.000626 85.204575 44.195415 46.975834 74.667023 123.263504 164.597260 146.999802 84.075256 33.441219 41.138199 60.153885 87.735275 112.110733 106.433365 63.752670 17.343483 29.038021 42.143410 58.615620 67.195084 59.033947 31.645590 -2.076477,
 28.523869 33.323086 42.535339 60.606178 62.201660 52.065166 33.529915 55.934444 70.358810 97.989273 125.398117 112.358063 86.366226 60.880314 73.888481 99.724426 147.509186 184.687820 153.984314 108.925217 77.936150 81.863869 113.997467 169.608765 210.238647 169.608765 113.997467 81.863869 77.936150 108.925217 153.984314 184.687820 147.509186 99.724426 73.888481 60.880314 86.366226 112.358063 125.398117 97.989273 70.358810 55.934444 33.529915 52.065166 62.201660 60.606178 42.535339 33.323086 28.523869,
 32.259064 36.796165 50.298126 69.748718 75.471535 55.839119 29.162935 50.086273 58.818207 81.556015 108.605835 108.320480 77.017273 46.356102 60.514061 78.754944 118.808914 155.684204 141.933762 94.238724 58.474014 62.965576 94.004974 147.990540 180.786240 147.990540 94.004974 62.965576 58.474014 94.238724 141.933762 155.684204 118.808914 78.754944 60.514061 46.356102 77.017273 108.320480 108.605835 81.556015 58.818207 50.086273 29.162935 55.839119 75.471535 69.748718 50.298126 36.796165 32.259064,

Pairwise cross-correlations of the modulus of all oriented sub-bands at the same scale (size QxQ)
 157.763702 104.292435 60.360901 104.698402,
 104.292435 158.070679 107.547974 63.478413,
 60.360901 107.547974 160.127319 103.565453,
 104.698402 63.478413 103.565453 156.122101,
 388.427887 304.812897 240.364944 314.154663,
 304.812897 402.929688 306.231262 272.991730,
 240.364944 306.231262 394.694794 304.250488,
 314.154663 272.991730 304.250488 405.471924,
 629.118164 412.558289 327.886993 413.299561,
 412.558289 480.133087 386.528717 302.466400,
 327.886993 386.528717 558.141357 376.540100,
 413.299561 302.466400 376.540100 536.138550,
 108.933365 75.736572 52.410267 83.026604,
 75.736572 190.941727 158.430847 110.995491,
 52.410267 158.430847 210.238663 123.408730,
 83.026604 110.995491 123.408730 180.786255,

Cross-correlations of the modulus of all oriented sub-bands with all oriented sub-bands at the coarser scale (size QxQ)
 212.514847 168.435760 124.125473 177.206085,
 171.419586 216.946426 170.349777 145.521271,
 128.202652 174.810486 215.513626 171.096695,
 170.361725 137.622101 168.367599 215.244827,
 383.545319 284.679077 277.983185 308.751678,
 337.056274 331.364746 334.899506 267.572968,
 285.873932 294.216064 369.708954 304.376678,
 368.873596 279.761322 334.574829 377.055511,
 113.000610 124.231537 135.478546 161.127594,
 98.627808 164.732178 172.434662 157.250778,
 86.898529 170.199936 191.939789 169.947266,
 109.101639 134.801575 143.409302 173.371307,

Cross-correlations of the real part of each oriented sub-band with both the real and imaginary part of all phase-doubled oriented sub-bands at the next coarser scale (Q matrices of size 1x2Q, which are computed and stored in a matrix of size Qx2Q)
 78.095245 38.049995 3.370747 34.663723 -3.781372 -3.930921 0.243873 -1.185379,
 34.777699 90.591576 40.249535 2.432170 -3.607827 -3.785933 1.101105 -0.159295,
 2.361805 42.290726 88.228828 33.116154 0.188931 0.249557 0.356862 -1.363876,
 33.079777 3.843032 36.847927 78.332993 1.145115 -0.492244 0.249562 -2.255333,
 -167.723526 -75.873810 -9.463835 -88.308189 -11.765184 -13.269679 -0.849419 7.242637,
 -71.666260 -160.144577 -88.440231 -12.143721 -10.729827 -9.559182 2.387775 -0.151358,
 -6.384152 -83.907715 -185.123993 -81.274010 -2.830592 6.749768 10.223938 -6.889723,
 -76.200386 -12.976833 -80.378288 -188.803528 -4.850308 -0.569484 5.388498 -1.858563,
 -58.141350 -26.399302 -5.450043 -42.839649 -6.835939 -13.461256 3.749230 -23.635464,
 -43.279213 -53.405823 -53.551113 -2.308407 -14.524665 -1.728512 13.630482 -1.103258,
 -5.120406 -40.492523 -90.009071 -44.937988 3.067004 18.574770 40.542133 6.849013,
 -16.547350 -8.074061 -34.664001 -108.964752 12.501423 2.264283 27.331865 -21.328581,
