Low-band skewness and kurtosis
 -2.110034 5.779339,
 -2.167578 6.480214,
 -1.637490 4.629372,
 -1.271967 3.799965,
 -0.976472 2.745042,

High-band variance
 152.592484,

Skewness, kurtosis, variance, mean, maximum and minimum of the reconstructed texture
 -2.096356 5.537394 6934.252930 220.299316 255.000000 0.000000,

Auto-correlations of the low-frequency bands at each scale
 2741.625977 3278.287842 3694.654785 3877.209473 3750.238770 3366.585205 2837.831543 3326.855225 4064.241211 4719.971680 5016.001465 4756.625977 4116.639648 3377.551025 3747.160645 4738.083984 5737.044922 6200.722656 5755.213867 4762.484375 3769.655762 3911.007812 5029.469727 6203.219727 6748.391113 6203.219727 5029.469727 3911.007812 3769.655762 4762.484375 5755.213867 6200.722656 5737.044922 4738.083984 3747.160645 3377.551025 4116.639648 4756.625977 5016.001465 4719.971680 4064.241211 3326.855225 2837.831543 3366.585205 3750.238770 3877.209473 3694.654785 3278.287842 2741.625977,
 1009.262634 1118.787964 1285.449951 1472.445312 1533.979248 1531.223267 1606.009766 1205.896851 1671.247559 2431.817383 2908.088623 2580.078125 1884.091797 1527.942993 1466.822998 2532.121094 4201.893555 5106.024414 4256.411133 2593.565918 1571.469482 1609.857910 2982.951660 5120.874023 6233.021484 5120.874023 2982.951660 1609.857910 1571.469482 2593.565918 4256.411133 5106.024414 4201.893555 2532.121094 1466.822998 1527.942993 1884.091797 2580.078125 2908.088623 2431.817383 1671.247559 1205.896851 1606.009766 1531.223267 1533.979248 1472.445312 1285.449951 1118.787964 1009.262634,
 856.591980 734.519470 716.780701 1003.870789 1351.517090 1463.349365 1368.688232 787.566711 630.219604 917.553406 1397.959351 1519.356445 1439.415405 1365.774658 749.255005 881.828247 2117.605225 3110.355713 2487.358154 1452.148315 1201.075073 951.414429 1355.935425 3125.917969 4329.233887 3125.917969 1355.935425 951.414429 1201.075073 1452.148315 2487.358154 3110.355713 2117.605225 881.828247 749.255005 1365.774658 1439.415405 1519.356445 1397.959351 917.553406 630.219604 787.566711 1368.688232 1463.349365 1351.517090 1003.870789 716.780701 734.519470 856.591980,
 292.714844 674.901367 887.736938 951.636047 1000.313965 918.013672 531.792603 383.031647 610.279785 766.928223 1028.805420 1156.331787 946.439941 527.678711 527.385986 718.495117 1209.104736 1768.986206 1628.109131 1024.817017 614.662720 685.618774 1004.428101 1807.628174 2342.781982 1807.628174 1004.428101 685.618774 614.662720 1024.817017 1628.109131 1768.986206 1209.104736 718.495117 527.385986 527.678711 946.439941 1156.331787 1028.805420 766.928223 610.279785 383.031647 531.792603 918.013672 1000.313965 951.636047 887.736938 674.901367 292.714844,
 -714.559814 -319.257721 176.670731 506.558502 378.569397 -141.378021 -663.787354 -610.091553 -216.647156 389.624268 841.429565 699.784424 79.925049 -498.774994 -561.969788 -33.301697 789.437500 1324.307373 1038.646851 225.760437 -443.007507 -506.706787 171.359924 1111.226196 1585.379883 1111.226196 171.359924 -506.706787 -443.007507 225.760437 1038.646851 1324.307373 789.437500 -33.301697 -561.969788 -498.774994 79.925049 699.784424 841.429565 389.624268 -216.647156 -610.091553 -663.787354 -141.378021 378.569397 506.558502 176.670731 -319.257721 -714.559814,

Auto-correlations of the modulus of each oriented sub-band
 74.724594 83.488724 92.047470 96.264511 94.226303 87.525711 79.961700 94.738068 108.609612 121.373177 126.950897 122.699211 111.256081 98.502838 114.283783 133.345383 150.587646 157.734512 151.134888 134.590103 116.262146 123.380348 144.633423 163.985062 171.950912 163.985062 144.633423 123.380348 116.262146 134.590103 151.134888 157.734512 150.587646 133.345383 114.283783 98.502838 111.256081 122.699211 126.950897 121.373177 108.609612 94.738068 79.961700 87.525711 94.226303 96.264511 92.047470 83.488724 74.724594,
 100.876808 106.241539 108.271400 105.198959 97.732231 88.005394 78.248497 106.417397 122.157951 133.454483 134.013962 123.506599 106.645576 89.196785 108.970222 133.688354 154.532776 160.166992 147.506256 124.046898 99.442619 106.606758 134.512451 160.279694 171.372009 160.279694 134.512451 106.606758 99.442619 124.046898 147.506256 160.166992 154.532776 133.688354 108.970222 89.196785 106.645576 123.506599 134.013962 133.454483 122.157951 106.417397 78.248497 88.005394 97.732231 105.198959 108.271400 106.241539 100.876808,
 74.690933 93.547806 113.408989 122.753326 114.905373 97.315201 81.100357 82.703217 106.161934 131.237167 143.045593 132.104996 108.559532 87.004089 90.437721 117.888962 147.565567 161.746765 147.909164 119.001114 92.568565 94.256889 122.993484 154.323303 169.488602 154.323303 122.993484 94.256889 92.568565 119.001114 147.909164 161.746765 147.565567 117.888962 90.437721 87.004089 108.559532 132.104996 143.045593 131.237167 106.161934 82.703217 81.100357 97.315201 114.905373 122.753326 113.408989 93.547806 74.690933,
 77.729340 88.928825 99.755684 108.125755 111.912163 110.765831 106.743347 90.552589 108.273911 125.265083 136.194366 136.245056 126.107452 112.018089 102.173973 126.399040 149.487442 162.194992 156.926590 137.227219 113.923073 110.556419 137.602264 162.566284 173.410446 162.566284 137.602264 110.556419 113.923073 137.227219 156.926590 162.194992 149.487442 126.399040 102.173973 112.018089 126.107452 136.245056 136.194366 125.265083 108.273911 90.552589 106.743347 110.765831 111.912163 108.125755 99.755684 88.928825 77.729340,
 183.916656 195.702057 207.631683 218.987671 227.122498 229.269897 223.927124 232.796722 257.499329 281.005463 297.205414 300.056793 289.921692 271.054108 293.133026 339.109863 382.094940 405.338226 396.427887 362.793457 319.970612 331.679871 389.336212 441.258545 463.820312 441.258545 389.336212 331.679871 319.970612 362.793457 396.427887 405.338226 382.094940 339.109863 293.133026 271.054108 289.921692 300.056793 297.205414 281.005463 257.499329 232.796722 223.927124 229.269897 227.122498 218.987671 207.631683 195.702057 183.916656,
 263.374969 292.562531 294.014893 268.238037 234.731674 210.490234 196.363892 287.618225 341.516602 367.383087 345.012878 291.943512 243.128540 214.403305 286.277740 360.081055 422.111084 425.224548 365.228149 289.878052 237.272980 264.687805 337.725616 421.666779 462.487549 421.666779 337.725616 264.687805 237.272980 289.878052 365.228149 425.224548 422.111084 360.081055 286.277740 214.403305 243.128540 291.943512 345.012878 367.383087 341.516602 287.618225 196.363892 210.490234 234.731674 268.238037 294.014893 292.562531 263.374969,
 193.758957 244.238922 307.850677 345.056061 332.537994 289.840118 246.435898 210.136261 273.141602 355.322205 401.525085 374.343628 308.028076 250.043488 226.763962 300.170593 398.302856 452.193359 408.986816 319.505188 248.521469 240.671356 317.693512 419.841919 473.935791 419.841919 317.693512 240.671356 248.521469 319.505188 408.986816 452.193359 398.302856 300.170593 226.763962 250.043488 308.028076 374.343628 401.525085 355.322205 273.141602 210.136261 246.435898 289.840118 332.537994 345.056061 307.850677 244.238922 193.758957,
 193.361023 216.344406 256.322510 305.629028 341.737061 347.987061 326.858398 219.913300 263.049530 326.857574 389.389923 415.513519 393.763763 344.440338 261.296082 328.797241 414.091797 476.966553 474.329468 413.980225 338.323914 306.667236 389.581573 476.991302 517.541870 476.991302 389.581573 306.667236 338.323914 413.980225 474.329468 476.966553 414.091797 328.797241 261.296082 344.440338 393.763763 415.513519 389.389923 326.857574 263.049530 219.913300 326.858398 347.987061 341.737061 305.629028 256.322510 216.344406 193.361023,
 141.073532 147.489227 151.347443 158.107452 168.872009 177.063995 173.451065 198.245117 220.407471 237.521820 243.767731 237.939178 223.855804 203.101135 266.150940 327.882629 384.863708 404.959503 374.337952 314.039612 251.403793 289.684448 376.892151 464.466064 504.422516 464.466064 376.892151 289.684448 251.403793 314.039612 374.337952 404.959503 384.863708 327.882629 266.150940 203.101135 223.855804 237.939178 243.767731 237.521820 220.407471 198.245117 173.451065 177.063995 168.872009 158.107452 151.347443 147.489227 141.073532,
 234.181030 252.870682 244.104477 214.898285 185.013504 166.660812 161.249542 284.270203 346.345093 371.260803 336.159485 269.492249 211.973495 176.401764 304.799561 412.101685 503.059906 503.740662 412.298859 303.672668 223.898865 278.956177 392.465637 524.082214 589.326538 524.082214 392.465637 278.956177 223.898865 303.672668 412.298859 503.740662 503.059906 412.101685 304.799561 176.401764 211.973495 269.492249 336.159485 371.260803 346.345093 284.270203 161.249542 166.660812 185.013504 214.898285 244.104477 252.870682 234.181030,
 125.201035 160.895447 211.817627 234.845795 199.568848 141.181427 107.228638 120.842621 188.666107 291.835205 343.686462 280.172729 182.534210 123.644104 129.723328 224.183563 374.468781 459.861877 365.273773 222.401093 136.154175 138.267166 239.889862 406.814697 512.655029 406.814697 239.889862 138.267166 136.154175 222.401093 365.273773 459.861877 374.468781 224.183563 129.723328 123.644104 182.534210 280.172729 343.686462 291.835205 188.666107 120.842621 107.228638 141.181427 199.568848 234.845795 211.817627 160.895447 125.201035,
 144.768768 141.095642 152.920242 183.666489 210.944290 211.482697 190.562347 140.066101 167.405334 224.249039 289.736542 313.326416 275.080078 208.458435 162.277740 237.281479 346.011230 433.569519 421.333557 322.066986 211.026611 192.612732 306.558655 440.290161 508.583130 440.290161 306.558655 192.612732 211.026611 322.066986 421.333557 433.569519 346.011230 237.281479 162.277740 208.458435 275.080078 313.326416 289.736542 224.249039 167.405334 140.066101 190.562347 211.482697 210.944290 183.666489 152.920242 141.095642 144.768768,
 6.410032 18.353359 28.035635 31.941809 30.521517 25.754143 18.193630 20.247950 36.567867 49.487492 53.976105 50.031353 41.462223 31.310423 43.819534 71.853424 96.142578 105.091171 94.565872 72.926788 50.982353 59.664017 94.625771 129.236633 144.668396 129.236633 94.625771 59.664017 50.982353 72.926788 94.565872 105.091171 96.142578 71.853424 43.819534 31.310423 41.462223 50.031353 53.976105 49.487492 36.567867 20.247950 18.193630 25.754143 30.521517 31.941809 28.035635 18.353359 6.410032,
 1.827147 39.111893 75.659790 82.606750 67.912735 51.142296 28.321548 13.869671 62.713898 116.993462 130.309845 102.448189 71.934586 46.105145 33.674286 91.785469 167.658905 195.619751 149.928864 92.994591 57.093994 51.591534 103.000206 182.270020 229.145020 182.270020 103.000206 51.591534 57.093994 92.994591 149.928864 195.619751 167.658905 91.785469 33.674286 46.105145 71.934586 102.448189 130.309845 116.993462 62.713898 13.869671 28.321548 51.142296 67.912735 82.606750 75.659790 39.111893 1.827147,
 20.160267 45.689789 68.712410 70.492424 50.835075 26.737452 15.340832 24.600601 59.500587 101.914627 113.227547 79.123062 34.813103 13.360353 23.888687 67.664528 131.018402 157.887650 113.538116 49.151066 14.562027 19.099236 63.151821 136.367554 178.351379 136.367554 63.151821 19.099236 14.562027 49.151066 113.538116 157.887650 131.018402 67.664528 23.888687 13.360353 34.813103 79.123062 113.227547 101.914627 59.500587 24.600601 15.340832 26.737452 50.835075 70.492424 68.712410 45.689789 20.160267,
 2.421904 8.590265 14.839078 19.177923 21.014244 10.983822 -6.141587 14.805370 23.746094 26.503849 35.079506 38.835491 18.620510 -1.063298 26.365698 29.481571 41.135109 67.796524 62.663132 26.701504 10.175158 23.129667 28.531433 62.028633 89.912079 62.028633 28.531433 23.129667 10.175158 26.701504 62.663132 67.796524 41.135109 29.481571 26.365698 -1.063298 18.620510 38.835491 35.079506 26.503849 23.746094 14.805370 -6.141587 10.983822 21.014244 19.177923 14.839078 8.590265 2.421904,

Pairwise cross-correlations of the modulus of all oriented sub-bands at the same scale (size QxQ)
 171.950912 115.252571 68.885025 117.861748,
 115.252571 171.372040 115.301888 74.839272,
 68.885025 115.301888 169.488617 115.297264,
 117.861748 74.839272 115.297264 173.410477,
 463.820374 364.535736 333.654968 383.495239,
 364.535736 462.487610 384.422974 358.094452,
 333.654968 384.422974 473.935852 409.855316,
 383.495239 358.094452 409.855316 517.541870,
 504.422546 424.322571 301.313538 358.259888,
 424.322571 589.326538 391.653259 295.340332,
 301.313538 391.653259 512.655029 360.821960,
 358.259888 295.340332 360.821960 508.583191,
 144.668411 133.304382 102.745773 60.760132,
 133.304382 229.145020 132.042648 58.509636,
 102.745773 132.042648 178.351395 77.179893,
 60.760132 58.509636 77.179893 89.912079,

Cross-correlations of the modulus of all oriented sub-bands with all oriented sub-bands at the coarser scale (size QxQ)
 244.330185 197.300064 166.894592 206.815720,
 203.676239 243.162247 206.531860 175.980087,
 164.626541 202.817017 242.866043 213.627167,
 208.988037 174.508118 206.050858 257.812836,
 336.095520 348.023956 287.767181 317.217224,
 335.808838 377.572113 340.191925 311.984497,
 305.035034 340.509094 373.487488 329.125366,
 332.574799 310.444061 331.523071 387.608551,
 151.740112 187.372681 150.244324 96.274338,
 173.936951 229.812943 166.463440 91.701050,
 132.289795 175.822266 159.412659 94.377808,
 129.318542 173.491943 142.764633 103.779205,

Cross-correlations of the real part of each oriented sub-band with both the real and imaginary part of all phase-doubled oriented sub-bands at the next coarser scale (Q matrices of size 1x2Q, which are computed and stored in a matrix of size Qx2Q)
 95.873352 44.389545 3.673353 42.789448 -3.473457 -0.665143 -1.053977 1.028278,
 41.889114 95.881630 42.020077 5.043353 -1.527378 0.422563 0.815585 0.602284,
 3.252133 42.667786 95.500145 42.208042 0.333819 0.850940 1.031359 -1.793974,
 40.935589 4.832936 42.860912 93.902618 0.365005 -0.115818 -2.607909 -2.873334,
 -113.747963 -65.304878 -10.012383 -32.079880 -17.486048 -7.830295 1.414692 15.167664,
 -63.900555 -160.394608 -79.458817 -7.274602 -9.978708 6.284160 8.931681 0.996992,
 -6.892489 -80.692406 -147.616074 -45.358978 -4.646082 15.882494 3.986317 -0.654902,
 -41.252453 -8.774622 -55.946777 -84.045769 -16.855888 2.767776 -4.633103 11.424205,
 -2.218057 -7.590619 -5.439974 -20.289669 15.203590 -8.890960 -2.553819 4.451283,
 -8.068697 -54.869495 -32.212303 -2.173298 -4.720879 -8.075726 6.440040 0.561729,
 -2.715647 -31.122276 -63.320911 -43.935432 -4.452629 4.835608 2.914772 -2.004352,
 -2.077944 0.699791 -30.833324 -81.838554 1.781422 0.181613 -6.617441 3.409700,
