Low-band skewness and kurtosis
 -2.247160 6.374912,
 -2.296468 7.035476,
 -1.839246 5.355309,
 -1.524593 4.542401,
 -1.352962 3.936713,

High-band variance
 136.703781,

Skewness, kurtosis, variance, mean, maximum and minimum of the reconstructed texture
 -2.233453 6.130731 6530.697754 222.938171 255.000000 0.000000,

Auto-correlations of the low-frequency bands at each scale
 2959.709717 3441.650635 3778.232910 3894.248535 3757.594238 3422.777100 2979.449463 3396.990967 4058.190674 4625.269043 4865.692383 4635.044434 4088.707275 3456.447021 3736.594482 4612.082031 5486.976562 5888.531250 5503.470703 4646.312500 3781.985107 3884.624023 4865.456055 5889.530762 6363.697266 5889.530762 4865.456055 3884.624023 3781.985107 4646.312500 5503.470703 5888.531250 5486.976562 4612.082031 3736.594482 3456.447021 4088.707275 4635.044434 4865.692383 4625.269043 4058.190674 3396.990967 2979.449463 3422.777100 3757.594238 3894.248535 3778.232910 3441.650635 2959.709717,
 1626.286133 1792.065796 1905.667236 1846.031616 1718.180908 1736.777222 1880.581055 1659.484619 2112.352783 2795.743652 3094.625488 2705.882324 2132.112549 1895.171631 1786.394165 2704.180176 4185.073730 4951.437500 4191.908691 2787.713379 1976.893677 1957.494629 3091.078613 4937.906738 5906.129395 4937.906738 3091.078613 1957.494629 1976.893677 2787.713379 4191.908691 4951.437500 4185.073730 2704.180176 1786.394165 1895.171631 2132.112549 2705.882324 3094.625488 2795.743652 2112.352783 1659.484619 1880.581055 1736.777222 1718.180908 1846.031616 1905.667236 1792.065796 1626.286133,
 1031.404053 1120.787842 1141.192139 1289.174072 1680.276367 2002.635010 1813.398193 1216.366333 1222.399048 1405.935059 1632.103882 1698.131104 1788.083374 1702.450562 1420.863403 1609.583862 2539.735840 3207.506836 2602.332031 1800.480347 1569.549438 1549.853760 1915.027100 3306.054688 4277.105469 3306.054688 1915.027100 1549.853760 1569.549438 1800.480347 2602.332031 3207.506836 2539.735840 1609.583862 1420.863403 1702.450562 1788.083374 1698.131104 1632.103882 1405.935059 1222.399048 1216.366333 1813.398193 2002.635010 1680.276367 1289.174072 1141.192139 1120.787842 1031.404053,
 -197.103577 144.086395 589.768250 979.174927 1145.517090 1139.251709 1103.657227 112.860535 451.584717 955.642761 1425.260986 1521.064453 1328.277344 1146.128662 457.765930 905.323181 1625.632324 2183.304688 2016.791992 1448.050293 1027.950684 783.907532 1339.161255 2176.084473 2647.264648 2176.084473 1339.161255 783.907532 1027.950684 1448.050293 2016.791992 2183.304688 1625.632324 905.323181 457.765930 1146.128662 1328.277344 1521.064453 1425.260986 955.642761 451.584717 112.860535 1103.657227 1139.251709 1145.517090 979.174927 589.768250 144.086395 -197.103577,
 -632.637329 -818.945068 -747.438049 -361.984192 102.382019 297.360229 87.587921 -856.770996 -756.367065 -217.062744 528.234009 953.203735 761.911987 107.944733 -837.802368 -277.642578 706.042114 1521.916748 1514.014038 756.298950 -192.148438 -591.280579 332.047821 1445.123047 1980.913330 1445.123047 332.047821 -591.280579 -192.148438 756.298950 1514.014038 1521.916748 706.042114 -277.642578 -837.802368 107.944733 761.911987 953.203735 528.234009 -217.062744 -756.367065 -856.770996 87.587921 297.360229 102.382019 -361.984192 -747.438049 -818.945068 -632.637329,

Auto-correlations of the modulus of each oriented sub-band
 76.489304 83.770149 90.411797 93.134735 90.766747 85.356178 80.340622 91.668755 102.836494 112.910103 116.897842 112.707710 103.060753 93.211967 105.926506 121.760262 136.197861 141.965118 135.757278 121.348839 106.167976 112.000465 129.970947 146.837372 153.954239 146.837372 129.970947 112.000465 106.167976 121.348839 135.757278 141.965118 136.197861 121.760262 105.926506 93.211967 103.060753 112.707710 116.897842 112.910103 102.836494 91.668755 80.340622 85.356178 90.766747 93.134735 90.411797 83.770149 76.489304,
 98.985435 105.387108 109.425308 108.983864 103.755081 95.514214 86.758659 105.582108 120.860542 132.387253 134.603912 126.534981 112.042824 96.317856 109.879059 132.893234 152.163773 158.118469 147.682144 127.056419 104.641418 109.675232 135.350586 158.428375 168.219666 158.428375 135.350586 109.675232 104.641418 127.056419 147.682144 158.118469 152.163773 132.893234 109.879059 96.317856 112.042824 126.534981 134.603912 132.387253 120.860542 105.582108 86.758659 95.514214 103.755081 108.983864 109.425308 105.387108 98.985435,
 81.949715 96.483551 109.651520 114.400040 107.495544 94.052795 81.387886 89.091476 108.274826 126.578033 133.929565 124.714600 106.252197 88.529312 95.624893 118.696770 141.604568 151.704697 140.488541 117.528374 95.275406 98.172028 122.511200 147.311050 159.026794 147.311050 122.511200 98.172028 95.275406 117.528374 140.488541 151.704697 141.604568 118.696770 95.624893 88.529312 106.252197 124.714600 133.929565 126.578033 108.274826 89.091476 81.387886 94.052795 107.495544 114.400040 109.651520 96.483551 81.949715,
 80.578217 90.772598 100.795334 108.357002 111.553314 110.483505 106.991058 90.821579 106.583282 121.766121 131.250351 130.910843 121.723892 109.305862 99.957092 121.142471 141.474228 152.484329 147.526627 130.014496 109.709045 106.636299 130.149109 152.144653 161.736389 152.144653 130.149109 106.636299 109.709045 130.014496 147.526627 152.484329 141.474228 121.142471 99.957092 109.305862 121.723892 130.910843 131.250351 121.766121 106.583282 90.821579 106.991058 110.483505 111.553314 108.357002 100.795334 90.772598 80.578217,
 193.595886 210.269714 228.569687 245.736969 257.918182 263.717163 263.648438 251.930862 274.738037 297.874573 314.243774 317.274597 308.633240 294.299377 318.325439 357.927490 395.298737 414.416443 404.220123 372.751953 336.681458 354.029602 403.227264 449.171204 469.242615 449.171204 403.227264 354.029602 336.681458 372.751953 404.220123 414.416443 395.298737 357.927490 318.325439 294.299377 308.633240 317.274597 314.243774 297.874573 274.738037 251.930862 263.648438 263.717163 257.918182 245.736969 228.569687 210.269714 193.595886,
 266.259277 293.282898 299.608032 284.216858 259.076660 238.984314 231.357758 294.804413 340.736450 366.204712 354.602783 315.253967 273.494995 246.079132 305.476288 368.004181 420.958313 427.555176 381.887207 318.981781 269.781342 294.270996 358.382538 428.067566 461.161499 428.067566 358.382538 294.270996 269.781342 318.981781 381.887207 427.555176 420.958313 368.004181 305.476288 246.079132 273.494995 315.253967 354.602783 366.204712 340.736450 294.804413 231.357758 238.984314 259.076660 284.216858 299.608032 293.282898 266.259277,
 188.910156 235.626404 281.935822 304.363922 290.698456 260.235779 237.115845 208.214859 263.494019 326.020874 357.574585 330.941650 277.248535 237.068192 222.204575 284.723724 363.292755 404.837311 365.502899 290.516022 235.137497 230.758118 294.287292 379.248077 425.207855 379.248077 294.287292 230.758118 235.137497 290.516022 365.502899 404.837311 363.292755 284.723724 222.204575 237.068192 277.248535 330.941650 357.574585 326.020874 263.494019 208.214859 237.115845 260.235779 290.698456 304.363922 281.935822 235.626404 188.910156,
 184.738159 209.920792 244.988129 287.779724 325.554352 343.348145 336.385742 221.073242 258.023102 309.224609 362.434875 393.038086 386.021088 351.163391 263.369171 317.054962 384.702454 438.639923 443.311829 398.915314 339.704926 306.588196 371.863586 441.182007 474.012787 441.182007 371.863586 306.588196 339.704926 398.915314 443.311829 438.639923 384.702454 317.054962 263.369171 351.163391 386.021088 393.038086 362.434875 309.224609 258.023102 221.073242 336.385742 343.348145 325.554352 287.779724 244.988129 209.920792 184.738159,
 109.176964 133.147614 154.209000 172.729782 190.318039 205.303314 211.292725 160.922546 196.395844 221.441895 234.100525 235.621979 228.793427 215.809418 206.082535 276.951904 331.900391 350.004425 325.955139 274.988647 220.369736 223.843781 313.248260 396.103210 431.510376 396.103210 313.248260 223.843781 220.369736 274.988647 325.955139 350.004425 331.900391 276.951904 206.082535 215.809418 228.793427 235.621979 234.100525 221.441895 196.395844 160.922546 211.292725 205.303314 190.318039 172.729782 154.209000 133.147614 109.176964,
 115.380737 158.123871 192.328964 211.513824 219.381546 216.566284 201.046967 165.231552 234.610840 288.025055 295.866699 271.838654 245.933380 221.274521 200.143509 294.889618 387.546539 408.076508 345.893768 271.865875 220.242722 213.647491 300.290558 409.728088 469.447266 409.728088 300.290558 213.647491 220.242722 271.865875 345.893768 408.076508 387.546539 294.889618 200.143509 221.274521 245.933380 271.838654 295.866699 288.025055 234.610840 165.231552 201.046967 216.566284 219.381546 211.513824 192.328964 158.123871 115.380737,
 196.891647 245.939056 295.066528 331.592468 335.975586 318.311676 296.006348 235.051971 294.209167 369.504456 422.768127 406.172852 353.909607 309.834320 271.630524 339.679321 440.001801 508.208160 463.089447 374.624023 313.135468 299.716797 369.753235 477.728271 545.025269 477.728271 369.753235 299.716797 313.135468 374.624023 463.089447 508.208160 440.001801 339.679321 271.630524 309.834320 353.909607 406.172852 422.768127 369.504456 294.209167 235.051971 296.006348 318.311676 335.975586 331.592468 295.066528 245.939056 196.891647,
 121.734863 178.193771 252.801956 320.225891 345.601379 326.712646 289.708435 152.500275 224.309708 323.845032 414.112762 433.683655 378.517761 307.863190 204.222656 295.820648 423.848816 524.281494 507.084534 401.668549 302.906189 263.302917 368.944366 505.481201 577.902588 505.481201 368.944366 263.302917 302.906189 401.668549 507.084534 524.281494 423.848816 295.820648 204.222656 307.863190 378.517761 433.683655 414.112762 323.845032 224.309708 152.500275 289.708435 326.712646 345.601379 320.225891 252.801956 178.193771 121.734863,
 -21.226521 -2.397972 17.312229 35.139610 48.414120 55.588139 55.426350 1.232874 26.832165 50.988014 68.766174 76.471962 74.569214 65.012627 29.623543 64.530754 96.419731 114.114395 110.510384 91.023628 65.631462 53.637024 91.080444 124.964569 139.595139 124.964569 91.080444 53.637024 65.631462 91.023628 110.510384 114.114395 96.419731 64.530754 29.623543 65.012627 74.569214 76.471962 68.766174 50.988014 26.832165 1.232874 55.426350 55.588139 48.414120 35.139610 17.312229 -2.397972 -21.226521,
 -28.261692 -19.156605 -6.190140 1.175148 3.444584 9.011115 17.434467 -15.462178 7.735065 32.458256 39.412617 30.043989 19.777519 17.428825 -4.268202 30.793425 75.290276 89.708603 64.226814 31.324945 11.516785 4.076801 37.501823 87.504646 116.907776 87.504646 37.501823 4.076801 11.516785 31.324945 64.226814 89.708603 75.290276 30.793425 -4.268202 17.428825 19.777519 30.043989 39.412617 32.458256 7.735065 -15.462178 17.434467 9.011115 3.444584 1.175148 -6.190140 -19.156605 -28.261692,
 -48.528877 -17.235054 16.774609 43.943176 58.032436 57.559135 46.678360 -22.907707 16.673090 56.868797 82.090614 83.586067 69.169746 48.563271 6.379435 52.631706 100.810829 126.197998 111.797173 77.861366 43.764442 30.100628 75.147423 123.523605 148.078583 123.523605 75.147423 30.100628 43.764442 77.861366 111.797173 126.197998 100.810829 52.631706 6.379435 48.563271 69.169746 83.586067 82.090614 56.868797 16.673090 -22.907707 46.678360 57.559135 58.032436 43.943176 16.774609 -17.235054 -48.528877,
 -21.174507 -2.703604 14.205957 30.174709 43.288185 50.552383 51.088409 -3.694183 15.563580 36.021580 56.904579 68.214081 65.628082 54.625427 11.621508 35.266609 66.206993 94.191940 97.026833 77.102760 51.913391 32.251869 63.249146 99.376083 118.551140 99.376083 63.249146 32.251869 51.913391 77.102760 97.026833 94.191940 66.206993 35.266609 11.621508 54.625427 65.628082 68.214081 56.904579 36.021580 15.563580 -3.694183 51.088409 50.552383 43.288185 30.174709 14.205957 -2.703604 -21.174507,

Pairwise cross-correlations of the modulus of all oriented sub-bands at the same scale (size QxQ)
 153.954254 111.355438 72.578552 110.613640,
 111.355438 168.219650 118.107620 77.122688,
 72.578552 118.107620 159.026794 110.947365,
 110.613640 77.122688 110.947365 161.736420,
 469.242615 386.698639 327.324310 389.574341,
 386.698639 461.161530 361.795135 344.792572,
 327.324310 361.795135 425.207886 351.911011,
 389.574341 344.792572 351.911011 474.012787,
 431.510437 327.478577 321.505127 369.383026,
 327.478577 469.447327 363.688446 298.563293,
 321.505127 363.688446 545.025269 452.785492,
 369.383026 298.563293 452.785492 577.902710,
 139.595154 75.396927 84.209488 90.227509,
 75.396927 116.907776 72.264877 37.831848,
 84.209488 72.264877 148.078583 86.121315,
 90.227509 37.831848 86.121315 118.551140,

Cross-correlations of the modulus of all oriented sub-bands with all oriented sub-bands at the coarser scale (size QxQ)
 230.164185 195.247314 153.843292 200.853729,
 205.077621 239.681625 195.077988 175.864120,
 169.227844 199.962189 221.808533 197.732605,
 198.968903 170.923691 188.365845 238.867599,
 337.031433 313.681641 325.563110 349.804871,
 324.584106 335.261658 338.273132 328.535004,
 295.482452 298.616974 329.441681 345.437836,
 328.753052 322.407043 360.895538 381.673859,
 164.221939 101.727875 121.541656 120.927719,
 169.587891 157.651245 145.097809 115.210297,
 172.397812 105.268936 171.798111 158.452484,
 178.401642 87.568260 173.962494 145.883209,

Cross-correlations of the real part of each oriented sub-band with both the real and imaginary part of all phase-doubled oriented sub-bands at the next coarser scale (Q matrices of size 1x2Q, which are computed and stored in a matrix of size Qx2Q)
 81.143326 40.391747 4.720185 39.517937 5.048006 1.169708 0.118764 -2.504660,
 36.302395 99.699982 44.985306 2.289886 3.478947 -0.408044 -0.870286 -0.132225,
 5.510539 48.276466 85.278755 29.984650 0.665497 -1.397680 1.052866 2.349120,
 40.527355 4.556509 33.390072 80.213264 2.340126 -0.076961 1.767252 1.354242,
 -51.124512 -15.193522 -8.637920 -34.398071 12.250973 5.547131 -0.060972 13.321033,
 -7.419971 -65.322662 -38.576160 -4.201670 5.736673 11.667876 3.902273 0.122764,
 -2.723985 -36.736137 -85.750465 -45.493824 -0.077636 7.190036 16.733683 15.753181,
 -37.461239 -1.860516 -49.683411 -87.184105 -1.024201 1.711677 11.720955 34.372192,
 -47.240341 -43.453957 -9.469263 -11.046801 3.425511 -28.972256 -2.945872 -13.146091,
 -30.354687 -119.468674 -56.117756 0.259715 -19.496550 -52.728050 -6.896008 3.908979,
 -4.667124 -55.551662 -52.161766 -9.266854 -2.843815 -6.770082 29.853401 10.932131,
 -17.703691 -1.505121 -8.422456 -29.791653 15.254874 5.267837 22.645561 -11.302706,
