Low-band skewness and kurtosis
 -2.180070 6.095222,
 -2.252642 6.911096,
 -1.601524 4.517110,
 -1.383696 4.169617,
 -1.326387 3.729890,

High-band variance
 147.904953,

Skewness, kurtosis, variance, mean, maximum and minimum of the reconstructed texture
 -2.166020 5.840406 6701.935059 221.671143 255.000000 0.000000,

Auto-correlations of the low-frequency bands at each scale
 2603.316406 3111.747314 3476.346924 3589.719238 3411.353271 3001.467041 2457.067871 3224.659180 3915.255127 4517.609863 4757.127441 4467.199707 3826.312744 3101.401367 3674.546143 4607.707520 5547.329102 5965.191406 5515.747070 4551.179199 3595.383057 3813.031250 4878.958496 6001.252930 6521.545410 6001.252930 4878.958496 3813.031250 3595.383057 4551.179199 5515.747070 5965.191406 5547.329102 4607.707520 3674.546143 3101.401367 3826.312744 4467.199707 4757.127441 4517.609863 3915.255127 3224.659180 2457.067871 3001.467041 3411.353271 3589.719238 3476.346924 3111.747314 2603.316406,
 1349.091187 1250.503906 1288.506470 1297.062134 1127.885620 948.983704 913.564331 1367.614746 1627.008789 2279.535645 2618.695801 2132.259277 1360.442383 1025.841309 1633.554565 2504.393555 4047.406494 4853.916992 3964.507080 2362.457031 1476.206177 1774.502563 2961.045654 4962.317383 6022.987305 4962.317383 2961.045654 1774.502563 1476.206177 2362.457031 3964.507080 4853.916992 4047.406494 2504.393555 1633.554565 1025.841309 1360.442383 2132.259277 2618.695801 2279.535645 1627.008789 1367.614746 913.564331 948.983704 1127.885620 1297.062134 1288.506470 1250.503906 1349.091187,
 1280.158813 1153.055908 1167.135742 1245.083618 1254.111816 1242.583252 1298.584595 1264.430542 1095.435913 1198.913452 1317.822998 1104.242798 932.913208 1039.653198 1315.095703 1432.200317 2308.131104 2863.075195 2058.063721 1078.494263 952.062744 1224.014404 1569.544434 3037.755859 4047.663330 3037.755859 1569.544434 1224.014404 952.062744 1078.494263 2058.063721 2863.075195 2308.131104 1432.200317 1315.095703 1039.653198 932.913208 1104.242798 1317.822998 1198.913452 1095.435913 1264.430542 1298.584595 1242.583252 1254.111816 1245.083618 1167.135742 1153.055908 1280.158813,
 507.439484 685.487061 661.201843 607.823975 603.084290 591.133545 396.102753 768.542053 1044.257690 1127.629517 1061.328979 911.832581 861.831360 765.071716 994.819458 1270.763672 1631.326660 1779.624268 1408.065430 1051.355957 929.142212 1028.504883 1254.471069 1809.384155 2207.466553 1809.384155 1254.471069 1028.504883 929.142212 1051.355957 1408.065430 1779.624268 1631.326660 1270.763672 994.819458 765.071716 861.831360 911.832581 1061.328979 1127.629517 1044.257690 768.542053 396.102753 591.133545 603.084290 607.823975 661.201843 685.487061 507.439484,
 -572.065735 -456.912598 -425.004608 -496.600250 -525.687683 -500.420166 -530.665955 -360.856201 -64.848602 208.499084 232.372803 61.876831 -133.332718 -308.692871 35.741154 501.785248 1032.572021 1214.555908 921.531372 442.147980 63.579433 261.503601 770.528076 1402.303101 1705.621094 1402.303101 770.528076 261.503601 63.579433 442.147980 921.531372 1214.555908 1032.572021 501.785248 35.741154 -308.692871 -133.332718 61.876831 232.372803 208.499084 -64.848602 -360.856201 -530.665955 -500.420166 -525.687683 -496.600250 -425.004608 -456.912598 -572.065735,

Auto-correlations of the modulus of each oriented sub-band
 74.455276 81.992859 89.380005 92.479050 89.322632 81.655319 73.380219 92.898285 104.859383 116.041252 120.580833 115.746040 104.151878 91.537079 110.704803 127.751190 143.399567 149.712967 142.964874 126.928543 109.492523 117.907021 137.612045 155.826233 163.416763 155.826233 137.612045 117.907021 109.492523 126.928543 142.964874 149.712967 143.399567 127.751190 110.704803 91.537079 104.151878 115.746040 120.580833 116.041252 104.859383 92.898285 73.380219 81.655319 89.322632 92.479050 89.380005 81.992859 74.455276,
 106.559784 110.849258 110.129257 103.770187 93.114334 80.609116 68.653381 110.749588 125.331177 134.139328 132.210617 119.730354 101.236633 82.148788 110.930832 134.586868 153.225204 157.314087 144.181290 120.582458 95.213394 105.561752 133.184189 157.606964 167.915573 157.606964 133.184189 105.561752 95.213394 120.582458 144.181290 157.314087 153.225204 134.586868 110.930832 82.148788 101.236633 119.730354 132.210617 134.139328 125.331177 110.749588 68.653381 80.609116 93.114334 103.770187 110.129257 110.849258 106.559784,
 78.545990 99.902908 120.191574 128.229950 118.263779 97.724915 78.245239 85.108849 110.824745 136.188934 147.016449 135.086212 109.779076 85.440285 91.506691 120.851006 150.606735 164.025787 150.133865 120.487022 91.858635 94.322609 124.883194 156.373505 171.036163 156.373505 124.883194 94.322609 91.858635 120.487022 150.133865 164.025787 150.606735 120.851006 91.506691 85.440285 109.779076 135.086212 147.016449 136.188934 110.824745 85.108849 78.245239 97.724915 118.263779 128.229950 120.191574 99.902908 78.545990,
 82.264793 92.445221 101.916832 109.041443 112.350060 111.204437 106.348961 92.606827 109.730919 125.688179 135.575943 135.420395 125.482841 110.914322 102.382401 126.158157 148.429443 160.443512 155.282471 135.952011 112.619141 109.640900 136.371277 160.751892 171.240097 160.751892 136.371277 109.640900 112.619141 135.952011 155.282471 160.443512 148.429443 126.158157 102.382401 110.914322 125.482841 135.420395 135.575943 125.688179 109.730919 92.606827 106.348961 111.204437 112.350060 109.041443 101.916832 92.445221 82.264793,
 210.425018 215.921310 218.562195 217.143280 211.663940 203.180832 192.715973 271.632446 293.214996 309.597992 313.999634 303.206818 280.446991 252.063721 337.982788 382.292419 419.929535 434.559937 417.031281 375.670837 326.634888 364.807922 422.529968 473.067627 494.293793 473.067627 422.529968 364.807922 326.634888 375.670837 417.031281 434.559937 419.929535 382.292419 337.982788 252.063721 280.446991 303.206818 313.999634 309.597992 293.214996 271.632446 192.715973 203.180832 211.663940 217.143280 218.562195 215.921310 210.425018,
 301.688202 323.061310 306.273132 256.362183 204.699402 177.256866 174.503113 312.969421 368.518982 387.490845 347.713623 274.355408 213.079239 185.358459 293.518188 375.729553 442.051331 438.987122 363.418152 272.488953 212.601669 253.526535 336.995972 433.221130 479.747040 433.221130 336.995972 253.526535 212.601669 272.488953 363.418152 438.987122 442.051331 375.729553 293.518188 185.358459 213.079239 274.355408 347.713623 387.490845 368.518982 312.969421 174.503113 177.256866 204.699402 256.362183 306.273132 323.061310 301.688202,
 256.551880 325.679047 394.986176 423.845886 392.169098 324.243439 258.290710 265.246948 350.298431 440.526459 479.870880 437.709564 349.143524 266.899475 273.174927 371.138824 479.515717 529.271240 477.429413 370.098114 273.710815 276.516541 379.154419 494.743225 550.070801 494.743225 379.154419 276.516541 273.710815 370.098114 477.429413 529.271240 479.515717 371.138824 273.174927 266.899475 349.143524 437.709564 479.870880 440.526459 350.298431 265.246948 258.290710 324.243439 392.169098 423.845886 394.986176 325.679047 256.551880,
 182.081177 206.156845 242.282745 284.696289 316.421783 319.674255 292.927673 205.054047 246.833862 305.269592 362.485413 386.860596 363.666687 311.741364 240.314301 304.074066 383.763977 443.839233 441.615356 382.268097 308.350983 280.475952 359.122925 442.517761 481.732849 442.517761 359.122925 280.475952 308.350983 382.268097 441.615356 443.839233 383.763977 304.074066 240.314301 311.741364 363.666687 386.860596 362.485413 305.269592 246.833862 205.054047 292.927673 319.674255 316.421783 284.696289 242.282745 206.156845 182.081177,
 129.379166 133.415756 130.435806 125.045647 119.153145 114.725571 112.313034 156.412247 186.511292 209.229156 214.967560 198.295502 167.755615 138.479660 203.453583 274.524475 338.843475 362.794434 327.606720 254.581543 182.101807 221.743286 317.418304 411.269989 452.611664 411.269989 317.418304 221.743286 182.101807 254.581543 327.606720 362.794434 338.843475 274.524475 203.453583 138.479660 167.755615 198.295502 214.967560 209.229156 186.511292 156.412247 112.313034 114.725571 119.153145 125.045647 130.435806 133.415756 129.379166,
 124.855606 135.533798 133.946808 117.197220 95.761467 76.137680 59.812420 149.873566 202.190552 235.551743 214.009949 156.251236 103.498589 66.916801 149.981339 239.542068 336.690155 346.017578 254.101410 153.612717 90.549301 124.286896 214.174194 344.343170 419.303986 344.343170 214.174194 124.286896 90.549301 153.612717 254.101410 346.017578 336.690155 239.542068 149.981339 66.916801 103.498589 156.251236 214.009949 235.551743 202.190552 149.873566 59.812420 76.137680 95.761467 117.197220 133.946808 135.533798 124.855606,
 221.666534 236.689255 275.450592 308.206665 303.560760 267.832397 220.286652 221.362991 265.922974 357.760803 423.088928 389.676208 297.794312 215.374496 213.522354 293.421478 438.368530 532.294495 460.830811 314.095795 208.971634 207.913116 312.177490 481.045593 579.360962 481.045593 312.177490 207.913116 208.971634 314.095795 460.830811 532.294495 438.368530 293.421478 213.522354 215.374496 297.794312 389.676208 423.088928 357.760803 265.922974 221.362991 220.286652 267.832397 303.560760 308.206665 275.450592 236.689255 221.666534,
 135.300018 124.078812 150.187500 197.386963 222.266205 207.311081 177.755463 139.533813 150.815674 211.728149 291.163177 318.097290 272.240387 208.628876 160.658844 209.353058 318.482574 423.814697 414.987030 309.037872 213.968658 191.925156 279.189941 418.309387 498.100189 418.309387 279.189941 191.925156 213.968658 309.037872 414.987030 423.814697 318.482574 209.353058 160.658844 208.628876 272.240387 318.097290 291.163177 211.728149 150.815674 139.533813 177.755463 207.311081 222.266205 197.386963 150.187500 124.078812 135.300018,
 21.410295 22.419769 22.864212 22.493900 18.802521 9.150756 -6.925200 23.229473 28.982492 36.338543 40.254066 35.370090 22.533651 6.417693 21.026087 38.884621 63.867920 79.682541 72.378601 48.750328 24.003908 27.488640 58.874992 95.833321 114.017502 95.833321 58.874992 27.488640 24.003908 48.750328 72.378601 79.682541 63.867920 38.884621 21.026087 6.417693 22.533651 35.370090 40.254066 36.338543 28.982492 23.229473 -6.925200 9.150756 18.802521 22.493900 22.864212 22.419769 21.410295,
 0.537541 2.387088 7.404518 8.588398 6.563810 7.205333 5.817153 14.303283 19.155996 28.158701 28.110935 18.807608 14.328723 13.866303 23.909386 33.962524 52.592266 57.667034 40.161366 24.114029 19.314857 24.242653 34.798347 58.927288 75.093460 58.927288 34.798347 24.242653 19.314857 24.114029 40.161366 57.667034 52.592266 33.962524 23.909386 13.866303 14.328723 18.807608 28.110935 28.158701 19.155996 14.303283 5.817153 7.205333 6.563810 8.588398 7.404518 2.387088 0.537541,
 4.304197 9.735963 16.311249 20.639351 14.844689 7.263568 0.071498 14.319408 22.261871 35.411449 46.842064 33.671009 14.258285 1.938971 18.582201 29.491920 52.446598 72.310715 51.305294 22.889233 8.528200 15.816132 29.314396 59.308998 83.790573 59.308998 29.314396 15.816132 8.528200 22.889233 51.305294 72.310715 52.446598 29.491920 18.582201 1.938971 14.258285 33.671009 46.842064 35.411449 22.261871 14.319408 0.071498 7.263568 14.844689 20.639351 16.311249 9.735963 4.304197,
 3.483568 9.440348 22.415627 35.439095 41.550591 35.082878 18.064550 8.549293 27.327341 52.481270 74.173843 78.623528 59.016319 29.301613 16.916292 48.972366 87.543381 116.556709 111.470261 74.723450 35.033768 28.869091 69.434662 115.075684 137.867783 115.075684 69.434662 28.869091 35.033768 74.723450 111.470261 116.556709 87.543381 48.972366 16.916292 29.301613 59.016319 78.623528 74.173843 52.481270 27.327341 8.549293 18.064550 35.082878 41.550591 35.439095 22.415627 9.440348 3.483568,

Pairwise cross-correlations of the modulus of all oriented sub-bands at the same scale (size QxQ)
 163.416779 112.247177 67.121719 112.615936,
 112.247177 167.915573 114.046806 74.720291,
 67.121719 114.046806 171.036194 116.912811,
 112.615936 74.720291 116.912811 171.240128,
 494.293793 388.420593 353.654053 388.718964,
 388.420593 479.747070 404.366516 331.603882,
 353.654053 404.366516 550.070862 419.535461,
 388.718964 331.603882 419.535461 481.732849,
 452.611694 341.386353 318.688721 353.723816,
 341.386353 419.304047 361.161652 307.643402,
 318.688721 361.161652 579.360962 412.357788,
 353.723816 307.643402 412.357788 498.100220,
 114.017502 49.305725 30.606712 79.565102,
 49.305725 75.093460 50.238602 52.434349,
 30.606712 50.238602 83.790581 73.947533,
 79.565102 52.434349 73.947533 137.867767,

Cross-correlations of the modulus of all oriented sub-bands with all oriented sub-bands at the coarser scale (size QxQ)
 240.355743 196.272385 170.802078 195.705811,
 205.527985 245.053101 220.057053 169.096893,
 157.651474 197.251694 263.628510 203.701492,
 207.512558 167.208725 225.963837 248.871521,
 356.325775 288.122620 330.942688 330.766876,
 333.630035 330.161560 356.705627 325.213776,
 342.509003 313.744080 435.737610 385.910767,
 337.277466 268.731903 371.940643 373.647888,
 132.861725 92.955231 79.655296 131.228455,
 99.726242 91.838844 90.832886 113.518394,
 108.256279 88.565567 110.214561 135.346085,
 119.070778 85.309586 98.874390 147.217438,

Cross-correlations of the real part of each oriented sub-band with both the real and imaginary part of all phase-doubled oriented sub-bands at the next coarser scale (Q matrices of size 1x2Q, which are computed and stored in a matrix of size Qx2Q)
 106.670464 46.572235 3.527740 47.393833 -5.599199 -2.008310 -0.755583 -1.593888,
 47.025143 101.306259 50.107666 6.417685 -2.336599 1.317346 2.783802 -0.239709,
 4.052344 47.331760 113.592728 47.547421 0.222675 1.855570 0.910310 -5.392228,
 47.718102 6.122479 47.797436 98.625359 -1.470941 -0.864036 -2.550495 -8.540661,
 -110.146828 -77.925262 -7.266817 -43.535709 -26.938606 -1.454590 0.354856 8.381979,
 -69.626015 -175.056168 -81.945534 -8.567708 -7.307345 -7.664542 -2.785761 3.822443,
 -6.351721 -88.189255 -172.318283 -58.470116 2.420528 -7.732608 29.453669 -3.034333,
 -33.467075 -12.764141 -67.551781 -108.191620 -6.898562 -1.527568 23.826813 -3.777541,
 -66.077240 -35.360825 -1.061947 -39.785721 -16.116001 -2.544671 -1.346135 -6.813171,
 -29.098623 -78.850143 -19.623074 -5.267959 -8.681130 2.636166 -14.242865 -1.437815,
 -4.975178 -28.671717 -29.932610 -16.053818 1.472785 -3.275697 -55.525513 -21.736694,
 -36.464100 -2.155089 -8.832053 -48.952145 0.573835 -2.377643 -31.469944 -31.519497,
