Low-band skewness and kurtosis
 -2.158446 6.002009,
 -2.210723 6.701253,
 -1.622145 4.701621,
 -1.277335 4.265721,
 -1.171826 3.313585,

High-band variance
 152.530273,

Skewness, kurtosis, variance, mean, maximum and minimum of the reconstructed texture
 -2.145896 5.753474 6755.617676 221.294495 255.000000 0.000000,

Auto-correlations of the low-frequency bands at each scale
 2410.326172 3001.492432 3442.718994 3637.725342 3539.973389 3192.119873 2665.070312 3049.082520 3840.443359 4516.393066 4821.394043 4589.440918 3981.580078 3237.729980 3521.007568 4553.525879 5557.476074 6021.229980 5599.363770 4634.057129 3629.932861 3735.777588 4878.200684 6037.559570 6569.523438 6037.559570 4878.200684 3735.777588 3629.932861 4634.057129 5599.363770 6021.229980 5557.476074 4553.525879 3521.007568 3237.729980 3981.580078 4589.440918 4821.394043 4516.393066 3840.443359 3049.082520 2665.070312 3192.119873 3539.973389 3637.725342 3442.718994 3001.492432 2410.326172,
 660.483032 672.382935 882.291260 1105.905396 1149.074707 1052.452759 940.285889 756.102661 1236.791382 2091.442383 2628.229248 2328.538086 1585.925415 1055.388794 989.414734 2184.625244 3960.304932 4915.316406 4111.107422 2412.925537 1202.805054 1201.536865 2759.994141 4965.791016 6073.857910 4965.791016 2759.994141 1201.536865 1202.805054 2412.925537 4111.107422 4915.316406 3960.304932 2184.625244 989.414734 1055.388794 1585.925415 2328.538086 2628.229248 2091.442383 1236.791382 756.102661 940.285889 1052.452759 1149.074707 1105.905396 882.291260 672.382935 660.483032,
 1039.668945 640.463623 361.558655 590.769653 845.083679 844.131836 834.038818 1046.493042 503.919678 530.850464 1031.540405 1009.746216 723.104492 808.590881 720.301697 584.018066 1765.215332 2870.542725 2097.027588 858.794312 749.692200 649.894043 916.355713 2822.401367 4180.460449 2822.401367 916.355713 649.894043 749.692200 858.794312 2097.027588 2870.542725 1765.215332 584.018066 720.301697 808.590881 723.104492 1009.746216 1031.540405 530.850464 503.919678 1046.493042 834.038818 844.131836 845.083679 590.769653 361.558655 640.463623 1039.668945,
 108.798553 258.587372 292.016815 458.188416 779.287354 860.218506 610.413940 330.360962 341.771393 377.432617 564.817749 743.406860 806.483032 714.012817 572.713745 668.318237 1045.226685 1375.093994 1121.495483 757.464478 645.769775 638.169739 844.233093 1504.444092 1984.131470 1504.444092 844.233093 638.169739 645.769775 757.464478 1121.495483 1375.093994 1045.226685 668.318237 572.713745 714.012817 806.483032 743.406860 564.817749 377.432617 341.771393 330.360962 610.413940 860.218506 779.287354 458.188416 292.016815 258.587372 108.798553,
 -505.355621 -479.400146 -356.889526 -187.374847 -70.840897 -77.473572 -222.449799 -451.155853 -299.336334 21.273697 345.240295 453.540039 282.171173 -59.706024 -264.693787 63.061707 557.281799 921.502197 870.572449 465.411499 -7.624573 -81.427277 385.417755 932.310791 1189.537598 932.310791 385.417755 -81.427277 -7.624573 465.411499 870.572449 921.502197 557.281799 63.061707 -264.693787 -59.706024 282.171173 453.540039 345.240295 21.273697 -299.336334 -451.155853 -222.449799 -77.473572 -70.840897 -187.374847 -356.889526 -479.400146 -505.355621,

Auto-correlations of the modulus of each oriented sub-band
 65.057541 73.621307 81.979729 85.905220 83.458565 76.531601 69.259354 82.569534 95.734245 108.012016 113.337524 108.997887 97.759163 85.656052 99.953941 118.094818 134.703384 141.614960 135.153305 119.149200 101.734016 108.167267 128.516068 147.274323 155.051544 147.274323 128.516068 108.167267 101.734016 119.149200 135.153305 141.614960 134.703384 118.094818 99.953941 85.656052 97.759163 108.997887 113.337524 108.012016 95.734245 82.569534 69.259354 76.531601 83.458565 85.905220 81.979729 73.621307 65.057541,
 99.416412 103.593201 103.615913 98.379944 88.918663 77.496948 66.141602 103.439346 118.391922 128.282532 127.370804 115.580315 97.600845 78.862930 103.929062 128.183167 148.130371 153.086823 140.017517 116.148689 90.735916 99.643036 127.688461 153.084702 163.923447 153.084702 127.688461 99.643036 90.735916 116.148689 140.017517 153.086823 148.130371 128.183167 103.929062 78.862930 97.600845 115.580315 127.370804 128.282532 118.391922 103.439346 66.141602 77.496948 88.918663 98.379944 103.615913 103.593201 99.416412,
 64.102417 83.571159 102.855980 112.409302 106.327797 89.542534 71.511444 73.076065 96.610985 120.373276 131.851349 122.864151 100.832741 78.256287 81.718811 108.802200 136.512100 149.709579 137.766220 110.923874 84.315369 86.043167 114.417191 143.498413 157.112946 143.498413 114.417191 86.043167 84.315369 110.923874 137.766220 149.709579 136.512100 108.802200 81.718811 78.256287 100.832741 122.864151 131.851349 120.373276 96.610985 73.076065 71.511444 89.542534 106.327797 112.409302 102.855980 83.571159 64.102417,
 62.918835 77.626877 91.089218 100.466431 103.934982 101.740036 96.148911 76.978546 98.675781 118.551590 130.564667 130.409836 119.157043 103.079010 90.837524 118.872749 144.409470 157.845596 152.261795 131.228210 105.434433 101.207291 131.399017 158.106659 169.361145 158.106659 131.399017 101.207291 105.434433 131.228210 152.261795 157.845596 144.409470 118.872749 90.837524 103.079010 119.157043 130.409836 130.564667 118.551590 98.675781 76.978546 96.148911 101.740036 103.934982 100.466431 91.089218 77.626877 62.918835,
 135.183594 145.469849 153.550674 156.727325 154.450516 148.893860 142.253143 181.260361 205.047546 225.127350 234.154205 228.733643 213.608093 195.291763 236.948074 279.457275 317.462585 334.147522 320.377014 286.672974 248.656479 267.905731 319.001038 365.921143 386.481873 365.921143 319.001038 267.905731 248.656479 286.672974 320.377014 334.147522 317.462585 279.457275 236.948074 195.291763 213.608093 228.733643 234.154205 225.127350 205.047546 181.260361 142.253143 148.893860 154.450516 156.727325 153.550674 145.469849 135.183594,
 266.093781 283.506653 271.595612 235.507858 191.464905 156.079636 135.373230 290.362366 339.249756 355.485718 326.833282 266.296265 203.902771 159.914734 281.054657 358.449860 415.924500 416.006226 353.856506 268.639496 198.729218 244.563339 329.853455 416.449158 455.735657 416.449158 329.853455 244.563339 198.729218 268.639496 353.856506 416.006226 415.924500 358.449860 281.054657 159.914734 203.902771 266.296265 326.833282 355.485718 339.249756 290.362366 135.373230 156.079636 191.464905 235.507858 271.595612 283.506653 266.093781,
 144.894028 209.308807 280.229523 313.598938 283.186798 213.499146 142.735458 156.405334 236.975601 331.203156 376.949768 333.071014 240.500046 154.278290 163.866959 258.596710 373.739685 431.751160 374.603821 260.821991 162.951584 166.431793 267.956177 391.376770 455.057007 391.376770 267.956177 166.431793 162.951584 260.821991 374.603821 431.751160 373.739685 258.596710 163.866959 154.278290 240.500046 333.071014 376.949768 331.203156 236.975601 156.405334 142.735458 213.499146 283.186798 313.598938 280.229523 209.308807 144.894028,
 106.690704 137.406998 188.588837 244.959122 280.941559 280.622375 250.000244 134.692154 188.007095 261.678589 327.957397 351.503479 324.269775 268.990234 177.824600 254.307037 345.415283 408.992554 404.154236 341.190643 261.749084 226.654495 315.000916 404.386047 445.036499 404.386047 315.000916 226.654495 261.749084 341.190643 404.154236 408.992554 345.415283 254.307037 177.824600 268.990234 324.269775 351.503479 327.957397 261.678589 188.007095 134.692154 250.000244 280.622375 280.941559 244.959122 188.588837 137.406998 106.690704,
 169.990326 171.117767 165.201813 155.718246 146.812958 142.327271 144.604767 228.975739 251.152161 260.881226 251.755554 226.432602 198.027466 180.168579 274.640717 346.273041 407.519348 423.815796 383.772583 312.186127 245.945526 291.149597 392.091583 491.520691 534.897217 491.520691 392.091583 291.149597 245.945526 312.186127 383.772583 423.815796 407.519348 346.273041 274.640717 180.168579 198.027466 226.432602 251.755554 260.881226 251.152161 228.975739 144.604767 142.327271 146.812958 155.718246 165.201813 171.117767 169.990326,
 239.383667 236.252991 194.273270 136.677429 89.871323 70.619324 87.217155 298.189972 363.317139 365.876892 295.916412 194.361771 111.101486 74.033791 282.617645 419.841522 516.941895 495.715637 366.547119 218.640045 116.602531 203.458557 352.423401 518.465698 597.728638 518.465698 352.423401 203.458557 116.602531 218.640045 366.547119 495.715637 516.941895 419.841522 282.617645 74.033791 111.101486 194.361771 295.916412 365.876892 363.317139 298.189972 87.217155 70.619324 89.871323 136.677429 194.273270 236.252991 239.383667,
 66.102173 88.415131 129.534393 174.039459 170.008575 120.101822 75.690216 67.275101 122.245079 225.242310 304.054138 253.528564 130.061691 54.285187 56.363861 145.517532 316.955139 432.797424 331.457825 142.502243 41.542236 43.691883 150.871368 359.696594 489.315796 359.696594 150.871368 43.691883 41.542236 142.502243 331.457825 432.797424 316.955139 145.517532 56.363861 54.285187 130.061691 253.528564 304.054138 225.242310 122.245079 67.275101 75.690216 120.101822 170.008575 174.039459 129.534393 88.415131 66.102173,
 81.085968 81.414940 85.324402 110.824821 139.084885 142.274277 127.895508 102.358505 114.625504 153.819244 213.375687 236.766266 199.991531 150.447845 123.170975 170.059631 269.613831 362.053528 349.778625 247.525421 159.627884 146.333221 232.390503 369.080444 444.436798 369.080444 232.390503 146.333221 159.627884 247.525421 349.778625 362.053528 269.613831 170.059631 123.170975 150.447845 199.991531 236.766266 213.375687 153.819244 114.625504 102.358505 127.895508 142.274277 139.084885 110.824821 85.324402 81.414940 81.085968,
 -16.065067 -20.041113 -17.624603 -7.788265 6.441166 20.039701 28.764290 -4.578566 -2.935926 1.074865 6.884702 13.749500 19.822655 22.370684 12.438747 31.925766 51.295231 60.877110 56.396351 42.810608 26.294682 28.744541 59.486641 89.627289 103.302719 89.627289 59.486641 28.744541 26.294682 42.810608 56.396351 60.877110 51.295231 31.925766 12.438747 22.370684 19.822655 13.749500 6.884702 1.074865 -2.935926 -4.578566 28.764290 20.039701 6.441166 -7.788265 -17.624603 -20.041113 -16.065067,
 27.675049 48.919899 53.095558 50.271317 43.627968 31.264542 18.487381 20.715151 55.878304 79.525284 75.149826 53.634293 33.716667 16.479727 15.155434 56.425278 106.593643 118.486031 79.770706 39.959366 16.023491 14.859147 49.839432 107.286850 143.701904 107.286850 49.839432 14.859147 16.023491 39.959366 79.770706 118.486031 106.593643 56.425278 15.155434 16.479727 33.716667 53.634293 75.149826 79.525284 55.878304 20.715151 18.487381 31.264542 43.627968 50.271317 53.095558 48.919899 27.675049,
 28.276192 55.595524 63.872227 70.036797 61.143490 41.565052 31.700603 26.945152 60.349537 93.010582 113.827232 90.418098 53.391338 39.734253 27.991671 62.030113 117.206932 154.377594 115.434242 59.550758 38.591995 32.859234 61.825153 126.164413 171.895996 126.164413 61.825153 32.859234 38.591995 59.550758 115.434242 154.377594 117.206932 62.030113 27.991671 39.734253 53.391338 90.418098 113.827232 93.010582 60.349537 26.945152 31.700603 41.565052 61.143490 70.036797 63.872227 55.595524 28.276192,
 10.833868 2.902109 -4.351780 6.818839 21.943638 16.930723 7.833132 20.879715 11.899984 18.239986 48.628429 64.455627 44.936134 28.367580 27.891041 24.509977 54.479572 99.060898 97.536697 56.764748 36.322598 33.035728 44.317318 92.242363 125.344955 92.242363 44.317318 33.035728 36.322598 56.764748 97.536697 99.060898 54.479572 24.509977 27.891041 28.367580 44.936134 64.455627 48.628429 18.239986 11.899984 20.879715 7.833132 16.930723 21.943638 6.818839 -4.351780 2.902109 10.833868,

Pairwise cross-correlations of the modulus of all oriented sub-bands at the same scale (size QxQ)
 155.051529 105.777260 61.529587 108.683731,
 105.777260 163.923462 106.960663 64.424629,
 61.529587 106.960663 157.112976 107.011894,
 108.683731 64.424629 107.011894 169.361191,
 386.481903 320.176819 280.236420 321.722504,
 320.176819 455.735657 354.188629 293.611389,
 280.236420 354.188629 455.057068 348.894379,
 321.722504 293.611389 348.894379 445.036499,
 534.897217 400.319214 294.866119 365.129456,
 400.319214 597.728699 386.121887 314.958130,
 294.866119 386.121887 489.315857 333.227295,
 365.129456 314.958130 333.227295 444.436829,
 103.302727 63.891098 77.292755 66.460602,
 63.891098 143.701920 95.335999 38.453243,
 77.292755 95.335999 171.895996 92.183861,
 66.460602 38.453243 92.183861 125.344971,

Cross-correlations of the modulus of all oriented sub-bands with all oriented sub-bands at the coarser scale (size QxQ)
 207.632172 182.183487 146.700363 180.586456,
 173.233765 232.793289 190.615585 149.928635,
 134.720657 185.502228 225.966660 182.274628,
 178.508881 153.775879 190.586731 229.765213,
 363.572205 315.265961 226.946930 297.588562,
 346.468811 385.206238 292.255890 289.333130,
 306.141418 339.272675 348.677185 328.511292,
 337.583984 302.558441 292.416107 351.050537,
 100.108818 117.816444 125.450661 113.334991,
 73.131493 127.692757 110.641296 82.084335,
 72.889923 115.469070 110.540359 91.102432,
 94.788330 100.296616 124.401077 120.311470,

Cross-correlations of the real part of each oriented sub-band with both the real and imaginary part of all phase-doubled oriented sub-bands at the next coarser scale (Q matrices of size 1x2Q, which are computed and stored in a matrix of size Qx2Q)
 81.665298 37.326351 5.048548 38.275776 -1.462815 -1.151457 -0.142853 -2.450204,
 38.044037 90.678856 44.856449 3.653764 -1.552390 -3.936151 -1.815395 -0.379137,
 4.891320 43.062695 92.559761 42.489708 -0.559666 -3.244730 2.614654 1.425382,
 37.733494 3.767368 38.919014 92.991211 0.006970 -0.631144 3.922154 -1.315907,
 -166.177063 -73.398247 -8.980384 -59.371208 33.419960 2.246002 0.249798 -11.118435,
 -78.530830 -174.830597 -90.856911 -9.704209 9.127726 2.977932 -0.986979 -1.748565,
 -10.725183 -86.725967 -177.152252 -63.731747 1.829270 2.924974 -1.687183 -7.265830,
 -72.133728 -11.055190 -67.226357 -132.914490 19.980171 2.802132 -0.746655 -12.758829,
 -101.043083 -30.045076 -4.742200 -31.607822 -1.642955 16.790550 4.435056 7.780406,
 -41.386032 -61.300884 -31.279064 -0.480861 2.858550 30.144344 17.917046 5.629534,
 -2.117628 -27.847914 -59.345165 -24.495857 1.211935 13.841750 54.468185 36.728306,
 -45.347878 -4.122727 -25.497293 -72.761299 -2.546879 4.243687 31.552374 45.467430,
