Low-band skewness and kurtosis
 -2.188618 6.132542,
 -2.267746 6.998487,
 -1.607659 4.583873,
 -1.217732 3.661653,
 -1.322395 3.885919,

High-band variance
 146.522034,

Skewness, kurtosis, variance, mean, maximum and minimum of the reconstructed texture
 -2.174785 5.878029 6683.532227 221.807190 255.000000 0.000000,

Auto-correlations of the low-frequency bands at each scale
 2539.546875 3016.863281 3381.784668 3540.857910 3430.918457 3076.887207 2558.536133 3173.504639 3842.253662 4440.750977 4711.990234 4475.822266 3874.292236 3156.201904 3630.212158 4561.559570 5503.219238 5938.049805 5516.442871 4566.809570 3604.146240 3786.353271 4862.239746 5986.290527 6504.580566 5986.290527 4862.239746 3786.353271 3604.146240 4566.809570 5516.442871 5938.049805 5503.219238 4561.559570 3630.212158 3156.201904 3874.292236 4475.822266 4711.990234 4440.750977 3842.253662 3173.504639 2558.536133 3076.887207 3430.918457 3540.857910 3381.784668 3016.863281 2539.546875,
 937.162354 927.908325 1073.839600 1219.186523 1216.366211 1122.574829 1050.632568 1239.588989 1513.371460 2174.112549 2588.526367 2237.200928 1511.668579 1080.059448 1581.805786 2461.929199 3989.103516 4822.170898 3998.977539 2394.156738 1400.448608 1682.222168 2929.984375 4937.474609 5986.925781 4937.474609 2929.984375 1682.222168 1400.448608 2394.156738 3998.977539 4822.170898 3989.103516 2461.929199 1581.805786 1080.059448 1511.668579 2237.200928 2588.526367 2174.112549 1513.371460 1239.588989 1050.632568 1122.574829 1216.366211 1219.186523 1073.839600 927.908325 937.162354,
 793.869995 516.199158 429.611145 680.979797 890.840149 960.777893 1041.821899 905.824707 659.304932 770.751404 1138.381714 1054.372192 831.894409 930.854736 1024.504028 1178.737671 2117.022217 2871.858887 2130.183838 1042.423218 832.192505 947.651611 1418.628174 2997.752441 4072.797363 2997.752441 1418.628174 947.651611 832.192505 1042.423218 2130.183838 2871.858887 2117.022217 1178.737671 1024.504028 930.854736 831.894409 1054.372192 1138.381714 770.751404 659.304932 905.824707 1041.821899 960.777893 890.840149 680.979797 429.611145 516.199158 793.869995,
 67.378693 370.708130 490.221985 564.347046 672.701111 732.853516 761.776489 335.819244 581.079346 675.117371 778.794128 857.410461 932.441162 968.525024 455.651855 689.389587 1173.050781 1552.023560 1315.911377 932.664856 837.782715 596.049622 834.092651 1606.214355 2129.777588 1606.214355 834.092651 596.049622 837.782715 932.664856 1315.911377 1552.023560 1173.050781 689.389587 455.651855 968.525024 932.441162 857.410461 778.794128 675.117371 581.079346 335.819244 761.776489 732.853516 672.701111 564.347046 490.221985 370.708130 67.378693,
 -567.457703 -511.564819 -350.243652 -169.292023 -47.775314 -67.074326 -248.127808 -552.718872 -395.820190 -33.030212 311.531311 455.860535 332.660583 -20.513336 -403.531616 -7.584137 597.219727 1018.614136 988.812988 580.965942 31.103455 -150.547455 439.087463 1090.249756 1385.546631 1090.249756 439.087463 -150.547455 31.103455 580.965942 988.812988 1018.614136 597.219727 -7.584137 -403.531616 -20.513336 332.660583 455.860535 311.531311 -33.030212 -395.820190 -552.718872 -248.127808 -67.074326 -47.775314 -169.292023 -350.243652 -511.564819 -567.457703,

Auto-correlations of the modulus of each oriented sub-band
 68.842331 76.340210 82.860535 84.906479 81.050537 73.035889 64.514435 87.422501 100.000877 110.866104 114.730682 109.403900 97.480568 84.408752 105.646690 123.474792 139.045425 145.047867 138.248642 122.144714 104.165016 113.244110 133.605270 151.777664 159.234940 151.777664 133.605270 113.244110 104.165016 122.144714 138.248642 145.047867 139.045425 123.474792 105.646690 84.408752 97.480568 109.403900 114.730682 110.866104 100.000877 87.422501 64.514435 73.035889 81.050537 84.906479 82.860535 76.340210 68.842331,
 109.068359 114.291672 116.497307 113.700821 105.763527 94.109909 80.847534 116.392532 131.233078 142.181885 143.248016 133.035767 115.264969 95.191208 119.778397 143.324493 163.043030 168.888229 157.076050 133.920380 108.109009 116.978127 144.572968 169.118118 179.552414 169.118118 144.572968 116.978127 108.109009 133.920380 157.076050 168.888229 163.043030 143.324493 119.778397 95.191208 115.264969 133.035767 143.248016 142.181885 131.233078 116.392532 80.847534 94.109909 105.763527 113.700821 116.497307 114.291672 109.068359,
 83.015518 103.394432 122.666321 130.619415 121.997040 102.920998 83.354233 91.607063 116.689110 141.062897 151.495636 140.273804 115.880638 91.338676 99.183060 128.357803 157.350357 170.331207 156.805466 127.747208 98.840805 102.086243 132.823090 163.746338 178.082397 163.746338 132.823090 102.086243 98.840805 127.747208 156.805466 170.331207 157.350357 128.357803 99.183060 91.338676 115.880638 140.273804 151.495636 141.062897 116.689110 91.607063 83.354233 102.920998 121.997040 130.619415 122.666321 103.394432 83.015518,
 78.356628 90.896515 102.415840 110.351624 112.913139 110.097717 103.683411 90.376717 110.249321 127.971436 138.111664 136.899628 125.229439 108.766441 101.152473 127.459274 150.836761 162.626404 156.634491 136.030838 110.781181 108.350182 137.157867 162.363678 172.915665 162.363678 137.157867 108.350182 110.781181 136.030838 156.634491 162.626404 150.836761 127.459274 101.152473 108.766441 125.229439 136.899628 138.111664 127.971436 110.249321 90.376717 103.683411 110.097717 112.913139 110.351624 102.415840 90.896515 78.356628,
 159.956055 169.454636 175.232452 175.264648 168.395294 156.222733 141.710144 223.918137 250.368668 269.452759 274.763306 263.431091 239.716599 210.319351 289.737335 339.448181 378.913269 393.715179 376.666504 335.979858 285.748138 319.758667 381.735046 432.942810 453.761169 432.942810 381.735046 319.758667 285.748138 335.979858 376.666504 393.715179 378.913269 339.448181 289.737335 210.319351 239.716599 263.431091 274.763306 269.452759 250.368668 223.918137 141.710144 156.222733 168.395294 175.264648 175.232452 169.454636 159.956055,
 276.469849 294.691986 287.544128 252.504898 204.883133 164.127228 135.358627 305.825409 353.777802 373.404907 344.774475 279.672424 213.683319 166.058685 298.801819 376.216339 437.525635 438.066040 370.271362 281.474579 210.047501 260.317322 346.341064 437.023010 480.152008 437.023010 346.341064 260.317322 210.047501 281.474579 370.271362 438.066040 437.525635 376.216339 298.801819 166.058685 213.683319 279.672424 344.774475 373.404907 353.777802 305.825409 135.358627 164.127228 204.883133 252.504898 287.544128 294.691986 276.469849,
 202.072235 262.793579 337.115936 380.892700 362.282135 300.946289 238.553558 226.511047 305.810425 399.530029 449.932220 416.413025 331.691528 252.002655 248.888596 343.630859 454.672852 511.121460 462.269897 356.012268 261.882629 261.999725 362.457947 479.443420 537.208069 479.443420 362.457947 261.999725 261.882629 356.012268 462.269897 511.121460 454.672852 343.630859 248.888596 252.002655 331.691528 416.413025 449.932220 399.530029 305.810425 226.511047 238.553558 300.946289 362.282135 380.892700 337.115936 262.793579 202.072235,
 122.584259 153.410400 194.814117 245.277893 287.417938 298.812195 275.055206 155.141815 203.125229 269.248566 336.492981 369.327423 349.047729 292.825470 196.933731 268.495575 358.407288 427.289429 428.013733 364.113861 280.764099 243.735931 332.257965 425.125671 468.451538 425.125671 332.257965 243.735931 280.764099 364.113861 428.013733 427.289429 358.407288 268.495575 196.933731 292.825470 349.047729 369.327423 336.492981 269.248566 203.125229 155.141815 275.055206 298.812195 287.417938 245.277893 194.814117 153.410400 122.584259,
 134.189301 146.745148 146.117722 134.068298 115.042435 94.758972 79.984856 149.695938 190.774841 217.997711 220.725189 194.994781 150.314880 105.237076 179.180191 260.700073 332.847778 360.572388 323.819214 242.735779 157.797653 192.143982 298.175659 400.302917 445.086029 400.302917 298.175659 192.143982 157.797653 242.735779 323.819214 360.572388 332.847778 260.700073 179.180191 105.237076 150.314880 194.994781 220.725189 217.997711 190.774841 149.695938 79.984856 94.758972 115.042435 134.068298 146.117722 146.745148 134.189301,
 125.997574 151.036316 157.134857 130.516693 95.647758 81.302773 80.930374 143.986572 211.191254 261.065613 244.252731 175.774551 113.400726 81.569351 141.947449 246.646729 358.087830 378.473694 285.059326 169.371704 94.916634 120.345215 226.575180 369.338318 445.796997 369.338318 226.575180 120.345215 94.916634 169.371704 285.059326 378.473694 358.087830 246.646729 141.947449 81.569351 113.400726 175.774551 244.252731 261.065613 211.191254 143.986572 80.930374 81.302773 95.647758 130.516693 157.134857 151.036316 125.997574,
 175.108383 199.398499 224.220383 239.639511 228.434586 190.015808 154.927017 185.754242 232.567307 305.047180 347.713928 306.697083 214.596329 146.634613 186.898056 265.023315 396.150635 471.669250 394.101379 249.221619 154.935196 173.691528 272.143860 435.691986 530.444275 435.691986 272.143860 173.691528 154.935196 249.221619 394.101379 471.669250 396.150635 265.023315 186.898056 146.634613 214.596329 306.697083 347.713928 305.047180 232.567307 185.754242 154.927017 190.015808 228.434586 239.639511 224.220383 199.398499 175.108383,
 107.341522 117.142853 129.650909 155.474594 185.930969 191.840057 164.107269 108.079956 135.968430 188.944214 256.221313 288.511414 247.797836 169.023682 110.875648 181.833130 294.934082 394.831909 388.137451 277.664429 157.280777 129.936829 246.340057 393.635437 470.157471 393.635437 246.340057 129.936829 157.280777 277.664429 388.137451 394.831909 294.934082 181.833130 110.875648 169.023682 247.797836 288.511414 256.221313 188.944214 135.968430 108.079956 164.107269 191.840057 185.930969 155.474594 129.650909 117.142853 107.341522,
 -11.332885 -2.212865 8.328160 16.884586 22.628651 25.262638 24.362370 -3.364386 13.049765 28.990866 41.574207 47.658180 44.975731 35.389191 13.067129 38.012497 66.312912 85.589920 83.504471 62.895142 39.005020 31.464737 63.780853 100.662415 118.331833 100.662415 63.780853 31.464737 39.005020 62.895142 83.504471 85.589920 66.312912 38.012497 13.067129 35.389191 44.975731 47.658180 41.574207 28.990866 13.049765 -3.364386 24.362370 25.262638 22.628651 16.884586 8.328160 -2.212865 -11.332885,
 21.240578 49.687729 53.495613 35.616753 16.632256 4.648260 -3.054920 19.015129 71.165665 99.634666 83.625854 48.147926 20.903744 4.031013 19.447083 82.308937 140.917740 145.204330 97.141037 45.452698 12.323205 19.066250 71.984863 141.028000 177.809753 141.028000 71.984863 19.066250 12.323205 45.452698 97.141037 145.204330 140.917740 82.308937 19.447083 4.031013 20.903744 48.147926 83.625854 99.634666 71.165665 19.015129 -3.054920 4.648260 16.632256 35.616753 53.495613 49.687729 21.240578,
 19.964828 26.910313 35.316772 32.532310 28.894495 31.715469 18.414742 37.823601 50.926811 71.575882 78.396294 57.126389 46.964729 30.559843 48.876030 67.270302 101.399170 126.516579 90.373322 62.928749 42.546646 50.230812 71.509483 109.628082 148.825989 109.628082 71.509483 50.230812 42.546646 62.928749 90.373322 126.516579 101.399170 67.270302 48.876030 30.559843 46.964729 57.126389 78.396294 71.575882 50.926811 37.823601 18.414742 31.715469 28.894495 32.532310 35.316772 26.910313 19.964828,
 -20.901508 -12.723208 5.671291 22.555433 27.215328 16.890629 -2.292439 -17.752398 -1.156958 25.225670 48.413311 54.275856 36.349548 5.973761 3.081625 32.329624 72.867477 104.741348 102.211838 65.915192 22.593834 24.283253 67.365051 116.646027 140.667267 116.646027 67.365051 24.283253 22.593834 65.915192 102.211838 104.741348 72.867477 32.329624 3.081625 5.973761 36.349548 54.275856 48.413311 25.225670 -1.156958 -17.752398 -2.292439 16.890629 27.215328 22.555433 5.671291 -12.723208 -20.901508,

Pairwise cross-correlations of the modulus of all oriented sub-bands at the same scale (size QxQ)
 159.234940 114.108246 64.006516 108.392654,
 114.108246 179.552399 117.921631 74.587639,
 64.006516 117.921631 178.082428 120.934059,
 108.392654 74.587639 120.934059 172.915680,
 453.761200 375.717987 340.088715 360.307312,
 375.717987 480.152039 383.274689 310.450623,
 340.088715 383.274689 537.208069 403.419159,
 360.307312 310.450623 403.419159 468.451538,
 445.086090 327.281982 269.383423 302.766785,
 327.281982 445.797028 341.198090 261.541382,
 269.383423 341.198090 530.444336 379.633545,
 302.766785 261.541382 379.633545 470.157501,
 118.331833 79.996368 59.303844 66.789909,
 79.996368 177.809784 106.558670 36.073719,
 59.303844 106.558670 148.825974 67.560516,
 66.789909 36.073719 67.560516 140.667267,

Cross-correlations of the modulus of all oriented sub-bands with all oriented sub-bands at the coarser scale (size QxQ)
 229.607071 193.812958 161.627960 183.738907,
 206.093109 255.620560 215.192978 161.086578,
 160.743057 199.585968 265.045288 202.161591,
 197.643097 162.743408 223.123947 244.574127,
 324.756378 286.075592 306.057343 291.672211,
 296.925415 335.791229 336.415619 283.580658,
 293.504303 311.811066 391.176270 329.140137,
 309.593262 272.146240 340.358887 341.883209,
 98.110580 129.563919 122.809387 90.354034,
 115.915100 152.087906 124.581535 107.685127,
 117.312363 142.585236 155.446823 140.086090,
 92.429604 80.480453 115.518311 141.839996,

Cross-correlations of the real part of each oriented sub-band with both the real and imaginary part of all phase-doubled oriented sub-bands at the next coarser scale (Q matrices of size 1x2Q, which are computed and stored in a matrix of size Qx2Q)
 103.209198 47.108276 6.000487 44.083931 3.480175 -0.569411 0.225909 -0.789618,
 47.788055 111.813049 56.204247 6.258601 0.431727 0.098831 0.210014 -0.582131,
 4.845853 53.435959 127.288033 52.930069 0.102399 0.755707 0.442566 -2.068930,
 43.902557 5.577028 57.961624 103.554504 1.595271 0.185608 1.479837 -2.029622,
 -111.739243 -59.286507 -9.338583 -68.349915 -4.692746 -2.074000 0.430776 7.666419,
 -54.905651 -131.276154 -76.204247 -9.182424 -2.712802 -9.013872 -4.630550 -0.196905,
 -8.830843 -68.506760 -180.134674 -74.157730 -1.839616 -1.083744 11.252298 10.129103,
 -51.789387 -10.568810 -84.416283 -161.553040 -5.704527 1.638297 15.137578 17.184868,
 -73.831818 -28.771915 -5.169355 -49.982437 0.733150 -2.367991 5.188412 14.950227,
 -25.812201 -63.922909 -39.387932 -2.236850 -5.670597 22.030197 30.289526 -0.867366,
 -7.751357 -25.979557 -85.955673 -38.820992 -0.703288 22.157202 47.333141 21.824350,
 -53.316818 -0.633446 -38.596260 -109.416367 -1.609535 1.316069 17.277086 51.354237,
