Low-band skewness and kurtosis
 -2.139266 5.898073,
 -2.190119 6.538717,
 -1.677315 4.738210,
 -1.552467 5.014482,
 -1.229597 3.383579,

High-band variance
 146.883072,

Skewness, kurtosis, variance, mean, maximum and minimum of the reconstructed texture
 -2.129694 5.679269 6834.322754 220.953064 255.000000 0.000000,

Auto-correlations of the low-frequency bands at each scale
 3077.471924 3498.186768 3766.625977 3819.993408 3636.382812 3269.518799 2793.252686 3639.053467 4263.986816 4774.512207 4957.139648 4677.602051 4092.019043 3425.595947 4014.502686 4891.853516 5749.580566 6121.627930 5697.806152 4796.787109 3893.062256 4108.103516 5120.905273 6171.162109 6655.525879 6171.162109 5120.905273 4108.103516 3893.062256 4796.787109 5697.806152 6121.627930 5749.580566 4891.853516 4014.502686 3425.595947 4092.019043 4677.602051 4957.139648 4774.512207 4263.986816 3639.053467 2793.252686 3269.518799 3636.382812 3819.993408 3766.625977 3498.186768 3077.471924,
 1639.359131 1621.242920 1593.895630 1494.379517 1304.713257 1208.122314 1339.853760 1730.793823 2125.228271 2677.989014 2875.685059 2398.992432 1745.757324 1511.777954 1927.091553 2934.126953 4374.319824 5057.155762 4211.713379 2723.874512 1833.853271 2023.922119 3298.278076 5196.802734 6174.538086 5196.802734 3298.278076 2023.922119 1833.853271 2723.874512 4211.713379 5057.155762 4374.319824 2934.126953 1927.091553 1511.777954 1745.757324 2398.992432 2875.685059 2677.989014 2125.228271 1730.793823 1339.853760 1208.122314 1304.713257 1494.379517 1593.895630 1621.242920 1639.359131,
 1012.749756 1180.096680 1218.293945 1229.891479 1255.752441 1416.366455 1589.587158 1112.271606 1359.706787 1567.666504 1543.224121 1268.405273 1339.882568 1695.935913 1058.780518 1510.400024 2601.047852 3159.278809 2342.369629 1540.012085 1631.054443 1304.233032 1715.177002 3285.232422 4347.014648 3285.232422 1715.177002 1304.233032 1631.054443 1540.012085 2342.369629 3159.278809 2601.047852 1510.400024 1058.780518 1695.935913 1339.882568 1268.405273 1543.224121 1567.666504 1359.706787 1112.271606 1589.587158 1416.366455 1255.752441 1229.891479 1218.293945 1180.096680 1012.749756,
 -233.918213 -19.280640 264.636566 617.826111 972.456909 1299.391968 1343.894043 161.716309 395.083008 751.247437 1112.099487 1287.815063 1416.507568 1358.486572 499.310791 865.931641 1532.226562 2017.051880 1797.371582 1390.562256 1121.881226 824.309937 1258.879639 2062.888184 2574.316895 2062.888184 1258.879639 824.309937 1121.881226 1390.562256 1797.371582 2017.051880 1532.226562 865.931641 499.310791 1358.486572 1416.507568 1287.815063 1112.099487 751.247437 395.083008 161.716309 1343.894043 1299.391968 972.456909 617.826111 264.636566 -19.280640 -233.918213,
 -581.800354 -854.856079 -873.257874 -563.350220 -76.438843 230.310303 151.560257 -753.426025 -789.445679 -395.488007 273.365662 800.443359 800.495850 293.777954 -698.511963 -274.525330 564.704712 1329.500366 1461.724487 892.684753 52.019531 -387.682678 434.280182 1398.592896 1844.709106 1398.592896 434.280182 -387.682678 52.019531 892.684753 1461.724487 1329.500366 564.704712 -274.525330 -698.511963 293.777954 800.495850 800.443359 273.365662 -395.488007 -789.445679 -753.426025 151.560257 230.310303 -76.438843 -563.350220 -873.257874 -854.856079 -581.800354,

Auto-correlations of the modulus of each oriented sub-band
 65.392303 72.894592 79.837471 82.872177 80.667885 74.833145 68.617599 81.171387 93.344780 104.257889 108.606812 104.267914 93.852852 82.679489 96.753555 114.024277 129.545593 135.730331 129.279297 113.856354 97.095474 103.543449 123.188004 141.206512 148.672577 141.206512 123.188004 103.543449 97.095474 113.856354 129.279297 135.730331 129.545593 114.024277 96.753555 82.679489 93.852852 104.267914 108.606812 104.257889 93.344780 81.171387 68.617599 74.833145 80.667885 82.872177 79.837471 72.894592 65.392303,
 99.799484 104.317612 105.376221 100.937271 91.691818 80.147491 68.631836 104.467468 119.145599 129.424225 129.027618 117.482368 99.624817 81.073242 106.562302 130.424850 150.225754 155.368423 142.521896 118.886032 93.719269 103.106461 130.900360 156.045959 166.786606 156.045959 130.900360 103.106461 93.719269 118.886032 142.521896 155.368423 150.225754 130.424850 106.562302 81.073242 99.624817 117.482368 129.027618 129.424225 119.145599 104.467468 68.631836 80.147491 91.691818 100.937271 105.376221 104.317612 99.799484,
 83.449753 98.879982 113.560555 119.344856 111.918007 96.620476 81.771500 88.961708 108.664276 128.528229 137.014008 127.167450 107.061249 88.425804 94.714874 117.924156 142.496765 153.816864 141.710938 117.097679 94.717529 97.254868 121.520760 148.033279 160.904510 148.033279 121.520760 97.254868 94.717529 117.097679 141.710938 153.816864 142.496765 117.924156 94.714874 88.425804 107.061249 127.167450 137.014008 128.528229 108.664276 88.961708 81.771500 96.620476 111.918007 119.344856 113.560555 98.879982 83.449753,
 81.220360 92.286407 103.236481 111.963821 116.336472 115.713440 111.647881 94.239769 111.573593 128.205551 138.847702 139.176590 129.822632 116.519157 106.485397 129.476486 151.278397 163.127686 158.244675 139.946671 118.404556 115.160881 140.265244 163.444000 173.484161 163.444000 140.265244 115.160881 118.404556 139.946671 158.244675 163.127686 151.278397 129.476486 106.485397 116.519157 129.822632 139.176590 138.847702 128.205551 111.573593 94.239769 111.647881 115.713440 116.336472 111.963821 103.236481 92.286407 81.220360,
 156.617249 167.196869 177.412033 185.261673 188.558243 187.568054 183.996155 202.158646 224.370239 244.423309 255.555328 252.763885 238.632019 219.918961 253.745926 294.641693 331.372345 348.309448 335.728485 301.705719 262.094086 279.881531 331.149323 377.418274 397.295715 377.418274 331.149323 279.881531 262.094086 301.705719 335.728485 348.309448 331.372345 294.641693 253.745926 219.918961 238.632019 252.763885 255.555328 244.423309 224.370239 202.158646 183.996155 187.568054 188.558243 185.261673 177.412033 167.196869 156.617249,
 223.843628 264.102478 272.082245 246.095551 203.512054 166.878189 146.861969 239.388641 305.921722 341.117584 322.547058 262.562958 197.683655 154.203979 232.525299 320.319366 392.703491 401.128784 336.711548 246.624115 175.816681 206.633163 296.342407 392.142609 437.137634 392.142609 296.342407 206.633163 175.816681 246.624115 336.711548 401.128784 392.703491 320.319366 232.525299 154.203979 197.683655 262.562958 322.547058 341.117584 305.921722 239.388641 146.861969 166.878189 203.512054 246.095551 272.082245 264.102478 223.843628,
 220.295135 289.699188 358.050079 390.056396 359.127594 284.637848 214.537292 228.589828 313.058075 402.800903 446.017303 404.183533 310.112335 225.710556 234.712921 331.559326 441.083466 495.073761 442.172211 330.664062 234.398926 237.442993 338.955322 457.460968 515.961365 457.460968 338.955322 237.442993 234.398926 330.664062 442.172211 495.073761 441.083466 331.559326 234.712921 225.710556 310.112335 404.183533 446.017303 402.800903 313.058075 228.589828 214.537292 284.637848 359.127594 390.056396 358.050079 289.699188 220.295135,
 186.684708 215.251724 260.550720 310.445770 344.690796 350.237671 331.032654 207.906754 260.592529 329.814270 391.250000 414.985168 394.455872 349.156250 246.304977 322.077057 410.529266 472.134277 467.916718 408.804596 335.573730 295.023010 380.438660 468.084412 508.613068 468.084412 380.438660 295.023010 335.573730 408.804596 467.916718 472.134277 410.529266 322.077057 246.304977 349.156250 394.455872 414.985168 391.250000 329.814270 260.592529 207.906754 331.032654 350.237671 344.690796 310.445770 260.550720 215.251724 186.684708,
 72.128082 96.701248 121.390991 146.126999 165.999237 172.723587 162.716537 104.136200 140.837540 182.800537 218.826492 233.168579 218.449234 184.458405 160.860474 226.166122 297.477570 342.689514 334.546600 279.682495 211.177917 209.283112 297.179901 383.700989 421.847046 383.700989 297.179901 209.283112 211.177917 279.682495 334.546600 342.689514 297.477570 226.166122 160.860474 184.458405 218.449234 233.168579 218.826492 182.800537 140.837540 104.136200 162.716537 172.723587 165.999237 146.126999 121.390991 96.701248 72.128082,
 62.102692 103.029716 127.334167 117.001877 95.835602 92.700218 101.386612 108.796806 167.630280 211.692352 197.923737 150.331146 119.276222 114.948967 148.035568 224.937622 310.108826 317.225708 239.935608 165.513611 134.984390 151.943695 217.055405 324.597137 386.708496 324.597137 217.055405 151.943695 134.984390 165.513611 239.935608 317.225708 310.108826 224.937622 148.035568 114.948967 119.276222 150.331146 197.923737 211.692352 167.630280 108.796806 101.386612 92.700218 95.835602 117.001877 127.334167 103.029716 62.102692,
 112.897102 165.414825 236.004868 274.219788 229.991776 162.378174 136.789261 137.473328 202.807907 313.889038 385.203186 317.635010 204.399338 152.631622 156.755386 235.081924 388.167480 491.431427 394.908936 238.380539 164.099564 166.141052 249.814331 423.173828 537.375854 423.173828 249.814331 166.141052 164.099564 238.380539 394.908936 491.431427 388.167480 235.081924 156.755386 152.631622 204.399338 317.635010 385.203186 313.889038 202.807907 137.473328 136.789261 162.378174 229.991776 274.219788 236.004868 165.414825 112.897102,
 184.557831 220.121796 250.346237 274.113129 288.255615 288.337494 271.026031 216.520111 272.815979 332.400177 385.873444 405.890900 379.621399 321.824432 264.239410 353.247803 457.298706 537.386902 534.454712 453.576538 346.946014 318.296295 437.851746 561.823853 620.753174 561.823853 437.851746 318.296295 346.946014 453.576538 534.454712 537.386902 457.298706 353.247803 264.239410 321.824432 379.621399 405.890900 385.873444 332.400177 272.815979 216.520111 271.026031 288.337494 288.255615 274.113129 250.346237 220.121796 184.557831,
 -1.467354 5.581730 13.916239 23.106789 29.851568 31.955296 29.753582 19.695210 30.300901 38.576069 44.612114 47.604488 46.549332 41.784130 43.599026 69.366936 90.485123 97.212669 86.900955 67.506172 47.668034 53.217770 87.685760 121.783638 137.313736 121.783638 87.685760 53.217770 47.668034 67.506172 86.900955 97.212669 90.485123 69.366936 43.599026 41.784130 46.549332 47.604488 44.612114 38.576069 30.300901 19.695210 29.753582 31.955296 29.851568 23.106789 13.916239 5.581730 -1.467354,
 -16.523600 -0.560017 9.600023 19.358112 32.830956 47.851986 56.713562 -2.344149 30.809444 51.348267 54.908745 53.187126 54.811176 55.019600 7.115822 51.835979 91.848068 99.988922 78.508682 55.194813 39.916988 20.225010 55.884079 100.523079 124.171738 100.523079 55.884079 20.225010 39.916988 55.194813 78.508682 99.988922 91.848068 51.835979 7.115822 55.019600 54.811176 53.187126 54.908745 51.348267 30.809444 -2.344149 56.713562 47.851986 32.830956 19.358112 9.600023 -0.560017 -16.523600,
 -24.219221 -1.124910 26.084515 41.242317 43.551189 38.667053 30.534868 -8.917094 20.385845 61.364723 83.916054 70.872597 46.565479 29.285824 6.877449 43.120953 97.945763 130.138382 100.547691 54.086826 25.152668 18.359287 55.497452 114.411736 151.870514 114.411736 55.497452 18.359287 25.152668 54.086826 100.547691 130.138382 97.945763 43.120953 6.877449 29.285824 46.565479 70.872597 83.916054 61.364723 20.385845 -8.917094 30.534868 38.667053 43.551189 41.242317 26.084515 -1.124910 -24.219221,
 -21.318243 3.526268 28.402225 52.986088 71.764893 75.374092 64.009117 -5.428650 22.586395 57.599880 94.072784 108.718094 92.603432 66.394852 13.139648 48.156445 99.146973 143.794159 140.431519 98.244125 58.088531 36.731239 79.580040 137.671005 169.538208 137.671005 79.580040 36.731239 58.088531 98.244125 140.431519 143.794159 99.146973 48.156445 13.139648 66.394852 92.603432 108.718094 94.072784 57.599880 22.586395 -5.428650 64.009117 75.374092 71.764893 52.986088 28.402225 3.526268 -21.318243,

Pairwise cross-correlations of the modulus of all oriented sub-bands at the same scale (size QxQ)
 148.672592 106.573654 68.439537 109.079170,
 106.573654 166.786636 111.727142 74.254417,
 68.439537 111.727142 160.904526 118.612282,
 109.079170 74.254417 118.612282 173.484177,
 397.295746 330.139191 321.374847 360.838226,
 330.139191 437.137695 380.525391 319.309692,
 321.374847 380.525391 515.961426 403.089111,
 360.838226 319.309692 403.089111 508.613098,
 421.847076 284.628601 279.044434 388.409790,
 284.628601 386.708527 332.947479 293.214081,
 279.044434 332.947479 537.375977 412.871552,
 388.409790 293.214081 412.871552 620.753235,
 137.313751 79.364349 59.639702 104.609154,
 79.364349 124.171753 80.754349 77.416565,
 59.639702 80.754349 151.870544 110.967232,
 104.609154 77.416565 110.967232 169.538223,

Cross-correlations of the modulus of all oriented sub-bands with all oriented sub-bands at the coarser scale (size QxQ)
 207.447540 177.859772 159.975113 193.117264,
 183.263077 232.051804 206.637619 168.564850,
 154.682999 188.876022 243.996094 206.752991,
 190.185745 158.958969 213.560638 251.239273,
 302.291290 267.639740 285.416168 347.400330,
 285.053162 300.219482 336.485382 328.655365,
 287.942963 318.715179 421.998657 376.301666,
 302.942596 270.647308 354.776733 423.185760,
 131.311676 96.147285 88.876381 133.832123,
 113.774300 113.103439 103.676888 139.836792,
 125.147354 128.967911 153.043335 179.921127,
 116.216187 114.860764 121.856483 172.757080,

Cross-correlations of the real part of each oriented sub-band with both the real and imaginary part of all phase-doubled oriented sub-bands at the next coarser scale (Q matrices of size 1x2Q, which are computed and stored in a matrix of size Qx2Q)
 79.399223 35.400902 4.823705 37.219482 -0.358709 -0.605294 0.245768 1.376121,
 37.409054 89.686653 41.227383 3.421758 0.097110 -4.118076 2.016338 0.181514,
 4.473655 42.572910 92.833969 44.554241 -0.132123 -1.988551 3.637007 1.346181,
 34.939846 3.217001 43.283676 95.298393 -0.375312 0.016053 1.407665 2.281087,
 -126.611481 -43.850342 -5.571617 -67.314178 3.664196 -6.593018 -1.970007 -1.896929,
 -48.584396 -116.851463 -57.991989 -9.144204 4.702679 -19.240873 7.236047 2.426372,
 -7.196701 -67.628685 -130.891251 -52.761379 -1.055664 -0.185625 23.071444 -3.185224,
 -68.712486 -9.159108 -55.607716 -127.130356 -3.074125 3.320621 2.027118 -11.234320,
 -99.180122 -10.094081 -5.595006 -17.504988 -17.724533 -20.351562 -3.167437 -7.619999,
 -27.424038 -38.757374 -51.824146 -7.392363 -8.656107 -17.331858 4.576126 1.564829,
 -0.110927 -28.808615 -98.586487 -17.274052 -0.889219 5.227641 -8.427944 -17.461866,
 -50.496887 -3.683022 -38.657688 -20.456001 -8.452167 -1.441769 -18.346367 -38.361698,
