Low-band skewness and kurtosis
 -2.343695 6.800242,
 -2.382895 7.387646,
 -2.065433 6.398867,
 -1.784549 5.629383,
 -1.316311 3.866104,

High-band variance
 120.733955,

Skewness, kurtosis, variance, mean, maximum and minimum of the reconstructed texture
 -2.331961 6.573171 6277.394043 224.684631 255.000000 0.000000,

Auto-correlations of the low-frequency bands at each scale
 2936.755859 3396.031250 3732.393555 3901.389160 3889.351562 3723.926758 3442.701660 3424.125244 4024.205811 4533.093750 4779.705078 4651.000977 4257.272461 3771.753662 3800.537354 4578.193848 5339.207031 5701.368652 5405.363281 4699.649902 3971.789307 3993.636475 4850.619141 5728.489258 6130.375977 5728.489258 4850.619141 3993.636475 3971.789307 4699.649902 5405.363281 5701.368652 5339.207031 4578.193848 3800.537354 3771.753662 4257.272461 4651.000977 4779.705078 4533.093750 4024.205811 3424.125244 3442.701660 3723.926758 3889.351562 3901.389160 3732.393555 3396.031250 2936.755859,
 1454.131348 1602.236328 1790.578369 2014.486084 2230.276611 2404.678223 2480.937500 1511.233765 2025.021362 2714.984619 3179.484131 3136.823486 2809.640137 2521.415039 1761.005371 2754.047607 4115.509277 4861.301758 4364.904785 3244.826416 2420.843262 2137.340576 3299.317383 4909.449219 5716.201172 4909.449219 3299.317383 2137.340576 2420.843262 3244.826416 4364.904785 4861.301758 4115.509277 2754.047607 1761.005371 2521.415039 2809.640137 3136.823486 3179.484131 2714.984619 2025.021362 1511.233765 2480.937500 2404.678223 2230.276611 2014.486084 1790.578369 1602.236328 1454.131348,
 695.837280 1007.032471 1070.079224 1184.660767 1540.598999 1965.922852 2160.431152 953.906250 1045.861572 1303.959229 1773.206055 2082.389893 2196.442139 2180.424805 1118.202881 1328.306763 2388.961182 3380.848145 3087.322998 2245.900391 1872.959717 1424.890991 1893.286621 3398.357910 4382.458984 3398.357910 1893.286621 1424.890991 1872.959717 2245.900391 3087.322998 3380.848145 2388.961182 1328.306763 1118.202881 2180.424805 2196.442139 2082.389893 1773.206055 1303.959229 1045.861572 953.906250 2160.431152 1965.922852 1540.598999 1184.660767 1070.079224 1007.032471 695.837280,
 -801.402954 -598.897217 -261.745178 322.780029 1086.592285 1742.864014 1973.796021 -553.946228 -164.294922 431.116455 1163.547363 1746.011230 1969.685547 1745.033691 -209.064178 487.627197 1461.293701 2244.035645 2299.448730 1764.336182 1051.445557 305.311798 1216.070923 2289.303955 2816.883301 2289.303955 1216.070923 305.311798 1051.445557 1764.336182 2299.448730 2244.035645 1461.293701 487.627197 -209.064178 1745.033691 1969.685547 1746.011230 1163.547363 431.116455 -164.294922 -553.946228 1973.796021 1742.864014 1086.592285 322.780029 -261.745178 -598.897217 -801.402954,
 -314.770630 -922.029541 -1170.143188 -871.810974 -74.579834 715.982178 902.867310 -886.319885 -1142.930542 -868.177734 37.706909 1056.221680 1340.024048 695.713806 -1124.918335 -831.696655 136.005249 1339.362305 1755.798584 1033.806030 -110.259155 -872.023926 47.589554 1345.740112 2002.273560 1345.740112 47.589554 -872.023926 -110.259155 1033.806030 1755.798584 1339.362305 136.005249 -831.696655 -1124.918335 695.713806 1340.024048 1056.221680 37.706909 -868.177734 -1142.930542 -886.319885 902.867310 715.982178 -74.579834 -871.810974 -1170.143188 -922.029541 -314.770630,

Auto-correlations of the modulus of each oriented sub-band
 61.713367 67.887238 73.783089 76.868225 76.078972 72.553665 68.573311 75.452087 85.853889 95.393623 99.770851 97.147820 89.360863 80.391083 90.150948 104.889290 118.184151 123.858391 119.098351 106.666435 92.567528 97.446793 114.064484 129.050400 135.228531 129.050400 114.064484 97.446793 92.567528 106.666435 119.098351 123.858391 118.184151 104.889290 90.150948 80.391083 89.360863 97.147820 99.770851 95.393623 85.853889 75.452087 68.573311 72.553665 76.078972 76.868225 73.783089 67.887238 61.713367,
 93.600899 99.177628 102.575157 102.299774 98.537971 92.617462 85.866722 98.513832 111.644775 121.725388 123.926178 117.639435 106.127121 93.262688 102.132904 121.691872 138.370621 143.747467 135.172623 118.077324 99.337402 102.605316 124.257751 143.860641 152.248657 143.860641 124.257751 102.605316 99.337402 118.077324 135.172623 143.747467 138.370621 121.691872 102.132904 93.262688 106.127121 117.639435 123.926178 121.725388 111.644775 98.513832 85.866722 92.617462 98.537971 102.299774 102.575157 99.177628 93.600899,
 75.779625 87.995651 101.439011 108.496147 103.577530 90.985397 78.654915 81.410179 98.587257 117.374290 127.000412 119.565285 101.657585 84.323219 87.238640 108.811951 132.160080 143.828217 133.598282 110.804871 89.138145 90.396797 113.765129 138.760696 150.774933 138.760696 113.765129 90.396797 89.138145 110.804871 133.598282 143.828217 132.160080 108.811951 87.238640 84.323219 101.657585 119.565285 127.000412 117.374290 98.587257 81.410179 78.654915 90.985397 103.577530 108.496147 101.439011 87.995651 75.779625,
 75.737740 85.892105 95.306038 102.228722 104.766640 102.584793 97.515282 86.908234 103.064621 117.924484 127.039520 126.576111 117.076019 103.625122 97.035149 118.602509 138.427017 148.963455 144.320511 127.205948 106.349831 104.059639 127.878876 149.169189 158.202087 149.169189 127.878876 104.059639 106.349831 127.205948 144.320511 148.963455 138.427017 118.602509 97.035149 103.625122 117.076019 126.576111 127.039520 117.924484 103.064621 86.908234 97.515282 102.584793 104.766640 102.228722 95.306038 85.892105 75.737740,
 142.878510 157.385223 169.493713 178.048401 182.291473 182.633331 179.256683 174.500977 196.758636 214.961716 225.295975 225.891251 218.955841 207.450623 215.685059 250.564438 280.966980 294.989380 286.532654 263.166351 235.977966 243.718811 283.379578 319.846985 335.770325 319.846985 283.379578 243.718811 235.977966 263.166351 286.532654 294.989380 280.966980 250.564438 215.685059 207.450623 218.955841 225.891251 225.295975 214.961716 196.758636 174.500977 179.256683 182.633331 182.291473 178.048401 169.493713 157.385223 142.878510,
 239.850830 267.275238 273.677032 261.215424 242.213226 228.126190 221.887970 259.808167 304.752899 327.722534 317.633179 285.069519 251.464340 229.505661 263.214996 321.988007 368.895020 373.936676 335.266479 281.943268 239.932999 253.374390 310.960144 371.523682 399.504669 371.523682 310.960144 253.374390 239.932999 281.943268 335.266479 373.936676 368.895020 321.988007 263.214996 229.505661 251.464340 285.069519 317.633179 327.722534 304.752899 259.808167 221.887970 228.126190 242.213226 261.215424 273.677032 267.275238 239.850830,
 178.720078 217.951401 265.680023 287.612183 267.011444 227.862808 197.070816 192.595230 240.632568 302.338348 332.259644 301.598358 245.916321 202.913651 202.661453 257.692566 331.381226 369.920502 330.180664 259.542297 206.914047 207.411804 264.500854 342.298462 385.494202 342.298462 264.500854 207.411804 206.914047 259.542297 330.180664 369.920502 331.381226 257.692566 202.661453 202.913651 245.916321 301.598358 332.259644 302.338348 240.632568 192.595230 197.070816 227.862808 267.011444 287.612183 265.680023 217.951401 178.720078,
 186.645615 210.518631 236.489883 262.722870 281.606384 286.589142 277.298950 212.718826 248.565674 290.736084 327.664886 341.509399 326.511169 293.760010 241.776215 294.518005 353.905182 394.931824 390.996246 347.394958 291.878632 271.461853 334.597778 397.539520 426.300079 397.539520 334.597778 271.461853 291.878632 347.394958 390.996246 394.931824 353.905182 294.518005 241.776215 293.760010 326.511169 341.509399 327.664886 290.736084 248.565674 212.718826 277.298950 286.589142 281.606384 262.722870 236.489883 210.518631 186.645615,
 51.444580 88.108093 124.914841 159.957291 189.926010 210.528534 218.964600 144.946304 185.209961 218.145477 239.371216 246.607605 240.068726 221.713150 248.298065 308.112610 353.426208 369.466705 352.464417 312.402588 262.206360 294.918152 366.543976 426.443054 451.044556 426.443054 366.543976 294.918152 262.206360 312.402588 352.464417 369.466705 353.426208 308.112610 248.298065 221.713150 240.068726 246.607605 239.371216 218.145477 185.209961 144.946304 218.964600 210.528534 189.926010 159.957291 124.914841 88.108093 51.444580,
 216.296295 291.182129 342.205750 363.304321 361.673950 352.606567 348.939606 292.014282 395.873047 464.551178 472.835358 433.735565 379.652405 333.155212 336.672852 467.340607 572.691650 595.381653 529.424194 428.831879 336.037720 345.654938 473.198364 597.703613 654.547913 597.703613 473.198364 345.654938 336.037720 428.831879 529.424194 595.381653 572.691650 467.340607 336.672852 333.155212 379.652405 433.735565 472.835358 464.551178 395.873047 292.014282 348.939606 352.606567 361.673950 363.304321 342.205750 291.182129 216.296295,
 108.732010 166.398376 242.235077 283.054138 275.719635 264.025909 261.722534 147.930450 210.917801 308.189026 360.516846 324.888306 275.397308 253.946320 180.708221 245.701981 362.889709 432.533264 369.036560 277.318939 235.076782 209.595718 267.867371 385.987671 463.408325 385.987671 267.867371 209.595718 235.076782 277.318939 369.036560 432.533264 362.889709 245.701981 180.708221 253.946320 275.397308 324.888306 360.516846 308.189026 210.917801 147.930450 261.722534 264.025909 275.719635 283.054138 242.235077 166.398376 108.732010,
 54.627609 89.159927 132.766373 182.253143 221.006516 240.215073 246.508957 106.777161 151.457794 208.862823 267.460876 293.521179 279.307892 250.872833 170.358978 231.130173 309.997864 375.399536 370.950073 310.699402 248.668823 223.226212 296.123932 384.621704 431.924072 384.621704 296.123932 223.226212 248.668823 310.699402 370.950073 375.399536 309.997864 231.130173 170.358978 250.872833 279.307892 293.521179 267.460876 208.862823 151.457794 106.777161 246.508957 240.215073 221.006516 182.253143 132.766373 89.159927 54.627609,
 -23.697277 -12.933338 1.779898 17.152470 29.647257 38.413208 41.084591 -4.008640 10.320330 24.693306 37.758209 47.513168 50.891846 46.527355 12.036773 34.584183 61.058319 75.487488 71.101898 56.011322 39.755398 25.734976 51.235687 85.137321 103.126572 85.137321 51.235687 25.734976 39.755398 56.011322 71.101898 75.487488 61.058319 34.584183 12.036773 46.527355 50.891846 47.513168 37.758209 24.693306 10.320330 -4.008640 41.084591 38.413208 29.647257 17.152470 1.779898 -12.933338 -23.697277,
 -64.325806 -31.341908 5.904839 39.102249 63.657143 81.895889 92.151764 -31.823826 10.567024 56.783157 89.201027 102.968842 106.723503 103.292404 16.417309 66.385727 121.898445 153.311157 146.708450 122.432724 95.943298 65.119881 111.233994 161.393112 186.373871 161.393112 111.233994 65.119881 95.943298 122.432724 146.708450 153.311157 121.898445 66.385727 16.417309 103.292404 106.723503 102.968842 89.201027 56.783157 10.567024 -31.823826 92.151764 81.895889 63.657143 39.102249 5.904839 -31.341908 -64.325806,
 -30.520992 -10.033817 9.202732 25.949335 39.789722 46.763420 50.582340 -7.305958 18.738615 44.769531 64.417084 64.316078 54.576393 48.096478 13.593750 44.236267 82.074478 107.839958 87.921219 58.424683 41.417973 29.566853 56.969986 99.192772 129.480896 99.192772 56.969986 29.566853 41.417973 58.424683 87.921219 107.839958 82.074478 44.236267 13.593750 48.096478 54.576393 64.316078 64.417084 44.769531 18.738615 -7.305958 50.582340 46.763420 39.789722 25.949335 9.202732 -10.033817 -30.520992,
 -67.866684 -35.572525 5.349411 46.601944 77.950836 94.597458 96.488831 -32.122437 6.814449 49.789017 87.434341 107.746048 107.352020 91.399124 10.236614 53.637772 97.400650 128.330414 131.636795 109.895065 76.187225 48.840523 92.307327 130.802078 147.607071 130.802078 92.307327 48.840523 76.187225 109.895065 131.636795 128.330414 97.400650 53.637772 10.236614 91.399124 107.352020 107.746048 87.434341 49.789017 6.814449 -32.122437 96.488831 94.597458 77.950836 46.601944 5.349411 -35.572525 -67.866684,

Pairwise cross-correlations of the modulus of all oriented sub-bands at the same scale (size QxQ)
 135.228546 101.212624 70.440018 104.876312,
 101.212624 152.248688 105.573311 76.622902,
 70.440018 105.573311 150.774948 112.342712,
 104.876312 76.622902 112.342712 158.202133,
 335.770386 294.722168 266.037720 319.884308,
 294.722168 399.504761 323.752014 308.352722,
 266.037720 323.752014 385.494202 328.856262,
 319.884308 308.352722 328.856262 426.300140,
 451.044617 405.445435 319.423767 352.016724,
 405.445435 654.547974 468.915558 327.005066,
 319.423767 468.915558 463.408386 327.824463,
 352.016724 327.005066 327.824463 431.924103,
 103.126572 100.956268 59.261238 63.942841,
 100.956268 186.373901 93.959953 79.880005,
 59.261238 93.959953 129.480896 104.623825,
 63.942841 79.880005 104.623825 147.607101,

Cross-correlations of the modulus of all oriented sub-bands with all oriented sub-bands at the coarser scale (size QxQ)
 179.744553 169.421173 139.734070 183.496353,
 163.797455 214.824173 173.897858 162.861160,
 138.950256 175.471024 205.473465 188.623245,
 167.367203 154.068588 176.558517 223.711426,
 288.958862 318.066162 265.101807 273.173218,
 310.313873 404.126984 319.985687 281.437347,
 287.137238 361.074249 330.703766 292.156830,
 321.232239 363.742645 322.097076 335.521606,
 102.324005 151.044632 137.463928 180.334015,
 107.186829 190.143097 144.621948 216.013962,
 89.406715 144.221802 135.825668 184.178131,
 111.716492 151.791885 137.715363 167.431793,

Cross-correlations of the real part of each oriented sub-band with both the real and imaginary part of all phase-doubled oriented sub-bands at the next coarser scale (Q matrices of size 1x2Q, which are computed and stored in a matrix of size Qx2Q)
 58.193817 25.768000 3.377074 33.233192 -3.692919 1.843855 1.195868 1.139151,
 24.994038 62.710056 28.642435 2.437661 0.398831 6.807017 4.380919 -0.376827,
 3.753623 27.604563 70.157166 36.052727 0.274482 4.805158 0.798373 -2.835708,
 30.360903 1.663142 35.040485 80.982529 -3.330557 0.671018 -2.049288 -1.091899,
 -75.537834 -25.930447 -5.395971 -24.106323 -10.465315 7.045623 -0.120242 -2.419870,
 -33.557098 -60.886448 -23.813845 -4.091671 -8.720956 20.755898 14.134840 -0.035908,
 -0.156735 -24.370441 -44.627266 -24.773649 -0.023682 8.742167 7.005128 -10.088786,
 -26.655888 -2.544533 -26.380056 -49.459175 -0.744485 0.036717 -7.682999 -15.388163,
 -22.796886 -20.109400 -6.515039 -4.626587 20.974537 17.130066 -2.406417 5.297574,
 -20.118771 -92.720367 -47.286209 -3.555524 32.450699 13.170525 7.090700 0.039482,
 -3.698421 -49.060452 -68.354469 -34.757607 4.552151 -0.496761 -13.534676 -23.447172,
 -6.068327 1.238398 -29.922112 -40.443470 -5.341528 1.093526 -24.576031 -22.731688,
