Low-band skewness and kurtosis
 -2.277390 6.539742,
 -2.335630 7.308050,
 -1.790148 5.418416,
 -1.309410 4.049701,
 -1.223527 3.571884,

High-band variance
 139.547791,

Skewness, kurtosis, variance, mean, maximum and minimum of the reconstructed texture
 -2.264890 6.283057 6387.658203 223.549194 255.000000 0.000000,

Auto-correlations of the low-frequency bands at each scale
 2370.247559 2913.066895 3313.461426 3482.919922 3384.955566 3061.865723 2586.307129 2960.530273 3671.957031 4288.274414 4569.916504 4362.891602 3810.758301 3135.794434 3424.039795 4353.753418 5268.918457 5696.814453 5319.950684 4442.434082 3526.175049 3638.856445 4677.658203 5734.459473 6218.046875 5734.459473 4677.658203 3638.856445 3526.175049 4442.434082 5319.950684 5696.814453 5268.918457 4353.753418 3424.039795 3135.794434 3810.758301 4362.891602 4569.916504 4288.274414 3671.957031 2960.530273 2586.307129 3061.865723 3384.955566 3482.919922 3313.461426 2913.066895 2370.247559,
 921.291382 944.425415 1094.277588 1184.175781 1108.479736 1030.608643 1067.456055 945.090454 1347.721313 2102.752686 2553.842529 2246.384521 1597.700073 1199.002075 1159.277832 2195.641602 3801.822510 4668.905273 3933.463135 2416.485352 1384.217285 1393.159424 2752.620361 4744.323242 5754.637207 4744.323242 2752.620361 1393.159424 1384.217285 2416.485352 3933.463135 4668.905273 3801.822510 2195.641602 1159.277832 1199.002075 1597.700073 2246.384521 2553.842529 2102.752686 1347.721313 945.090454 1067.456055 1030.608643 1108.479736 1184.175781 1094.277588 944.425415 921.291382,
 820.291382 955.498291 867.298706 635.364990 647.385132 1051.891968 1238.244751 901.574585 796.305054 851.294373 966.653076 856.393250 829.303833 834.442017 900.509766 968.093994 1940.694702 2755.890625 2068.012451 983.600098 666.216919 798.968018 1195.859253 2849.298340 3986.457031 2849.298340 1195.859253 798.968018 666.216919 983.600098 2068.012451 2755.890625 1940.694702 968.093994 900.509766 834.442017 829.303833 856.393250 966.653076 851.294373 796.305054 901.574585 1238.244751 1051.891968 647.385132 635.364990 867.298706 955.498291 820.291382,
 -110.629486 104.350952 439.919067 827.228882 1078.627319 1069.370239 764.815674 88.682190 321.454407 660.602295 991.027954 1088.283813 1006.017029 766.525940 293.215118 602.508667 1174.369263 1546.451904 1251.738159 789.833984 575.481445 435.217224 750.623474 1499.841431 1984.046143 1499.841431 750.623474 435.217224 575.481445 789.833984 1251.738159 1546.451904 1174.369263 602.508667 293.215118 766.525940 1006.017029 1088.283813 991.027954 660.602295 321.454407 88.682190 764.815674 1069.370239 1078.627319 827.228882 439.919067 104.350952 -110.629486,
 -472.688690 -557.274109 -387.119873 -89.573273 109.625595 122.631042 10.483734 -650.069946 -550.387390 -69.580322 482.740845 662.597107 419.540466 15.331879 -613.609070 -259.280029 487.679108 1103.111572 1023.985229 428.965454 -158.356018 -407.737427 149.161942 956.864990 1378.395508 956.864990 149.161942 -407.737427 -158.356018 428.965454 1023.985229 1103.111572 487.679108 -259.280029 -613.609070 15.331879 419.540466 662.597107 482.740845 -69.580322 -550.387390 -650.069946 10.483734 122.631042 109.625595 -89.573273 -387.119873 -557.274109 -472.688690,

Auto-correlations of the modulus of each oriented sub-band
 63.210915 70.069717 76.205658 78.537605 75.713470 69.268158 62.461906 80.862274 91.946030 101.767654 105.509247 101.084793 90.824539 79.710175 98.169731 113.780624 127.685814 133.081909 126.996971 112.743118 97.141243 105.281143 123.108627 139.333038 146.029144 139.333038 123.108627 105.281143 97.141243 112.743118 126.996971 133.081909 127.685814 113.780624 98.169731 79.710175 90.824539 101.084793 105.509247 101.767654 91.946030 80.862274 62.461906 69.268158 75.713470 78.537605 76.205658 70.069717 63.210915,
 101.769325 106.299438 106.482742 101.935692 93.676773 83.356934 72.709160 105.835709 120.337166 129.524155 128.861298 118.363617 101.916206 84.363846 106.857895 129.894989 148.192642 152.809128 141.140823 119.341614 95.509659 103.509277 129.902573 153.110291 162.878387 153.110291 129.902573 103.509277 95.509659 119.341614 141.140823 152.809128 148.192642 129.894989 106.857895 84.363846 101.916206 118.363617 128.861298 129.524155 120.337166 105.835709 72.709160 83.356934 93.676773 101.935692 106.482742 106.299438 101.769325,
 79.539299 98.079231 115.748703 123.410553 116.262436 99.584984 82.202049 87.781342 110.375595 132.621796 142.662460 133.451965 112.236969 90.478455 95.830345 121.833794 147.909958 159.955658 148.531326 123.116798 97.538231 99.765518 126.993248 154.376984 167.033585 154.376984 126.993248 99.765518 97.538231 123.116798 148.531326 159.955658 147.909958 121.833794 95.830345 90.478455 112.236969 133.451965 142.662460 132.621796 110.375595 87.781342 82.202049 99.584984 116.262436 123.410553 115.748703 98.079231 79.539299,
 65.445068 75.762337 86.027145 94.533272 99.247147 99.289314 95.678558 75.906937 93.328392 110.117920 121.223656 122.056000 112.730568 98.619537 86.040474 109.953026 132.591629 145.120880 140.426041 121.466606 98.365105 94.024620 120.632935 144.834717 155.223602 144.834717 120.632935 94.024620 98.365105 121.466606 140.426041 145.120880 132.591629 109.953026 86.040474 98.619537 112.730568 122.056000 121.223656 110.117920 93.328392 75.906937 95.678558 99.289314 99.247147 94.533272 86.027145 75.762337 65.445068,
 161.969269 177.075943 189.433441 196.784088 198.015015 193.176193 183.466583 209.210693 234.998566 256.528687 266.770569 262.326904 246.251801 224.707458 268.987518 311.327454 348.196899 364.059845 350.832764 316.929749 277.238007 300.251648 350.948700 396.090332 415.281189 396.090332 350.948700 300.251648 277.238007 316.929749 350.832764 364.059845 348.196899 311.327454 268.987518 224.707458 246.251801 262.326904 266.770569 256.528687 234.998566 209.210693 183.466583 193.176193 198.015015 196.784088 189.433441 177.075943 161.969269,
 263.167847 301.866852 308.303467 281.178345 236.758423 194.702423 164.649292 284.957031 344.374756 372.036591 351.542297 295.780182 234.973129 188.434250 283.551910 362.260803 421.718964 424.556091 367.527618 288.360535 222.006378 258.242981 339.701752 421.786163 458.662933 421.786163 339.701752 258.242981 222.006378 288.360535 367.527618 424.556091 421.718964 362.260803 283.551910 188.434250 234.973129 295.780182 351.542297 372.036591 344.374756 284.957031 164.649292 194.702423 236.758423 281.178345 308.303467 301.866852 263.167847,
 182.888885 255.714935 326.055603 353.183502 319.896179 256.136627 200.133514 191.293304 275.949982 366.784515 406.524719 362.660065 278.531708 206.879913 200.678177 293.110107 400.196411 452.169403 398.525024 295.628784 210.352921 208.205231 301.285400 413.497681 471.460449 413.497681 301.285400 208.205231 210.352921 295.628784 398.525024 452.169403 400.196411 293.110107 200.678177 206.879913 278.531708 362.660065 406.524719 366.784515 275.949982 191.293304 200.133514 256.136627 319.896179 353.183502 326.055603 255.714935 182.888885,
 160.736633 184.133942 212.607544 246.328506 274.327209 281.658173 265.564087 177.238525 212.738037 261.361145 311.562622 336.825867 322.556091 282.138855 205.877350 261.288940 332.321594 387.485748 388.598633 338.613647 274.151184 243.491241 313.717743 388.968567 424.161560 388.968567 313.717743 243.491241 274.151184 338.613647 388.598633 387.485748 332.321594 261.288940 205.877350 282.138855 322.556091 336.825867 311.562622 261.361145 212.738037 177.238525 265.564087 281.658173 274.327209 246.328506 212.607544 184.133942 160.736633,
 101.018272 118.979675 134.098068 145.284576 149.266068 146.386719 142.077347 129.097656 169.915405 201.282990 212.789124 200.625641 175.324524 152.072968 176.540482 253.022614 320.348145 343.925110 310.146729 245.298645 184.807480 206.904633 299.206116 391.780090 433.158752 391.780090 299.206116 206.904633 184.807480 245.298645 310.146729 343.925110 320.348145 253.022614 176.540482 152.072968 175.324524 200.625641 212.789124 201.282990 169.915405 129.097656 142.077347 146.386719 149.266068 145.284576 134.098068 118.979675 101.018272,
 192.712463 236.401459 266.099030 254.409042 226.458160 222.027618 235.924316 249.617294 321.501678 382.170868 370.309631 300.138947 247.144867 232.560867 273.148682 371.455017 482.619812 504.437988 406.928406 297.494751 241.769653 262.649719 354.991913 492.599243 569.682373 492.599243 354.991913 262.649719 241.769653 297.494751 406.928406 504.437988 482.619812 371.455017 273.148682 232.560867 247.144867 300.138947 370.309631 382.170868 321.501678 249.617294 235.924316 222.027618 226.458160 254.409042 266.099030 236.401459 192.712463,
 119.898758 188.558090 264.648560 302.837372 291.366699 269.976044 243.981552 145.628250 240.341522 358.668976 416.382782 364.942841 281.861969 220.254135 162.152725 280.242859 444.352081 531.753784 442.128571 293.987610 193.929794 175.097504 297.352051 478.213623 583.120483 478.213623 297.352051 175.097504 193.929794 293.987610 442.128571 531.753784 444.352081 280.242859 162.152725 220.254135 281.861969 364.942841 416.382782 358.668976 240.341522 145.628250 243.981552 269.976044 291.366699 302.837372 264.648560 188.558090 119.898758,
 84.722763 143.914124 195.292465 233.074280 251.184525 242.437622 209.580582 113.162659 171.687286 242.167908 310.351196 334.588379 292.124542 216.134705 133.090027 211.774857 332.671417 435.441528 428.662262 318.287537 198.836060 161.588226 277.360962 429.330750 507.847748 429.330750 277.360962 161.588226 198.836060 318.287537 428.662262 435.441528 332.671417 211.774857 133.090027 216.134705 292.124542 334.588379 310.351196 242.167908 171.687286 113.162659 209.580582 242.437622 251.184525 233.074280 195.292465 143.914124 84.722763,
 -28.877592 -27.252392 -21.549286 -15.187297 -8.892069 -1.916650 5.533693 -12.956436 -7.406339 2.171174 8.885106 10.839780 10.751958 10.736654 12.458075 30.030792 51.193043 61.329071 53.557964 36.697205 22.072298 26.742348 51.548668 80.812286 95.141502 80.812286 51.548668 26.742348 22.072298 36.697205 53.557964 61.329071 51.193043 30.030792 12.458075 10.736654 10.751958 10.839780 8.885106 2.171174 -7.406339 -12.956436 5.533693 -1.916650 -8.892069 -15.187297 -21.549286 -27.252392 -28.877592,
 -12.889820 -8.367923 -4.800972 -0.136614 4.826107 8.198422 6.715729 6.021294 18.932257 26.939322 25.332924 20.162821 15.852424 9.371984 17.753590 41.980492 67.189308 70.728546 50.824654 29.106379 12.367580 17.225426 43.497810 77.792191 97.595383 77.792191 43.497810 17.225426 12.367580 29.106379 50.824654 70.728546 67.189308 41.980492 17.753590 9.371984 15.852424 20.162821 25.332924 26.939322 18.932257 6.021294 6.715729 8.198422 4.826107 -0.136614 -4.800972 -8.367923 -12.889820,
 -18.144775 -9.534527 14.028084 37.698456 52.962433 63.170124 59.645554 -3.911983 13.904793 50.104843 80.584335 83.943802 76.137131 60.055984 13.263969 40.174637 86.373421 120.267761 106.402885 76.076691 48.798431 31.620216 62.955444 108.844284 137.907715 108.844284 62.955444 31.620216 48.798431 76.076691 106.402885 120.267761 86.373421 40.174637 13.263969 60.055984 76.137131 83.943802 80.584335 50.104843 13.904793 -3.911983 59.645554 63.170124 52.962433 37.698456 14.028084 -9.534527 -18.144775,
 -13.225136 -10.352592 0.578369 19.745270 37.272369 47.649620 54.135147 -15.783440 -1.900604 27.273102 63.814369 84.914871 83.052750 70.985023 -3.732864 26.845211 77.740845 124.590179 129.267700 96.070312 59.519989 26.463095 69.747757 126.746002 157.036133 126.746002 69.747757 26.463095 59.519989 96.070312 129.267700 124.590179 77.740845 26.845211 -3.732864 70.985023 83.052750 84.914871 63.814369 27.273102 -1.900604 -15.783440 54.135147 47.649620 37.272369 19.745270 0.578369 -10.352592 -13.225136,

Pairwise cross-correlations of the modulus of all oriented sub-bands at the same scale (size QxQ)
 146.029144 104.309250 66.046455 102.249756,
 104.309250 162.878418 114.080185 69.847137,
 66.046455 114.080185 167.033615 111.270691,
 102.249756 69.847137 111.270691 155.223618,
 415.281219 351.095581 316.809692 344.326569,
 351.095581 458.662994 383.238647 321.437927,
 316.809692 383.238647 471.460480 357.357819,
 344.326569 321.437927 357.357819 424.161621,
 433.158783 362.509003 313.244568 352.991058,
 362.509003 569.682495 429.100494 337.304993,
 313.244568 429.100494 583.120483 395.623169,
 352.991058 337.304993 395.623169 507.847778,
 95.141510 49.574402 37.555504 57.717056,
 49.574402 97.595383 58.843079 30.712215,
 37.555504 58.843079 137.907715 109.234062,
 57.717056 30.712215 109.234062 157.036118,

Cross-correlations of the modulus of all oriented sub-bands with all oriented sub-bands at the coarser scale (size QxQ)
 213.005402 186.447006 154.322388 178.821365,
 187.582703 239.158829 202.704605 157.811264,
 150.325195 197.151230 238.979797 188.617126,
 184.138062 159.281097 195.705399 217.692612,
 339.432129 344.266174 301.824768 310.326080,
 332.344299 400.106049 344.476074 294.910889,
 312.397766 359.292236 377.237030 335.613586,
 319.902405 329.553558 340.580475 354.452179,
 121.746216 80.337845 115.123566 128.972870,
 107.390564 116.195648 185.383911 178.358093,
 83.899643 96.641136 173.643372 157.972885,
 98.299583 66.123985 147.821503 169.519501,

Cross-correlations of the real part of each oriented sub-band with both the real and imaginary part of all phase-doubled oriented sub-bands at the next coarser scale (Q matrices of size 1x2Q, which are computed and stored in a matrix of size Qx2Q)
 74.330070 36.263016 3.902990 35.496845 1.340404 1.762396 -0.405040 -0.283866,
 32.553310 90.747810 42.118099 4.153770 1.300811 0.448755 -0.716293 -0.196113,
 2.478902 42.058060 90.302284 40.231403 0.136853 -2.470886 1.603598 1.544557,
 32.490566 2.546964 37.909885 84.058754 0.344039 -0.618065 1.661924 0.912123,
 -125.250694 -63.810856 -8.020907 -69.972496 4.696004 -6.886017 0.840017 -2.627678,
 -57.260773 -143.203461 -55.649162 -6.340666 -0.924232 -15.830692 9.349181 0.380363,
 -9.305531 -59.343903 -113.689110 -66.925140 0.945423 -0.288567 -2.126925 -8.223578,
 -63.540089 -5.095717 -49.345631 -158.918686 7.245144 1.133761 -9.385268 -9.136944,
 -111.024658 -57.189617 -2.247983 -35.949905 -17.294178 -26.608097 -0.486353 -1.343344,
 -47.381981 -92.082962 -24.199383 -6.022889 -25.668869 -21.147392 -7.722565 0.283309,
 -1.659244 -28.056454 -46.157982 -15.458047 -6.371565 -1.419000 -19.823040 -10.959453,
 -43.809166 -6.283140 -17.111235 -41.702148 -3.562192 -5.080894 -9.149188 -11.298040,
