Low-band skewness and kurtosis
 -2.183716 6.104391,
 -2.241621 6.822949,
 -1.700453 4.879630,
 -1.170649 3.342727,
 -1.093343 3.125304,

High-band variance
 146.919830,

Skewness, kurtosis, variance, mean, maximum and minimum of the reconstructed texture
 -2.170372 5.856326 6702.298828 221.746460 255.000000 0.000000,

Auto-correlations of the low-frequency bands at each scale
 2770.480469 3318.745361 3715.017334 3853.361328 3692.726807 3293.299561 2745.306641 3255.155273 3996.979980 4641.291016 4912.236328 4643.390625 4013.887207 3281.222656 3612.381592 4590.920410 5567.968262 6013.469727 5579.642090 4619.131348 3649.413818 3764.999268 4858.513672 5996.922363 6523.238281 5996.922363 4858.513672 3764.999268 3649.413818 4619.131348 5579.642090 6013.469727 5567.968262 4590.920410 3612.381592 3281.222656 4013.887207 4643.390625 4912.236328 4641.291016 3996.979980 3255.155273 2745.306641 3293.299561 3692.726807 3853.361328 3715.017334 3318.745361 2770.480469,
 1377.149902 1493.581909 1652.028320 1666.154053 1465.086182 1238.291138 1103.744141 1356.220215 1815.006226 2587.069824 2975.643066 2527.741699 1732.897339 1240.390137 1421.109131 2468.262695 4129.305664 4992.145996 4134.963867 2485.559082 1432.549561 1509.386963 2860.916748 4955.445801 6035.020508 4955.445801 2860.916748 1509.386963 1432.549561 2485.559082 4134.963867 4992.145996 4129.305664 2468.262695 1421.109131 1240.390137 1732.897339 2527.741699 2975.643066 2587.069824 1815.006226 1356.220215 1103.744141 1238.291138 1465.086182 1666.154053 1652.028320 1493.581909 1377.149902,
 882.677856 932.301086 1025.739746 1087.951538 1074.918701 1367.322510 1868.677856 991.366516 963.620361 1231.086182 1411.570068 1035.763916 877.518188 1366.044922 907.594299 1221.942017 2394.635742 3134.365234 2149.152344 923.665894 878.993591 788.815430 1296.445557 3111.210938 4321.224121 3111.210938 1296.445557 788.815430 878.993591 923.665894 2149.152344 3134.365234 2394.635742 1221.942017 907.594299 1366.044922 877.518188 1035.763916 1411.570068 1231.086182 963.620361 991.366516 1868.677856 1367.322510 1074.918701 1087.951538 1025.739746 932.301086 882.677856,
 -163.712860 58.591675 299.785614 618.094238 895.961060 976.485596 844.526978 190.486969 420.362396 709.224976 1027.711426 1253.149902 1321.600220 1121.697632 364.619202 688.110229 1308.668823 1777.875366 1660.181519 1329.291870 1014.052673 632.267395 1028.348511 1764.864746 2228.555908 1764.864746 1028.348511 632.267395 1014.052673 1329.291870 1660.181519 1777.875366 1308.668823 688.110229 364.619202 1121.697632 1321.600220 1253.149902 1027.711426 709.224976 420.362396 190.486969 844.526978 976.485596 895.961060 618.094238 299.785614 58.591675 -163.712860,
 -495.051453 -805.318604 -858.009155 -600.081299 -180.830933 167.726776 213.148865 -662.823242 -752.609070 -399.341614 175.728577 589.378052 663.229675 364.999420 -591.800049 -234.238251 521.104553 1177.054443 1240.839844 791.967651 150.598267 -268.325439 428.837799 1259.676025 1661.562744 1259.676025 428.837799 -268.325439 150.598267 791.967651 1240.839844 1177.054443 521.104553 -234.238251 -591.800049 364.999420 663.229675 589.378052 175.728577 -399.341614 -752.609070 -662.823242 213.148865 167.726776 -180.830933 -600.081299 -858.009155 -805.318604 -495.051453,

Auto-correlations of the modulus of each oriented sub-band
 84.739319 92.844070 100.039330 102.213753 97.843849 89.270676 80.834473 99.943092 112.034615 122.873985 126.664352 121.033714 109.028175 96.639244 115.177597 131.964600 147.181732 153.062714 146.110443 130.203613 113.239349 121.379486 140.664047 158.521408 165.963806 158.521408 140.664047 121.379486 113.239349 130.203613 146.110443 153.062714 147.181732 131.964600 115.177597 96.639244 109.028175 121.033714 126.664352 122.873985 112.034615 99.943092 80.834473 89.270676 97.843849 102.213753 100.039330 92.844070 84.739319,
 108.511047 113.065941 114.386429 111.059448 103.282059 92.533455 80.682205 113.097893 127.765579 137.841019 137.761627 126.998703 109.722916 90.987511 113.776512 137.542099 157.144485 162.200348 149.559189 126.288414 101.231407 109.506714 137.053802 161.974030 172.691986 161.974030 137.053802 109.506714 101.231407 126.288414 149.559189 162.200348 157.144485 137.542099 113.776512 90.987511 109.722916 126.998703 137.761627 137.841019 127.765579 113.097893 80.682205 92.533455 103.282059 111.059448 114.386429 113.065941 108.511047,
 78.154625 93.123421 108.179108 114.653214 106.851990 90.254128 74.055092 84.278145 104.302452 124.805550 134.092148 123.980934 102.535912 81.812828 90.257515 114.614120 139.904724 151.840454 139.545929 113.844772 89.205971 92.516434 118.654953 145.991119 159.172363 145.991119 118.654953 92.516434 89.205971 113.844772 139.545929 151.840454 139.904724 114.614120 90.257515 81.812828 102.535912 123.980934 134.092148 124.805550 104.302452 84.278145 74.055092 90.254128 106.851990 114.653214 108.179108 93.123421 78.154625,
 77.058662 87.208038 97.339645 105.235222 108.829697 107.473633 102.631691 85.502655 102.935310 120.299026 131.702255 132.136597 121.647377 106.186066 94.831657 119.280731 143.072250 156.355164 151.431351 131.205170 106.725929 102.699158 130.407837 156.012283 166.984222 156.012283 130.407837 102.699158 106.725929 131.205170 151.431351 156.355164 143.072250 119.280731 94.831657 106.186066 121.647377 132.136597 131.702255 120.299026 102.935310 85.502655 102.631691 107.473633 108.829697 105.235222 97.339645 87.208038 77.058662,
 205.819595 219.246490 230.165298 235.753326 234.592178 229.221771 222.934067 252.080032 278.361511 297.975555 304.025391 294.647980 276.361572 256.772095 308.608032 352.770660 388.467560 400.540894 382.895966 346.979584 307.965942 335.893005 387.854645 433.691254 453.194580 433.691254 387.854645 335.893005 307.965942 346.979584 382.895966 400.540894 388.467560 352.770660 308.608032 256.772095 276.361572 294.647980 304.025391 297.975555 278.361511 252.080032 222.934067 229.221771 234.592178 235.753326 230.165298 219.246490 205.819595,
 288.388916 320.899994 326.469666 301.920441 259.193542 214.762833 181.559387 312.094971 368.184814 395.356262 377.056061 323.165100 259.176636 205.029984 310.731842 391.081055 451.099365 455.423004 399.751404 317.753174 242.075043 282.987274 371.034546 454.690430 491.517944 454.690430 371.034546 282.987274 242.075043 317.753174 399.751404 455.423004 451.099365 391.081055 310.731842 205.029984 259.176636 323.165100 377.056061 395.356262 368.184814 312.094971 181.559387 214.762833 259.193542 301.920441 326.469666 320.899994 288.388916,
 193.988754 247.390701 303.754425 324.674988 290.387726 232.618057 191.857132 202.675949 265.245789 338.781311 370.836487 327.655396 252.105408 198.506424 206.968109 277.183197 367.938202 412.939819 361.614777 269.328278 203.730408 207.019882 279.071899 378.064514 431.291840 378.064514 279.071899 207.019882 203.730408 269.328278 361.614777 412.939819 367.938202 277.183197 206.968109 198.506424 252.105408 327.655396 370.836487 338.781311 265.245789 202.675949 191.857132 232.618057 290.387726 324.674988 303.754425 247.390701 193.988754,
 171.746887 197.611557 226.298599 257.992432 283.423950 290.048676 275.751282 195.112198 231.064148 276.360840 322.258179 344.909912 331.548767 296.294891 230.375824 280.450867 343.655823 394.357788 395.642883 350.844116 295.656158 269.596497 329.906006 396.816650 429.436005 396.816650 329.906006 269.596497 295.656158 350.844116 395.642883 394.357788 343.655823 280.450867 230.375824 296.294891 331.548767 344.909912 322.258179 276.360840 231.064148 195.112198 275.751282 290.048676 283.423950 257.992432 226.298599 197.611557 171.746887,
 78.047821 130.263458 184.813812 233.243347 266.416473 280.022125 274.819122 141.171082 213.453918 285.053894 335.891174 351.176453 333.350708 297.335175 216.621094 324.844177 432.408447 492.240417 474.396118 398.411682 309.018982 282.973083 408.027191 529.152649 582.225830 529.152649 408.027191 282.973083 309.018982 398.411682 474.396118 492.240417 432.408447 324.844177 216.621094 297.335175 333.350708 351.176453 335.891174 285.053894 213.453918 141.171082 274.819122 280.022125 266.416473 233.243347 184.813812 130.263458 78.047821,
 135.755096 183.709595 212.768234 203.436432 173.098770 158.944824 171.097229 163.931351 238.790619 290.934204 277.966431 215.844666 164.842072 153.773087 168.728012 271.726471 374.360779 386.897705 297.981689 196.748489 148.076553 157.331223 249.276703 382.071777 451.943695 382.071777 249.276703 157.331223 148.076553 196.748489 297.981689 386.897705 374.360779 271.726471 168.728012 153.773087 164.842072 215.844666 277.966431 290.934204 238.790619 163.931351 171.097229 158.944824 173.098770 203.436432 212.768234 183.709595 135.755096,
 95.491135 180.351349 279.562805 351.703003 346.553711 289.427460 235.009354 122.344818 223.660004 355.085968 445.030518 413.024994 310.416840 226.238037 148.283829 263.343872 424.559021 527.608521 460.405945 313.587219 204.861099 176.380020 295.865753 465.880066 562.880005 465.880066 295.865753 176.380020 204.861099 313.587219 460.405945 527.608521 424.559021 263.343872 148.283829 226.238037 310.416840 413.024994 445.030518 355.085968 223.660004 122.344818 235.009354 289.427460 346.553711 351.703003 279.562805 180.351349 95.491135,
 98.843536 150.748978 226.459610 307.146545 364.474365 389.477478 387.034637 143.128357 222.957443 330.383118 428.993958 473.871948 458.314941 412.916260 222.683411 334.351807 471.557434 574.988525 577.729431 495.215698 396.138367 321.810760 447.785889 583.982422 649.685791 583.982422 447.785889 321.810760 396.138367 495.215698 577.729431 574.988525 471.557434 334.351807 222.683411 412.916260 458.314941 473.871948 428.993958 330.383118 222.957443 143.128357 387.034637 389.477478 364.474365 307.146545 226.459610 150.748978 98.843536,
 -20.953907 -23.115852 -18.151962 -5.699965 13.229145 32.825928 44.219418 -7.580370 -4.733279 1.287827 8.855381 19.397905 31.438480 37.813461 9.018414 33.999084 57.184444 63.028831 49.346088 28.404623 11.042022 4.844060 42.893658 86.130188 106.878937 86.130188 42.893658 4.844060 11.042022 28.404623 49.346088 63.028831 57.184444 33.999084 9.018414 37.813461 31.438480 19.397905 8.855381 1.287827 -4.733279 -7.580370 44.219418 32.825928 13.229145 -5.699965 -18.151962 -23.115852 -20.953907,
 -19.461454 -21.728319 -15.694894 -2.994811 8.268500 14.072180 16.700212 8.978251 19.891434 30.531467 33.965336 29.699303 21.061302 11.623568 25.844084 52.689037 81.186325 86.775864 65.863998 38.180012 16.463423 25.289646 55.700134 94.982971 115.753998 94.982971 55.700134 25.289646 16.463423 38.180012 65.863998 86.775864 81.186325 52.689037 25.844084 11.623568 21.061302 29.699303 33.965336 30.531467 19.891434 8.978251 16.700212 14.072180 8.268500 -2.994811 -15.694894 -21.728319 -19.461454,
 -14.068106 -11.060249 1.992879 12.548814 7.854254 11.416195 10.488508 -8.059146 -3.623398 16.226191 33.881794 19.784933 14.720470 11.665200 -1.181750 4.889758 29.825756 55.318783 31.268726 15.355317 9.597646 5.032427 12.078194 36.195721 65.326462 36.195721 12.078194 5.032427 9.597646 15.355317 31.268726 55.318783 29.825756 4.889758 -1.181750 11.665200 14.720470 19.784933 33.881794 16.226191 -3.623398 -8.059146 10.488508 11.416195 7.854254 12.548814 1.992879 -11.060249 -14.068106,
 -30.053251 -11.577850 11.252758 39.087845 62.086643 69.711555 63.839302 -14.113180 8.446392 37.205116 68.504623 84.986702 79.910660 63.854935 6.308935 34.065002 70.493294 101.904266 102.696373 78.283218 50.527382 29.156960 61.061661 98.876289 118.880814 98.876289 61.061661 29.156960 50.527382 78.283218 102.696373 101.904266 70.493294 34.065002 6.308935 63.854935 79.910660 84.986702 68.504623 37.205116 8.446392 -14.113180 63.839302 69.711555 62.086643 39.087845 11.252758 -11.577850 -30.053251,

Pairwise cross-correlations of the modulus of all oriented sub-bands at the same scale (size QxQ)
 165.963806 114.570808 71.028450 113.499451,
 114.570808 172.692047 114.091026 74.409050,
 71.028450 114.091026 159.172424 111.077591,
 113.499451 74.409050 111.077591 166.984268,
 453.194580 371.101074 301.746765 359.136047,
 371.101074 491.518036 372.782593 319.168396,
 301.746765 372.782593 431.291870 324.290039,
 359.136047 319.168396 324.290039 429.436035,
 582.225830 343.320892 298.994446 477.941193,
 343.320892 451.943726 362.254395 326.628235,
 298.994446 362.254395 562.880005 419.687866,
 477.941193 326.628235 419.687866 649.685913,
 106.878944 44.969849 34.138573 72.663132,
 44.969849 115.753998 49.829254 30.643044,
 34.138573 49.829254 65.326469 50.521423,
 72.663132 30.643044 50.521423 118.880829,

Cross-correlations of the modulus of all oriented sub-bands with all oriented sub-bands at the coarser scale (size QxQ)
 235.302017 202.418930 154.594070 190.388580,
 197.617310 250.417206 198.314087 160.058105,
 154.986938 203.973373 223.836090 180.021729,
 196.929321 173.365494 188.779404 229.781509,
 381.468811 327.271942 307.416077 404.001617,
 338.148834 340.243652 357.253052 369.905670,
 283.748688 296.077240 359.075623 352.198730,
 344.873566 283.370819 327.595947 410.246033,
 120.214760 119.897186 105.744537 164.568024,
 104.940125 107.580887 89.714821 136.670715,
 110.600861 84.976303 105.717606 152.205490,
 114.530167 129.688370 117.391602 175.845154,

Cross-correlations of the real part of each oriented sub-band with both the real and imaginary part of all phase-doubled oriented sub-bands at the next coarser scale (Q matrices of size 1x2Q, which are computed and stored in a matrix of size Qx2Q)
 99.568977 48.638538 4.599738 47.489841 -1.912378 -0.453779 -0.397992 -0.571531,
 47.609840 108.116829 43.312439 4.181292 -1.464355 -0.901050 -0.978178 0.170394,
 6.236770 47.676617 81.638565 37.718388 -0.001494 -0.600144 1.297103 -2.549473,
 45.607067 4.853111 33.172562 94.867393 -0.136429 -0.233629 1.149825 -4.767614,
 -149.098480 -42.809837 -6.089238 -82.279678 -20.724270 2.084260 -0.514129 7.301358,
 -50.399914 -100.715057 -27.660254 -7.058187 -8.133596 3.414828 -4.342077 3.703814,
 -7.433286 -37.921074 -62.296402 -54.714546 -1.665832 4.273140 2.967326 -0.220523,
 -84.101883 -2.710105 -32.473717 -156.050476 -8.371943 1.311774 1.815896 1.439914,
 -59.570225 -18.022169 -2.263275 -14.966048 -49.250595 -18.672888 1.325410 3.516420,
 -27.981876 -53.947533 -22.802517 -2.174835 -20.504612 -23.469542 16.374008 -0.768385,
 -3.346081 -29.001003 -19.263254 -8.248606 1.131555 4.844563 24.925554 -3.453220,
 -25.110682 -2.804908 1.403895 -22.502695 -17.110394 -0.027772 9.909741 1.188448,
