Low-band skewness and kurtosis
 -2.259040 6.448564,
 -2.304072 7.122231,
 -1.843509 5.597081,
 -1.591580 5.258925,
 -1.256076 3.674257,

High-band variance
 141.154556,

Skewness, kurtosis, variance, mean, maximum and minimum of the reconstructed texture
 -2.246264 6.195590 6455.565918 223.199402 255.000000 0.000000,

Auto-correlations of the low-frequency bands at each scale
 2486.891602 3072.679199 3514.193604 3733.762207 3658.913818 3306.265137 2769.649414 3008.744873 3761.413330 4421.889160 4751.991211 4560.356934 3976.749268 3246.906494 3408.537842 4374.268066 5332.980957 5800.680664 5425.223145 4513.189941 3550.501709 3607.700439 4684.162109 5780.240234 6284.083008 5780.240234 4684.162109 3607.700439 3550.501709 4513.189941 5425.223145 5800.680664 5332.980957 4374.268066 3408.537842 3246.906494 3976.749268 4560.356934 4751.991211 4421.889160 3761.413330 3008.744873 2769.649414 3306.265137 3658.913818 3733.762207 3514.193604 3072.679199 2486.891602,
 957.998291 1088.460815 1312.166748 1514.284668 1509.912842 1316.062378 1130.758789 901.193359 1439.647461 2317.366943 2874.908691 2584.354736 1801.952637 1244.088379 1020.777588 2170.306396 3893.854492 4834.853516 4074.335938 2426.617432 1279.726074 1202.308594 2661.814453 4772.324219 5831.948730 4772.324219 2661.814453 1202.308594 1279.726074 2426.617432 4074.335938 4834.853516 3893.854492 2170.306396 1020.777588 1244.088379 1801.952637 2584.354736 2874.908691 2317.366943 1439.647461 901.193359 1130.758789 1316.062378 1509.912842 1514.284668 1312.166748 1088.460815 957.998291,
 889.467163 1117.625366 1023.854797 819.489563 770.961121 1117.914185 1477.756958 900.543884 767.978760 1014.597351 1223.549194 954.938049 975.463501 1484.623535 923.341431 712.124756 1971.346191 3014.195801 2122.455078 1033.347046 1306.000366 1072.455444 989.543701 2828.396973 4219.047852 2828.396973 989.543701 1072.455444 1306.000366 1033.347046 2122.455078 3014.195801 1971.346191 712.124756 923.341431 1484.623535 975.463501 954.938049 1223.549194 1014.597351 767.978760 900.543884 1477.756958 1117.914185 770.961121 819.489563 1023.854797 1117.625366 889.467163,
 -320.252655 32.731903 367.642395 619.256104 837.257019 1008.023193 989.724121 6.142334 365.677490 760.693726 1006.013367 1058.250366 1096.142090 1064.315430 366.775360 743.923279 1287.192139 1629.260620 1468.878906 1208.551758 1039.415039 787.075745 1134.570801 1688.604736 2035.783081 1688.604736 1134.570801 787.075745 1039.415039 1208.551758 1468.878906 1629.260620 1287.192139 743.923279 366.775360 1064.315430 1096.142090 1058.250366 1006.013367 760.693726 365.677490 6.142334 989.724121 1008.023193 837.257019 619.256104 367.642395 32.731903 -320.252655,
 -425.851746 -630.292480 -651.535767 -406.432098 -34.305908 171.812729 88.232132 -657.051636 -682.646912 -336.044556 242.482315 669.243652 634.208435 195.444855 -674.509155 -299.750977 446.318970 1123.537354 1242.748535 749.039429 8.902954 -392.113678 341.847137 1182.664551 1567.277588 1182.664551 341.847137 -392.113678 8.902954 749.039429 1242.748535 1123.537354 446.318970 -299.750977 -674.509155 195.444855 634.208435 669.243652 242.482315 -336.044556 -682.646912 -657.051636 88.232132 171.812729 -34.305908 -406.432098 -651.535767 -630.292480 -425.851746,

Auto-correlations of the modulus of each oriented sub-band
 65.268837 71.584221 78.281456 81.909592 80.762947 76.047096 70.685112 84.289986 95.073433 105.481377 110.155197 106.608589 97.016380 86.383080 102.702911 118.332016 132.863861 138.905060 133.085297 118.695023 102.940994 110.530762 128.599106 145.357162 152.303909 145.357162 128.599106 110.530762 102.940994 118.695023 133.085297 138.905060 132.863861 118.332016 102.702911 86.383080 97.016380 106.608589 110.155197 105.481377 95.073433 84.289986 70.685112 76.047096 80.762947 81.909592 78.281456 71.584221 65.268837,
 107.778870 112.028419 113.239029 109.593727 100.869675 88.315697 73.860443 112.242722 126.675674 136.756668 136.937393 126.061295 107.659409 86.726868 112.742149 136.415253 155.648148 160.827911 148.714890 125.284607 98.891548 108.135078 136.101578 160.552490 170.768677 160.552490 136.101578 108.135078 98.891548 125.284607 148.714890 160.827911 155.648148 136.415253 112.742149 86.726868 107.659409 126.061295 136.937393 136.756668 126.675674 112.242722 73.860443 88.315697 100.869675 109.593727 113.239029 112.028419 107.778870,
 64.150871 82.077400 98.636856 105.433273 98.386063 82.508263 65.683510 71.474159 93.887459 115.244637 124.364586 115.083458 94.462242 73.045998 78.690407 104.780785 130.155533 141.440063 130.076340 105.187691 79.689400 82.059494 109.388611 136.188446 148.434708 136.188446 109.388611 82.059494 79.689400 105.187691 130.076340 141.440063 130.155533 104.780785 78.690407 73.045998 94.462242 115.083458 124.364586 115.244637 93.887459 71.474159 65.683510 82.508263 98.386063 105.433273 98.636856 82.077400 64.150871,
 53.986343 66.316612 78.075829 86.872429 90.641411 89.100502 84.324982 66.056030 84.345230 101.538002 112.280975 112.356316 102.537643 88.853439 77.631577 101.010696 122.949539 134.786194 129.985840 111.723557 90.150101 86.320816 111.399025 134.411346 144.270401 134.411346 111.399025 86.320816 90.150101 111.723557 129.985840 134.786194 122.949539 101.010696 77.631577 88.853439 102.537643 112.356316 112.280975 101.538002 84.345230 66.056030 84.324982 89.100502 90.641411 86.872429 78.075829 66.316612 53.986343,
 154.153214 160.674332 165.129883 167.300262 167.264893 165.775223 163.703110 197.275635 216.313309 230.013718 234.491730 228.658096 216.309677 202.644104 248.997711 286.050720 316.135651 327.110718 313.524261 283.692688 250.853180 274.451843 319.728607 359.969055 377.021301 359.969055 319.728607 274.451843 250.853180 283.692688 313.524261 327.110718 316.135651 286.050720 248.997711 202.644104 216.309677 228.658096 234.491730 230.013718 216.313309 197.275635 163.703110 165.775223 167.264893 167.300262 165.129883 160.674332 154.153214,
 265.727783 292.951599 286.907898 250.378571 201.493103 163.083862 148.325150 283.823303 336.884247 357.052155 330.376740 268.770966 204.670197 164.799118 274.171906 352.019104 409.666382 410.727753 349.584656 264.400085 196.820892 239.012726 323.442688 408.837494 447.150299 408.837494 323.442688 239.012726 196.820892 264.400085 349.584656 410.727753 409.666382 352.019104 274.171906 164.799118 204.670197 268.770966 330.376740 357.052155 336.884247 283.823303 148.325150 163.083862 201.493103 250.378571 286.907898 292.951599 265.727783,
 138.647491 190.397171 242.583023 261.263885 227.428360 168.390213 125.962372 141.861572 209.216278 284.729919 315.661011 269.866272 188.970551 130.147339 143.319260 222.465424 319.121643 364.512817 309.838074 210.312531 136.381485 141.579803 223.514999 329.963074 385.400879 329.963074 223.514999 141.579803 136.381485 210.312531 309.838074 364.512817 319.121643 222.465424 143.319260 130.147339 188.970551 269.866272 315.661011 284.729919 209.216278 141.861572 125.962372 168.390213 227.428360 261.263885 242.583023 190.397171 138.647491,
 117.695053 131.470291 161.400574 201.129822 232.912537 241.779404 227.312668 136.770782 168.422943 220.503433 274.361938 301.166107 288.536041 249.337738 169.742508 224.459854 296.354279 351.696045 354.675018 307.602844 243.901260 211.399567 281.292145 354.169312 387.426514 354.169312 281.292145 211.399567 243.901260 307.602844 354.675018 351.696045 296.354279 224.459854 169.742508 249.337738 288.536041 301.166107 274.361938 220.503433 168.422943 136.770782 227.312668 241.779404 232.912537 201.129822 161.400574 131.470291 117.695053,
 150.566803 194.576782 235.127502 266.729462 284.943237 288.299805 278.889557 201.320236 259.470917 312.591492 350.325775 362.753479 350.664032 325.051331 322.940887 412.219391 492.049438 535.655396 524.990295 472.072113 405.760773 427.129883 529.416016 619.727661 657.769531 619.727661 529.416016 427.129883 405.760773 472.072113 524.990295 535.655396 492.049438 412.219391 322.940887 325.051331 350.664032 362.753479 350.325775 312.591492 259.470917 201.320236 278.889557 288.299805 284.943237 266.729462 235.127502 194.576782 150.566803,
 217.589783 284.866058 312.297668 292.408325 266.255859 262.382721 259.766174 268.353668 367.551300 434.543213 412.898865 344.218384 301.670990 289.926605 303.095886 419.896301 542.758179 557.653259 456.274353 351.636414 305.686462 311.915100 406.475250 552.457642 632.688232 552.457642 406.475250 311.915100 305.686462 351.636414 456.274353 557.653259 542.758179 419.896301 303.095886 289.926605 301.670990 344.218384 412.898865 434.543213 367.551300 268.353668 259.766174 262.382721 266.255859 292.408325 312.297668 284.866058 217.589783,
 148.356842 183.099777 246.481079 296.678650 279.803406 231.804459 199.990021 180.320526 222.949646 323.475098 396.353027 346.914856 255.185730 209.378448 202.293961 256.704163 394.566589 489.299896 405.497498 271.562317 214.333145 213.248398 274.236755 427.452972 529.777832 427.452972 274.236755 213.248398 214.333145 271.562317 405.497498 489.299896 394.566589 256.704163 202.293961 209.378448 255.185730 346.914856 396.353027 323.475098 222.949646 180.320526 199.990021 231.804459 279.803406 296.678650 246.481079 183.099777 148.356842,
 192.534271 214.340363 228.715637 249.692993 269.555542 269.953003 245.557770 214.113937 240.762512 284.242432 344.640594 377.052856 349.492615 288.298767 235.105652 294.546997 389.754242 479.887939 482.555939 397.905579 301.655701 273.765503 369.027557 489.490875 552.505737 489.490875 369.027557 273.765503 301.655701 397.905579 482.555939 479.887939 389.754242 294.546997 235.105652 288.298767 349.492615 377.052856 344.640594 284.242432 240.762512 214.113937 245.557770 269.953003 269.555542 249.692993 228.715637 214.340363 192.534271,
 -10.868307 2.409221 15.392797 25.227160 29.253092 28.177101 23.898237 -1.267597 18.375582 36.629234 49.004631 52.406715 48.396843 39.386990 18.846510 44.847645 69.834328 84.015099 80.346977 64.522858 44.991890 37.938595 66.401772 94.096695 106.961777 94.096695 66.401772 37.938595 44.991890 64.522858 80.346977 84.015099 69.834328 44.847645 18.846510 39.386990 48.396843 52.406715 49.004631 36.629234 18.375582 -1.267597 23.898237 28.177101 29.253092 25.227160 15.392797 2.409221 -10.868307,
 0.346111 9.601218 13.144307 10.462143 9.688575 10.461450 5.410041 3.820415 16.988644 27.056705 23.347109 13.729785 9.311629 4.364681 6.270957 24.135143 49.726192 53.033226 29.802311 11.883236 4.971327 5.985495 19.640570 51.744366 74.202400 51.744366 19.640570 5.985495 4.971327 11.883236 29.802311 53.033226 49.726192 24.135143 6.270957 4.364681 9.311629 13.729785 23.347109 27.056705 16.988644 3.820415 5.410041 10.461450 9.688575 10.462143 13.144307 9.601218 0.346111,
 -24.608398 -13.353178 6.317595 22.526136 25.647612 22.657625 22.280621 -13.411125 4.631760 33.666161 56.632812 56.440681 46.327644 38.589668 5.442938 30.697496 68.065933 94.764488 84.362671 59.894623 41.110519 27.282976 53.848511 90.735893 113.221970 90.735893 53.848511 27.282976 41.110519 59.894623 84.362671 94.764488 68.065933 30.697496 5.442938 38.589668 46.327644 56.440681 56.632812 33.666161 4.631760 -13.411125 22.280621 22.657625 25.647612 22.526136 6.317595 -13.353178 -24.608398,
 -19.316402 3.590797 30.749374 52.580135 59.427551 49.703888 27.698360 -10.031231 15.606369 47.099491 74.241516 78.283157 58.519409 30.231350 2.338887 32.832764 73.090210 106.733566 99.225708 62.922180 28.195969 17.894726 53.124760 98.826294 125.917755 98.826294 53.124760 17.894726 28.195969 62.922180 99.225708 106.733566 73.090210 32.832764 2.338887 30.231350 58.519409 78.283157 74.241516 47.099491 15.606369 -10.031231 27.698360 49.703888 59.427551 52.580135 30.749374 3.590797 -19.316402,

Pairwise cross-correlations of the modulus of all oriented sub-bands at the same scale (size QxQ)
 152.303955 108.241127 61.776829 97.449081,
 108.241127 170.768707 110.444168 64.931892,
 61.776829 110.444168 148.434708 99.732346,
 97.449081 64.931892 99.732346 144.270401,
 377.021240 324.137604 266.826843 305.901154,
 324.137604 447.150330 340.767517 294.664673,
 266.826843 340.767517 385.400879 310.252106,
 305.901154 294.664673 310.252106 387.426514,
 657.769531 477.045807 360.796997 460.130737,
 477.045807 632.688354 468.095886 387.183594,
 360.796997 468.095886 529.777893 399.918640,
 460.130737 387.183594 399.918640 552.505798,
 106.961777 47.308483 36.076553 71.149734,
 47.308483 74.202400 52.528061 31.028671,
 36.076553 52.528061 113.221954 54.281593,
 71.149734 31.028671 54.281593 125.917763,

Cross-correlations of the modulus of all oriented sub-bands with all oriented sub-bands at the coarser scale (size QxQ)
 205.801971 183.073013 135.956573 171.732132,
 179.328522 239.465881 183.381592 149.553802,
 136.006561 186.809784 206.067749 170.682724,
 166.422653 149.204437 168.952545 205.099167,
 389.682312 343.544189 286.893829 353.393158,
 393.495453 411.079803 347.786621 329.536530,
 334.837311 362.461884 335.954956 335.756561,
 380.210602 324.053162 308.781403 367.991211,
 127.511230 109.948273 156.170166 128.595200,
 126.594742 100.160706 141.371002 125.508942,
 108.912788 81.462669 135.045593 128.195694,
 113.017410 96.542938 112.888237 143.739807,

Cross-correlations of the real part of each oriented sub-band with both the real and imaginary part of all phase-doubled oriented sub-bands at the next coarser scale (Q matrices of size 1x2Q, which are computed and stored in a matrix of size Qx2Q)
 72.924225 41.147430 3.384238 25.165150 4.688163 2.928814 -0.169196 0.208435,
 39.504910 92.514427 37.375393 1.826209 2.309091 -1.988741 -3.811872 0.034378,
 2.598184 39.044941 78.836754 28.565821 0.103784 -3.761818 -3.873793 1.733320,
 25.192028 3.235777 32.123409 61.959408 1.664560 0.267217 0.231367 2.573837,
 -161.462540 -74.535034 -6.026029 -62.706276 20.763912 -8.831209 2.018467 -0.998059,
 -73.609558 -141.911530 -57.565269 -6.092548 8.480597 -20.742664 -1.689893 -0.085303,
 -7.747739 -55.101074 -122.952248 -50.331886 -1.191169 -6.369451 1.335461 8.539910,
 -72.143631 -8.392099 -51.610821 -126.600266 3.163169 -0.245856 6.833060 11.841265,
 -36.102551 -9.550437 0.565248 0.569345 14.848911 -8.504684 -1.133761 -20.857098,
 -14.036485 -31.614943 0.176100 -0.649339 -6.342208 -18.787329 -19.610298 -4.956180,
 -2.510655 -10.634617 -10.515570 -9.183861 -0.107677 -11.861896 -16.533993 0.304754,
 -16.109467 2.076288 -10.602358 -11.283039 17.770531 -1.614881 3.446131 -7.690226,
