Low-band skewness and kurtosis
 -2.664368 8.409749,
 -2.706068 9.034734,
 -2.366946 7.596613,
 -2.307518 8.291707,
 -1.772774 5.607231,

High-band variance
 92.650612,

Skewness, kurtosis, variance, mean, maximum and minimum of the reconstructed texture
 -2.654263 8.181761 5432.145508 229.600220 255.000000 0.000000,

Auto-correlations of the low-frequency bands at each scale
 3004.280273 3335.552490 3588.553955 3714.329102 3659.903076 3431.117432 3097.719238 3316.018066 3761.763916 4153.571289 4341.398926 4207.660156 3836.199951 3392.094238 3559.650879 4146.160156 4730.567383 5006.961426 4760.375977 4188.388672 3604.349121 3670.794189 4326.869141 5005.884766 5318.964844 5005.884766 4326.869141 3670.794189 3604.349121 4188.388672 4760.375977 5006.961426 4730.567383 4146.160156 3559.650879 3392.094238 3836.199951 4207.660156 4341.398926 4153.571289 3761.763916 3316.018066 3097.719238 3431.117432 3659.903076 3714.329102 3588.553955 3335.552490 3004.280273,
 1791.984253 1994.300537 2211.096191 2355.793945 2324.684082 2205.435303 2123.224365 1969.942627 2353.863281 2884.120361 3199.067383 2987.084717 2501.684570 2150.168701 2127.858887 2846.781006 3852.225830 4393.827148 3919.508545 2932.336182 2212.854492 2227.079834 3129.496826 4373.257324 5003.671875 4373.257324 3129.496826 2227.079834 2212.854492 2932.336182 3919.508545 4393.827148 3852.225830 2846.781006 2127.858887 2150.168701 2501.684570 2987.084717 3199.067383 2884.120361 2353.863281 1969.942627 2123.224365 2205.435303 2324.684082 2355.793945 2211.096191 1994.300537 1791.984253,
 488.624023 826.580811 1101.581787 1472.985840 1901.597412 2192.057373 2176.491211 724.525208 1191.116699 1680.288452 2018.648926 2042.067017 2001.060547 1962.034180 986.236450 1610.653809 2673.197998 3285.589844 2745.311768 1928.001953 1636.464478 1314.777710 1905.451660 3240.976807 4056.401367 3240.976807 1905.451660 1314.777710 1636.464478 1928.001953 2745.311768 3285.589844 2673.197998 1610.653809 986.236450 1962.034180 2001.060547 2042.067017 2018.648926 1680.288452 1191.116699 724.525208 2176.491211 2192.057373 1901.597412 1472.985840 1101.581787 826.580811 488.624023,
 -626.911682 -522.312256 -221.617035 350.536926 1099.516235 1702.858398 1766.650391 -556.706177 -269.059326 410.230225 1253.805420 1846.492188 1997.591553 1573.883423 -350.445312 252.383423 1374.855347 2308.056152 2310.212402 1676.030273 882.491211 129.037369 988.387878 2187.509521 2832.668945 2187.509521 988.387878 129.037369 882.491211 1676.030273 2310.212402 2308.056152 1374.855347 252.383423 -350.445312 1573.883423 1997.591553 1846.492188 1253.805420 410.230225 -269.059326 -556.706177 1766.650391 1702.858398 1099.516235 350.536926 -221.617035 -522.312256 -626.911682,
 -310.568359 -680.282715 -911.536377 -689.788513 18.930664 612.762207 579.290649 -702.902161 -891.487244 -699.802002 117.378754 986.447144 1041.369141 333.989197 -855.320068 -721.253906 150.950928 1339.243408 1606.065186 720.477783 -277.812744 -742.375183 -82.220047 1231.260498 1973.391968 1231.260498 -82.220047 -742.375183 -277.812744 720.477783 1606.065186 1339.243408 150.950928 -721.253906 -855.320068 333.989197 1041.369141 986.447144 117.378754 -699.802002 -891.487244 -702.902161 579.290649 612.762207 18.930664 -689.788513 -911.536377 -680.282715 -310.568359,

Auto-correlations of the modulus of each oriented sub-band
 60.723244 67.709595 73.919228 76.968964 75.764183 71.306610 65.846443 70.101707 80.265083 89.083382 92.998734 90.432716 82.953896 74.007683 79.506149 92.801506 104.307335 109.113266 104.999672 94.230812 81.638214 84.319550 98.831314 111.489708 116.633141 111.489708 98.831314 84.319550 81.638214 94.230812 104.999672 109.113266 104.307335 92.801506 79.506149 74.007683 82.953896 90.432716 92.998734 89.083382 80.265083 70.101707 65.846443 71.306610 75.764183 76.968964 73.919228 67.709595 60.723244,
 74.524467 79.740326 82.972496 83.069778 80.110802 74.953400 68.637733 80.852051 91.362228 99.088860 100.571320 95.456215 86.197601 75.815857 84.950134 100.077400 112.621582 116.400658 109.551392 96.256584 81.831940 85.264816 101.830612 116.792694 123.178848 116.792694 101.830612 85.264816 81.831940 96.256584 109.551392 116.400658 112.621582 100.077400 84.950134 75.815857 86.197601 95.456215 100.571320 99.088860 91.362228 80.852051 68.637733 74.953400 80.110802 83.069778 82.972496 79.740326 74.524467,
 66.307861 76.735771 86.315323 90.173294 85.717392 76.277489 66.516830 73.253288 86.727562 99.443932 104.748901 98.592262 85.718788 72.652122 78.881088 94.958450 110.598167 117.550072 110.008263 94.212936 78.337494 80.868729 97.921432 114.840881 122.766602 114.840881 97.921432 80.868729 78.337494 94.212936 110.008263 117.550072 110.598167 94.958450 78.881088 72.652122 85.718788 98.592262 104.748901 99.443932 86.727562 73.253288 66.516830 76.277489 85.717392 90.173294 86.315323 76.735771 66.307861,
 65.991760 73.384781 79.574066 83.299545 83.633148 80.794540 76.608826 74.106354 84.975906 94.580933 99.881073 98.293518 90.592636 81.000046 80.528496 94.732353 107.797195 114.485771 110.471420 98.119698 84.038094 84.052368 99.789398 114.317719 120.645859 114.317719 99.789398 84.052368 84.038094 98.119698 110.471420 114.485771 107.797195 94.732353 80.528496 81.000046 90.592636 98.293518 99.881073 94.580933 84.975906 74.106354 76.608826 80.794540 83.633148 83.299545 79.574066 73.384781 65.991760,
 133.131317 150.518051 166.081543 177.375900 182.839203 183.074478 179.212677 170.131561 193.539200 213.331360 224.209488 223.399902 213.896896 200.659149 207.223816 240.142029 268.504059 281.323395 273.053253 250.341919 223.820129 229.336243 265.247681 297.114380 310.654907 297.114380 265.247681 229.336243 223.820129 250.341919 273.053253 281.323395 268.504059 240.142029 207.223816 200.659149 213.896896 223.399902 224.209488 213.331360 193.539200 170.131561 179.212677 183.074478 182.839203 177.375900 166.081543 150.518051 133.131317,
 190.012299 212.459183 218.057999 208.224747 190.678238 174.618027 166.472687 209.407745 245.848923 263.699921 254.949966 227.965988 198.225754 176.434235 213.803635 261.932281 298.781097 301.916748 270.508331 226.958832 190.319077 204.945068 252.933197 301.371216 323.416626 301.371216 252.933197 204.945068 190.319077 226.958832 270.508331 301.916748 298.781097 261.932281 213.803635 176.434235 198.225754 227.965988 254.949966 263.699921 245.848923 209.407745 166.472687 174.618027 190.678238 208.224747 218.057999 212.459183 190.012299,
 116.767624 154.100250 195.262314 217.305740 206.907883 181.503632 162.961166 134.521622 176.855789 225.693893 250.671219 231.763596 193.481125 164.689835 148.939880 195.209351 251.269012 280.001434 253.206329 202.313904 163.191437 158.350983 204.086517 261.889618 292.372681 261.889618 204.086517 158.350983 163.191437 202.313904 253.206329 280.001434 251.269012 195.209351 148.939880 164.689835 193.481125 231.763596 250.671219 225.693893 176.855789 134.521622 162.961166 181.503632 206.907883 217.305740 195.262314 154.100250 116.767624,
 98.482574 120.073715 143.848236 167.848816 188.921326 202.860367 206.293335 127.972290 155.978333 187.320206 216.572754 233.693100 233.220459 218.832092 161.226395 196.804230 237.316391 268.144562 270.957825 246.945496 214.333969 192.774170 232.521591 273.611633 292.810272 273.611633 232.521591 192.774170 214.333969 246.945496 270.957825 268.144562 237.316391 196.804230 161.226395 218.832092 233.220459 233.693100 216.572754 187.320206 155.978333 127.972290 206.293335 202.860367 188.921326 167.848816 143.848236 120.073715 98.482574,
 73.845367 126.614319 177.091995 219.575623 250.834671 269.146790 271.707764 118.456085 176.601486 228.920319 266.415192 284.133636 282.597534 264.625275 177.462830 245.347610 305.695557 339.521301 335.491577 300.983948 252.767181 232.029846 302.153564 363.351807 388.959656 363.351807 302.153564 232.029846 252.767181 300.983948 335.491577 339.521301 305.695557 245.347610 177.462830 264.625275 282.597534 284.133636 266.415192 228.920319 176.601486 118.456085 271.707764 269.146790 250.834671 219.575623 177.091995 126.614319 73.845367,
 61.491425 111.653351 146.721222 163.585129 177.504303 192.214203 197.879333 101.786308 165.010849 214.338593 225.753357 214.055023 202.409317 190.505371 140.341660 211.468506 279.985168 298.899536 263.424072 216.054260 179.245926 165.211487 227.021667 299.668335 336.350861 299.668335 227.021667 165.211487 179.245926 216.054260 263.424072 298.899536 279.985168 211.468506 140.341660 190.505371 202.409317 214.055023 225.753357 214.338593 165.010849 101.786308 197.879333 192.214203 177.504303 163.585129 146.721222 111.653351 61.491425,
 41.739899 96.874519 173.332718 237.512527 258.266876 252.248474 241.162994 83.292847 147.743103 242.565628 313.681122 310.495972 271.078369 236.243073 128.093628 199.454010 305.299316 376.991180 343.567139 268.252594 211.178192 172.589813 242.730865 343.008179 402.623352 343.008179 242.730865 172.589813 211.178192 268.252594 343.567139 376.991180 305.299316 199.454010 128.093628 236.243073 271.078369 310.495972 313.681122 242.565628 147.743103 83.292847 241.162994 252.248474 258.266876 237.512527 173.332718 96.874519 41.739899,
 53.126404 111.782875 189.531830 274.453064 338.327728 362.871887 356.017700 116.690315 190.606995 285.962097 377.638977 420.792603 405.163513 359.314209 192.728821 282.131897 389.032623 470.390900 472.141388 408.395996 328.793335 269.230316 363.846466 462.425354 509.565552 462.425354 363.846466 269.230316 328.793335 408.395996 472.141388 470.390900 389.032623 282.131897 192.728821 359.314209 405.163513 420.792603 377.638977 285.962097 190.606995 116.690315 356.017700 362.871887 338.327728 274.453064 189.531830 111.782875 53.126404,
 -50.502129 -23.607279 5.392199 33.459129 58.838768 77.847359 85.010414 -14.713753 22.441023 53.145844 72.079224 81.164902 84.116501 79.207390 22.604557 78.766365 122.411217 136.574280 120.356453 89.172798 56.461872 41.483215 101.332169 155.305161 178.143524 155.305161 101.332169 41.483215 56.461872 89.172798 120.356453 136.574280 122.411217 78.766365 22.604557 79.207390 84.116501 81.164902 72.079224 53.145844 22.441023 -14.713753 85.010414 77.847359 58.838768 33.459129 5.392199 -23.607279 -50.502129,
 -70.961349 -22.706360 29.785961 74.846382 105.484604 121.312714 123.077972 -26.940521 34.049244 92.420738 131.548569 143.875671 135.103165 113.438431 24.137131 92.918198 154.813950 187.011322 178.632706 142.572250 96.255745 67.581970 132.006805 188.211700 212.016663 188.211700 132.006805 67.581970 96.255745 142.572250 178.632706 187.011322 154.813950 92.918198 24.137131 113.438431 135.103165 143.875671 131.548569 92.420738 34.049244 -26.940521 123.077972 121.312714 105.484604 74.846382 29.785961 -22.706360 -70.961349,
 -24.152899 -2.490427 22.364298 33.026112 42.633034 54.367363 46.038597 -9.917738 17.048498 51.511112 59.494987 51.224277 58.892357 53.082512 6.343500 31.497993 74.843704 92.200729 62.442429 49.936859 44.667572 25.533524 40.146656 76.297241 109.557587 76.297241 40.146656 25.533524 44.667572 49.936859 62.442429 92.200729 74.843704 31.497993 6.343500 53.082512 58.892357 51.224277 59.494987 51.511112 17.048498 -9.917738 46.038597 54.367363 42.633034 33.026112 22.364298 -2.490427 -24.152899,
 -62.688087 -31.979387 4.566412 39.645370 66.472755 83.319496 90.309074 -36.261864 3.506989 47.159378 84.256638 103.811279 103.219452 85.959045 -4.027378 44.833923 96.129951 132.684265 136.087341 107.687378 64.332291 31.456392 85.302147 136.006699 158.727768 136.006699 85.302147 31.456392 64.332291 107.687378 136.087341 132.684265 96.129951 44.833923 -4.027378 85.959045 103.219452 103.811279 84.256638 47.159378 3.506989 -36.261864 90.309074 83.319496 66.472755 39.645370 4.566412 -31.979387 -62.688087,

Pairwise cross-correlations of the modulus of all oriented sub-bands at the same scale (size QxQ)
 116.633141 87.560074 57.212479 84.051025,
 87.560074 123.178856 87.519020 59.719730,
 57.212479 87.519020 122.766617 84.907196,
 84.051025 59.719730 84.907196 120.645889,
 310.654907 261.986908 215.393295 237.424011,
 261.986908 323.416718 248.103683 216.679672,
 215.393295 248.103683 292.372711 231.859879,
 237.424011 216.679672 231.859879 292.810364,
 388.959717 270.282349 270.610596 383.443970,
 270.282349 336.350922 286.662567 291.619507,
 270.610596 286.662567 402.623352 373.204681,
 383.443970 291.619507 373.204681 509.565613,
 178.143555 158.024612 67.682327 124.961571,
 158.024612 212.016708 108.719803 132.513672,
 67.682327 108.719803 109.557587 82.858963,
 124.961571 132.513672 82.858963 158.727783,

Cross-correlations of the modulus of all oriented sub-bands with all oriented sub-bands at the coarser scale (size QxQ)
 166.071228 146.668976 110.705719 133.034409,
 149.936615 176.043594 139.275940 115.368744,
 121.732201 142.900970 168.682495 133.979813,
 140.382797 120.369164 135.295258 165.300766,
 271.295990 243.235794 236.724945 299.190460,
 253.735229 272.091248 256.646088 292.964020,
 237.178970 244.639740 277.374359 295.936005,
 246.765656 208.736359 242.612869 307.697540,
 193.824203 189.708572 103.846878 182.254791,
 154.504089 169.479767 100.046219 139.370895,
 129.319260 176.580978 136.276459 153.007782,
 178.753738 208.360229 142.600052 202.683014,

Cross-correlations of the real part of each oriented sub-band with both the real and imaginary part of all phase-doubled oriented sub-bands at the next coarser scale (Q matrices of size 1x2Q, which are computed and stored in a matrix of size Qx2Q)
 51.579433 26.878626 3.576051 21.999969 2.731407 5.270413 0.456588 1.734017,
 25.821741 60.328068 27.488422 3.648418 3.604819 1.854793 -0.931438 0.020968,
 3.115453 29.015018 60.231808 29.163845 -0.155257 -5.242860 -2.509993 -0.825260,
 21.975174 3.738792 27.956547 56.779125 -1.721868 -0.931348 -0.567893 1.286915,
 -34.267155 -13.646462 -3.369789 -35.137836 13.582157 3.253461 2.544527 6.052316,
 -11.802944 -42.166222 -33.049950 -5.550902 9.511419 -3.155824 4.268188 0.219159,
 -1.645906 -26.397480 -75.779938 -37.550232 -0.582150 -1.622682 8.709927 17.172077,
 -19.172585 -3.710122 -34.010937 -76.974258 0.707883 1.455634 7.963788 30.188847,
 -70.613785 -46.428329 -3.656464 28.250437 11.218078 2.335176 0.982554 -20.257870,
 -45.075882 -94.304497 -29.156590 0.355101 -9.495440 22.906485 -5.344545 0.113340,
 2.251757 -36.634048 -32.818100 21.412741 1.256085 1.309493 -2.205509 0.441377,
 -4.983329 -2.369074 -5.772638 66.842728 19.365387 -3.852734 5.859615 -21.021582,
