Low-band skewness and kurtosis
 -2.181735 6.101396,
 -2.245891 6.873396,
 -1.616746 4.578571,
 -1.153068 3.564487,
 -1.145756 3.359889,

High-band variance
 149.724258,

Skewness, kurtosis, variance, mean, maximum and minimum of the reconstructed texture
 -2.168375 5.849539 6697.458008 221.734436 255.000000 0.000000,

Auto-correlations of the low-frequency bands at each scale
 2463.615967 3071.149902 3550.027344 3745.719971 3580.392578 3133.326660 2530.806885 3040.693848 3833.297607 4541.415527 4858.614746 4579.061035 3892.876221 3096.928223 3464.068604 4490.975586 5516.452637 5994.618164 5545.943848 4531.815430 3499.083740 3634.875244 4782.890625 5967.368652 6514.925293 5967.368652 4782.890625 3634.875244 3499.083740 4531.815430 5545.943848 5994.618164 5516.452637 4490.975586 3464.068604 3096.928223 3892.876221 4579.061035 4858.614746 4541.415527 3833.297607 3040.693848 2530.806885 3133.326660 3580.392578 3745.719971 3550.027344 3071.149902 2463.615967,
 983.238220 866.185974 1107.734863 1345.110352 1237.417969 917.849915 709.291443 1002.810120 1388.302734 2271.512939 2802.563477 2348.620361 1389.963623 753.815491 1105.828735 2207.635742 3981.492920 4928.153809 4033.872803 2218.824707 974.562622 1145.561768 2651.180664 4878.776367 6010.092773 4878.776367 2651.180664 1145.561768 974.562622 2218.824707 4033.872803 4928.153809 3981.492920 2207.635742 1105.828735 753.815491 1389.963623 2348.620361 2802.563477 2271.512939 1388.302734 1002.810120 709.291443 917.849915 1237.417969 1345.110352 1107.734863 866.185974 983.238220,
 842.235046 830.370605 439.426605 395.691437 680.012085 936.424316 1059.667480 1177.881592 1077.748535 839.814636 908.590393 783.332581 653.713074 856.936646 979.582275 1092.661621 2049.046875 2853.757812 1912.401001 627.527832 550.212646 624.908142 935.435730 2804.696533 4145.050293 2804.696533 935.435730 624.908142 550.212646 627.527832 1912.401001 2853.757812 2049.046875 1092.661621 979.582275 856.936646 653.713074 783.332581 908.590393 839.814636 1077.748535 1177.881592 1059.667480 936.424316 680.012085 395.691437 439.426605 830.370605 842.235046,
 264.450745 267.801575 264.424255 288.561646 330.378357 399.439941 389.307190 616.399841 434.245972 430.620605 568.730652 573.856689 609.601807 654.405579 866.733276 749.932861 1069.125488 1427.598022 1155.356445 850.265503 871.982788 973.858459 977.521423 1531.453979 2008.255737 1531.453979 977.521423 973.858459 871.982788 850.265503 1155.356445 1427.598022 1069.125488 749.932861 866.733276 654.405579 609.601807 573.856689 568.730652 430.620605 434.245972 616.399841 389.307190 399.439941 330.378357 288.561646 264.424255 267.801575 264.450745,
 -555.535156 -609.649780 -598.478516 -537.909973 -495.940704 -476.790436 -475.453583 -243.752945 -219.841614 -111.174629 6.463898 27.156548 -32.898933 -125.489487 306.352509 442.901306 663.283569 814.766418 759.626343 578.573364 396.145416 624.112122 839.369629 1106.159424 1240.870728 1106.159424 839.369629 624.112122 396.145416 578.573364 759.626343 814.766418 663.283569 442.901306 306.352509 -125.489487 -32.898933 27.156548 6.463898 -111.174629 -219.841614 -243.752945 -475.453583 -476.790436 -495.940704 -537.909973 -598.478516 -609.649780 -555.535156,

Auto-correlations of the modulus of each oriented sub-band
 83.110825 92.360855 100.596825 103.660477 99.877693 91.418533 82.601776 101.044647 115.041733 127.523674 132.479050 127.363777 115.023544 101.497742 119.162453 138.101181 155.038422 161.967545 155.245270 138.534286 119.863029 127.563828 148.791656 167.916840 175.759979 167.916840 148.791656 127.563828 119.863029 138.534286 155.245270 161.967545 155.038422 138.101181 119.162453 101.497742 115.023544 127.363777 132.479050 127.523674 115.041733 101.044647 82.601776 91.418533 99.877693 103.660477 100.596825 92.360855 83.110825,
 102.011932 105.808434 107.317841 104.730652 97.263184 85.909035 72.933792 106.978020 121.403404 132.227890 133.314453 123.170670 105.504662 85.816856 108.761497 132.816925 153.382843 159.411331 147.056610 123.297646 97.486000 105.637009 133.778534 159.557831 170.680939 159.557831 133.778534 105.637009 97.486000 123.297646 147.056610 159.411331 153.382843 132.816925 108.761497 85.816856 105.504662 123.170670 133.314453 132.227890 121.403404 106.978020 72.933792 85.909035 97.263184 104.730652 107.317841 105.808434 102.011932,
 69.394836 86.060928 102.803871 109.908821 101.924797 84.606842 66.968323 77.564125 99.315300 121.295677 130.828918 120.291924 97.775780 75.413261 84.602829 110.823906 137.553375 149.591827 136.849854 109.790382 83.307037 86.982559 115.061203 143.864136 157.297455 143.864136 115.061203 86.982559 83.307037 109.790382 136.849854 149.591827 137.553375 110.823906 84.602829 75.413261 97.775780 120.291924 130.828918 121.295677 99.315300 77.564125 66.968323 84.606842 101.924797 109.908821 102.803871 86.060928 69.394836,
 64.940407 77.356079 89.357574 98.442429 102.769623 101.971222 97.141502 77.040840 96.229095 114.268646 125.716927 126.574814 117.003464 101.878532 88.710144 114.324242 137.933029 150.821686 146.400497 127.087135 102.592056 97.909546 126.185371 151.195145 161.730347 151.195145 126.185371 97.909546 102.592056 127.087135 146.400497 150.821686 137.933029 114.324242 88.710144 101.878532 117.003464 126.574814 125.716927 114.268646 96.229095 77.040840 97.141502 101.971222 102.769623 98.442429 89.357574 77.356079 64.940407,
 198.633789 213.601135 222.084824 222.720047 216.767593 207.502808 196.972839 257.907745 287.617432 310.060608 316.361267 304.014587 280.557739 255.162079 319.516998 367.620789 409.352631 425.165405 405.045868 362.369263 316.705658 345.466980 402.393463 455.157227 478.264526 455.157227 402.393463 345.466980 316.705658 362.369263 405.045868 425.165405 409.352631 367.620789 319.516998 255.162079 280.557739 304.014587 316.361267 310.060608 287.617432 257.907745 196.972839 207.502808 216.767593 222.720047 222.084824 213.601135 198.633789,
 243.346710 259.545288 249.666397 216.361176 172.469345 133.756226 108.571953 270.735504 315.314117 331.238678 305.675110 248.102097 185.955322 139.469025 272.204712 347.238464 402.599670 402.933105 342.514282 258.085449 186.431335 238.508453 325.007690 410.732422 449.343842 410.732422 325.007690 238.508453 186.431335 258.085449 342.514282 402.933105 402.599670 347.238464 272.204712 139.469025 185.955322 248.102097 305.675110 331.238678 315.314117 270.735504 108.571953 133.756226 172.469345 216.361176 249.666397 259.545288 243.346710,
 139.753494 196.682617 259.547211 290.979004 267.771515 208.130890 147.815536 150.540604 226.447296 311.274780 353.231842 318.826782 236.710876 158.740646 160.616714 251.780029 356.081665 407.749084 361.062683 258.099121 165.806290 166.675323 264.233643 376.373169 430.776917 376.373169 264.233643 166.675323 165.806290 258.099121 361.062683 407.749084 356.081665 251.780029 160.616714 158.740646 236.710876 318.826782 353.231842 311.274780 226.447296 150.540604 147.815536 208.130890 267.771515 290.979004 259.547211 196.682617 139.753494,
 100.131691 130.232056 171.546661 215.277344 247.843903 256.400543 238.169525 126.429237 175.665802 238.091110 294.674744 319.566223 302.003418 255.992401 166.047180 235.794479 316.779572 374.685730 373.504425 318.511475 246.427368 211.691467 292.736877 374.276855 411.402832 374.276855 292.736877 211.691467 246.427368 318.511475 373.504425 374.685730 316.779572 235.794479 166.047180 255.992401 302.003418 319.566223 294.674744 238.091110 175.665802 126.429237 238.169525 256.400543 247.843903 215.277344 171.546661 130.232056 100.131691,
 127.980949 108.710815 106.307770 122.716263 148.230255 169.495941 177.659393 142.402359 157.367188 188.965866 222.351425 236.988205 223.790588 193.957443 187.701202 258.795197 347.623657 405.249329 388.166626 309.405792 225.121185 232.952179 343.415222 466.671631 524.756287 466.671631 343.415222 232.952179 225.121185 309.405792 388.166626 405.249329 347.623657 258.795197 187.701202 193.957443 223.790588 236.988205 222.351425 188.965866 157.367188 142.402359 177.659393 169.495941 148.230255 122.716263 106.307770 108.710815 127.980949,
 164.442841 192.919983 202.506073 172.754257 128.288116 101.159973 104.367500 206.631363 274.133667 320.263794 288.635040 206.677673 141.035614 121.244370 220.933502 323.591949 431.829865 438.022217 331.430084 212.610931 154.236694 196.240891 293.856140 439.267914 515.571777 439.267914 293.856140 196.240891 154.236694 212.610931 331.430084 438.022217 431.829865 323.591949 220.933502 121.244370 141.035614 206.677673 288.635040 320.263794 274.133667 206.631363 104.367500 101.159973 128.288116 172.754257 202.506073 192.919983 164.442841,
 78.063171 95.338776 131.916824 179.673187 167.745499 114.239700 89.469482 83.779572 118.924004 203.669281 286.803986 247.508148 148.722198 100.021729 88.563866 146.231506 284.171509 397.433960 315.844727 169.720673 100.370979 94.611572 167.746017 332.505310 447.530945 332.505310 167.746017 94.611572 100.370979 169.720673 315.844727 397.433960 284.171509 146.231506 88.563866 100.021729 148.722198 247.508148 286.803986 203.669281 118.924004 83.779572 89.469482 114.239700 167.745499 179.673187 131.916824 95.338776 78.063171,
 169.321808 193.564240 219.194443 251.421951 272.980682 261.619690 230.516113 204.167755 245.209991 308.373657 375.591553 393.751343 345.592926 279.355591 243.407074 317.293732 432.178711 524.614868 509.585571 405.507782 302.925873 283.726746 389.795105 528.541809 599.305420 528.541809 389.795105 283.726746 302.925873 405.507782 509.585571 524.614868 432.178711 317.293732 243.407074 279.355591 345.592926 393.751343 375.591553 308.373657 245.209991 204.167755 230.516113 261.619690 272.980682 251.421951 219.194443 193.564240 169.321808,
 -6.773911 1.265209 11.359035 15.885973 13.762154 9.671230 8.934996 17.614630 22.565393 29.778305 32.496094 28.224983 21.062124 17.691706 41.168926 59.076275 78.521797 85.904449 74.568214 53.031162 35.714153 52.300152 82.572662 115.714951 130.890869 115.714951 82.572662 52.300152 35.714153 53.031162 74.568214 85.904449 78.521797 59.076275 41.168926 17.691706 21.062124 28.224983 32.496094 29.778305 22.565393 17.614630 8.934996 9.671230 13.762154 15.885973 11.359035 1.265209 -6.773911,
 15.520976 24.275507 28.363787 25.388988 14.980841 6.114702 10.816419 22.651405 40.539810 56.264801 51.329147 33.296608 19.565458 16.675076 27.861042 49.224167 82.943611 87.548309 56.939426 32.030594 23.204781 27.990452 43.856270 82.113678 109.501831 82.113678 43.856270 27.990452 23.204781 32.030594 56.939426 87.548309 82.943611 49.224167 27.861042 16.675076 19.565458 33.296608 51.329147 56.264801 40.539810 22.651405 10.816419 6.114702 14.980841 25.388988 28.363787 24.275507 15.520976,
 18.166553 20.751173 26.581911 26.062445 13.704618 7.039900 14.542417 31.652472 44.397972 65.175262 70.050926 40.985596 16.567724 14.810862 31.996288 52.278481 92.719772 112.834381 72.663071 30.599428 17.733822 24.865063 45.191391 94.687584 131.741119 94.687584 45.191391 24.865063 17.733822 30.599428 72.663071 112.834381 92.719772 52.278481 31.996288 14.810862 16.567724 40.985596 70.050926 65.175262 44.397972 31.652472 14.542417 7.039900 13.704618 26.062445 26.581911 20.751173 18.166553,
 8.362305 21.871490 21.623920 21.598871 25.797642 15.779326 0.003861 24.644707 26.178715 27.807407 46.265507 53.151791 27.783752 6.609035 23.453405 23.643009 52.028271 94.472313 87.346985 37.946411 11.834116 15.864433 32.094761 88.521347 127.299515 88.521347 32.094761 15.864433 11.834116 37.946411 87.346985 94.472313 52.028271 23.643009 23.453405 6.609035 27.783752 53.151791 46.265507 27.807407 26.178715 24.644707 0.003861 15.779326 25.797642 21.598871 21.623920 21.871490 8.362305,

Pairwise cross-correlations of the modulus of all oriented sub-bands at the same scale (size QxQ)
 175.760025 114.216652 64.306946 111.108688,
 114.216652 170.680939 110.501106 67.574989,
 64.306946 110.501106 157.297470 105.984833,
 111.108688 67.574989 105.984833 161.730362,
 478.264496 360.002350 284.419769 335.467468,
 360.002350 449.343811 346.374939 274.747131,
 284.419769 346.374939 430.776917 326.563751,
 335.467468 274.747131 326.563751 411.402832,
 524.756287 382.746765 257.904053 387.044006,
 382.746765 515.571899 328.915283 344.217651,
 257.904053 328.915283 447.530945 390.155212,
 387.044006 344.217651 390.155212 599.305542,
 130.890884 61.188076 54.218933 69.885330,
 61.188076 109.501831 52.936508 41.819496,
 54.218933 52.936508 131.741119 78.392548,
 69.885330 41.819496 78.392548 127.299507,

Cross-correlations of the modulus of all oriented sub-bands with all oriented sub-bands at the coarser scale (size QxQ)
 252.521362 189.949219 144.340515 177.500092,
 201.965591 239.872894 191.795380 144.305527,
 148.397034 187.911987 221.065125 172.578201,
 194.173340 149.697876 178.068451 218.116852,
 393.239655 340.137238 256.558960 364.110352,
 332.435699 373.738861 292.170563 321.233490,
 267.278656 311.810852 322.416687 347.778351,
 300.646118 263.438660 273.547852 367.363312,
 137.823883 85.308998 115.027954 114.289169,
 153.093979 91.272034 118.908981 112.320221,
 136.555267 95.613701 113.116470 120.749985,
 176.842896 106.459976 121.101562 129.413483,

Cross-correlations of the real part of each oriented sub-band with both the real and imaginary part of all phase-doubled oriented sub-bands at the next coarser scale (Q matrices of size 1x2Q, which are computed and stored in a matrix of size Qx2Q)
 100.838249 44.389565 4.616101 42.793106 -8.177437 -4.549706 0.917290 0.940645,
 45.992317 94.091393 45.189526 5.459872 -5.148848 1.397012 2.753600 -0.188757,
 3.542375 43.251053 95.981491 41.509586 -0.584935 3.449789 0.181993 -1.912914,
 40.835205 6.004103 41.655746 90.958710 -3.355661 -1.165094 -0.506127 -0.337829,
 -172.283539 -67.933548 -9.513442 -73.477135 -11.809549 0.944075 2.526601 1.979913,
 -86.387444 -135.758606 -66.464233 -9.580035 -2.244145 19.950289 7.907522 4.108131,
 -10.157790 -57.087349 -151.584610 -91.644058 1.245841 10.318559 22.807877 18.424677,
 -67.498108 -7.335676 -73.985184 -188.243668 -2.284297 -1.818777 19.979555 12.239308,
 -86.911629 -50.597244 -4.858692 -30.123201 -26.636345 9.695469 4.270557 11.538639,
 -40.149754 -109.912186 -29.729670 -5.088374 -2.297060 10.959929 -5.929243 3.643931,
 -3.869102 -34.990860 -83.052155 -30.697298 0.868136 -0.488817 -13.081928 5.460205,
 -37.069904 -1.573339 -45.529945 -63.960159 -15.619699 -0.229050 5.212459 10.565066,
