Low-band skewness and kurtosis
 -2.156156 5.986417,
 -2.219756 6.748675,
 -1.639941 4.753960,
 -1.327476 4.032644,
 -0.793348 2.433134,

High-band variance
 152.042877,

Skewness, kurtosis, variance, mean, maximum and minimum of the reconstructed texture
 -2.140747 5.727816 6792.228027 221.192383 255.000000 0.000000,

Auto-correlations of the low-frequency bands at each scale
 2632.613281 3223.278076 3653.443848 3799.382812 3612.907715 3177.863525 2612.609375 3184.721191 3964.338135 4632.864746 4899.990234 4593.295410 3915.317139 3152.533691 3610.899170 4624.569824 5622.715332 6063.031250 5592.039551 4582.441895 3574.611084 3760.140137 4892.029297 6065.050781 6606.854980 6065.050781 4892.029297 3760.140137 3574.611084 4582.441895 5592.039551 6063.031250 5622.715332 4624.569824 3610.899170 3152.533691 3915.317139 4593.295410 4899.990234 4632.864746 3964.338135 3184.721191 2612.609375 3177.863525 3612.907715 3799.382812 3653.443848 3223.278076 2632.613281,
 1292.671143 1335.056274 1454.842529 1528.428223 1415.902588 1238.151733 1170.511963 1148.468628 1628.923218 2441.495850 2856.719482 2393.530518 1594.787720 1195.915161 1243.241455 2368.000488 4105.394043 4985.454102 4071.623291 2366.865723 1333.002197 1385.827148 2801.239258 4976.931152 6096.956055 4976.931152 2801.239258 1385.827148 1333.002197 2366.865723 4071.623291 4985.454102 4105.394043 2368.000488 1243.241455 1195.915161 1594.787720 2393.530518 2856.719482 2441.495850 1628.923218 1148.468628 1170.511963 1238.151733 1415.902588 1528.428223 1454.842529 1335.056274 1292.671143,
 991.342957 1223.606689 1164.089844 934.647461 860.107361 920.647461 879.381409 975.516174 1130.999512 1357.341064 1428.426880 1123.223389 904.677490 985.188660 888.198792 1092.868774 2214.016357 3028.782715 2208.135498 1175.735962 1166.983154 1064.784302 1295.334595 2927.139648 4122.412598 2927.139648 1295.334595 1064.784302 1166.983154 1175.735962 2208.135498 3028.782715 2214.016357 1092.868774 888.198792 985.188660 904.677490 1123.223389 1428.426880 1357.341064 1130.999512 975.516174 879.381409 920.647461 860.107361 934.647461 1164.089844 1223.606689 991.342957,
 629.701416 740.343872 632.459778 516.318848 517.533752 535.284546 469.664276 681.837830 771.346680 809.376404 848.182495 774.990540 611.765991 450.160950 599.721863 821.492676 1357.874146 1738.286621 1407.424683 819.671387 510.969299 563.831543 935.646973 1786.522705 2322.641846 1786.522705 935.646973 563.831543 510.969299 819.671387 1407.424683 1738.286621 1357.874146 821.492676 599.721863 450.160950 611.765991 774.990540 848.182495 809.376404 771.346680 681.837830 469.664276 535.284546 517.533752 516.318848 632.459778 740.343872 629.701416,
 -723.895264 -419.853180 -78.298149 125.005096 47.189995 -265.669220 -624.623413 -418.524536 -3.747843 347.195160 475.473877 359.097076 52.154366 -342.211792 -164.907227 351.534515 892.295532 1084.360840 795.978394 293.983978 -143.739868 -75.913208 435.612915 1097.513916 1428.610596 1097.513916 435.612915 -75.913208 -143.739868 293.983978 795.978394 1084.360840 892.295532 351.534515 -164.907227 -342.211792 52.154366 359.097076 475.473877 347.195160 -3.747843 -418.524536 -624.623413 -265.669220 47.189995 125.005096 -78.298149 -419.853180 -723.895264,

Auto-correlations of the modulus of each oriented sub-band
 79.443413 88.784958 97.634964 101.860886 99.472809 92.207169 84.170998 97.828972 111.805443 124.615059 130.287674 126.069664 114.562950 101.730873 116.351288 135.017578 151.935684 159.055511 152.643448 136.391479 118.323120 124.991112 145.768494 164.668304 172.470123 164.668304 145.768494 124.991112 118.323120 136.391479 152.643448 159.055511 151.935684 135.017578 116.351288 101.730873 114.562950 126.069664 130.287674 124.615059 111.805443 97.828972 84.170998 92.207169 99.472809 101.860886 97.634964 88.784958 79.443413,
 103.421249 107.293030 107.474792 102.393761 92.594818 80.385971 68.284241 106.974426 120.831383 129.978531 128.664154 116.423607 97.953178 78.819809 106.798332 129.787918 148.693390 153.066269 139.707245 115.957199 90.801247 101.113541 128.249695 152.942413 163.613953 152.942413 128.249695 101.113541 90.801247 115.957199 139.707245 153.066269 148.693390 129.787918 106.798332 78.819809 97.953178 116.423607 128.664154 129.978531 120.831383 106.974426 68.284241 80.385971 92.594818 102.393761 107.474792 107.293030 103.421249,
 86.013512 104.228249 121.552475 129.018951 121.477310 103.849388 84.599464 93.755013 117.638283 140.362823 150.113693 139.858459 116.834801 92.488060 100.922119 129.523254 157.031647 169.170776 156.571442 128.895508 100.176498 103.625740 134.078476 163.583237 176.993393 163.583237 134.078476 103.625740 100.176498 128.895508 156.571442 169.170776 157.031647 129.523254 100.922119 92.488060 116.834801 139.858459 150.113693 140.362823 117.638283 93.755013 84.599464 103.849388 121.477310 129.018951 121.552475 104.228249 86.013512,
 78.440857 89.749733 100.694199 109.129333 113.229904 112.185677 107.107590 89.376907 108.204376 126.073746 137.457397 137.678604 126.960388 111.252136 100.185097 125.968483 150.304291 163.667694 158.244995 137.330017 112.225029 108.456261 137.232880 163.621643 175.053955 163.621643 137.232880 108.456261 112.225029 137.330017 158.244995 163.667694 150.304291 125.968483 100.185097 111.252136 126.960388 137.678604 137.457397 126.073746 108.204376 89.376907 107.107590 112.185677 113.229904 109.129333 100.694199 89.749733 78.440857,
 233.308182 249.955536 259.761169 259.495453 249.619385 234.804413 219.560959 263.438202 293.746521 317.880280 325.491943 312.794891 287.847229 261.062164 308.797180 359.628387 405.169281 423.838684 404.187592 360.137848 312.239929 335.258911 396.223236 452.703552 477.425049 452.703552 396.223236 335.258911 312.239929 360.137848 404.187592 423.838684 405.169281 359.628387 308.797180 261.062164 287.847229 312.794891 325.491943 317.880280 293.746521 263.438202 219.560959 234.804413 249.619385 259.495453 259.761169 249.955536 233.308182,
 304.275543 333.278473 325.852112 287.992676 241.784363 205.911407 186.027069 319.522400 377.470337 397.392578 364.405212 299.486450 237.157837 195.823929 306.324188 390.328217 453.330750 450.179993 380.474792 292.144928 223.337006 266.691467 354.962189 447.929962 491.889313 447.929962 354.962189 266.691467 223.337006 292.144928 380.474792 450.179993 453.330750 390.328217 306.324188 195.823929 237.157837 299.486450 364.405212 397.392578 377.470337 319.522400 186.027069 205.911407 241.784363 287.992676 325.852112 333.278473 304.275543,
 253.748383 304.293640 356.559753 380.326416 349.322510 278.491150 209.250153 252.732651 322.291168 401.478912 440.009766 396.311005 302.902802 220.626450 247.973511 334.438721 439.224487 492.261169 436.238403 323.694519 231.147827 240.470566 335.513000 453.577332 514.353027 453.577332 335.513000 240.470566 231.147827 323.694519 436.238403 492.261169 439.224487 334.438721 247.973511 220.626450 302.902802 396.311005 440.009766 401.478912 322.291168 252.732651 209.250153 278.491150 349.322510 380.326416 356.559753 304.293640 253.748383,
 219.130417 242.638397 277.244934 317.071899 344.719299 341.878815 306.585815 232.236633 276.543060 337.131958 395.133850 417.845947 389.944855 330.297974 260.742493 329.764374 414.807220 477.839478 474.544830 409.493317 327.717651 298.670746 384.535156 474.396362 516.404053 474.396362 384.535156 298.670746 327.717651 409.493317 474.544830 477.839478 414.807220 329.764374 260.742493 330.297974 389.944855 417.845947 395.133850 337.131958 276.543060 232.236633 306.585815 341.878815 344.719299 317.071899 277.244934 242.638397 219.130417,
 225.226212 246.639679 250.975388 243.676208 233.805771 222.634613 204.180649 237.693604 268.562103 288.711548 297.224030 295.374146 283.100861 258.522461 254.991135 324.342560 392.356323 427.503357 412.846802 359.686981 295.380310 286.565491 383.578857 481.185486 524.788269 481.185486 383.578857 286.565491 295.380310 359.686981 412.846802 427.503357 392.356323 324.342560 254.991135 258.522461 283.100861 295.374146 297.224030 288.711548 268.562103 237.693604 204.180649 222.634613 233.805771 243.676208 250.975388 246.639679 225.226212,
 200.734879 244.510788 263.764313 248.799622 229.288803 219.227554 207.498276 220.182892 290.457489 339.830475 317.815857 258.611237 219.961578 208.266144 221.732941 315.089539 420.688080 428.934143 333.913239 241.184311 204.736237 209.083191 285.767975 417.964844 493.214539 417.964844 285.767975 209.083191 204.736237 241.184311 333.913239 428.934143 420.688080 315.089539 221.732941 208.266144 219.961578 258.611237 317.815857 339.830475 290.457489 220.182892 207.498276 219.227554 229.288803 248.799622 263.764313 244.510788 200.734879,
 163.590851 191.038956 220.461777 241.276398 230.654739 209.904770 198.276733 199.728226 240.086990 297.464844 337.949036 305.525146 255.205307 230.365799 233.735672 285.028595 373.235413 438.580688 379.094055 294.121674 252.130447 253.856567 306.843781 408.712830 484.664001 408.712830 306.843781 253.856567 252.130447 294.121674 379.094055 438.580688 373.235413 285.028595 233.735672 230.365799 255.205307 305.525146 337.949036 297.464844 240.086990 199.728226 198.276733 209.904770 230.654739 241.276398 220.461777 191.038956 163.590851,
 150.897675 176.162384 215.950775 250.158661 258.028931 242.599518 220.278351 171.251266 209.709000 272.230042 327.968018 336.033936 295.741974 244.544083 196.837036 264.078339 365.249359 445.864746 431.286652 342.596710 256.490997 233.779816 326.735291 448.752960 513.904907 448.752960 326.735291 233.779816 256.490997 342.596710 431.286652 445.864746 365.249359 264.078339 196.837036 244.544083 295.741974 336.033936 327.968018 272.230042 209.709000 171.251266 220.278351 242.599518 258.028931 250.158661 215.950775 176.162384 150.897675,
 4.944841 7.735102 9.613844 15.669138 26.760889 35.190849 31.956835 2.423693 15.774628 30.330864 42.687187 51.454155 53.841522 45.069901 23.124290 55.165092 89.085861 106.117783 98.118698 74.637520 47.754776 40.935223 84.020500 130.502197 152.377441 130.502197 84.020500 40.935223 47.754776 74.637520 98.118698 106.117783 89.085861 55.165092 23.124290 45.069901 53.841522 51.454155 42.687187 30.330864 15.774628 2.423693 31.956835 35.190849 26.760889 15.669138 9.613844 7.735102 4.944841,
 49.090298 64.306084 69.452377 71.095131 71.875061 65.980186 48.620914 71.501938 105.827087 122.441544 116.754326 100.665817 84.421204 64.843613 77.609100 128.042358 169.260696 171.915421 138.161331 98.461952 69.593597 72.694252 118.971359 174.464996 201.462738 174.464996 118.971359 72.694252 69.593597 98.461952 138.161331 171.915421 169.260696 128.042358 77.609100 64.843613 84.421204 100.665817 116.754326 122.441544 105.827087 71.501938 48.620914 65.980186 71.875061 71.095131 69.452377 64.306084 49.090298,
 58.838955 76.938446 82.577644 84.807243 78.744591 58.848156 29.920193 64.412865 94.653625 120.213493 132.863220 110.811485 67.466080 28.430237 58.495941 103.927010 157.815140 188.259552 150.013748 84.060799 33.894287 45.981064 99.596214 171.206512 214.253052 171.206512 99.596214 45.981064 33.894287 84.060799 150.013748 188.259552 157.815140 103.927010 58.495941 28.430237 67.466080 110.811485 132.863220 120.213493 94.653625 64.412865 29.920193 58.848156 78.744591 84.807243 82.577644 76.938446 58.838955,
 25.442131 42.098907 43.743633 33.526497 22.312138 17.650988 19.317684 22.173473 51.110527 74.173965 82.623589 70.573105 46.368568 28.232513 20.456079 62.561104 115.004288 145.681671 123.697250 70.606224 30.154562 24.767193 73.681984 141.413696 177.179169 141.413696 73.681984 24.767193 30.154562 70.606224 123.697250 145.681671 115.004288 62.561104 20.456079 28.232513 46.368568 70.573105 82.623589 74.173965 51.110527 22.173473 19.317684 17.650988 22.312138 33.526497 43.743633 42.098907 25.442131,

Pairwise cross-correlations of the modulus of all oriented sub-bands at the same scale (size QxQ)
 172.470123 111.954666 69.748009 117.767403,
 111.954666 163.613953 112.639557 72.085899,
 69.748009 112.639557 176.993439 119.900139,
 117.767403 72.085899 119.900139 175.053955,
 477.425110 390.175507 349.809875 404.185516,
 390.175507 491.889374 410.405487 364.933136,
 349.809875 410.405487 514.353088 405.365601,
 404.185516 364.933136 405.365601 516.404175,
 524.788330 372.848694 314.576965 370.165283,
 372.848694 493.214600 361.739471 323.182587,
 314.576965 361.739471 484.664001 345.307739,
 370.165283 323.182587 345.307739 513.904968,
 152.377441 119.305382 92.119362 102.156860,
 119.305382 201.462753 156.013840 100.471207,
 92.119362 156.013840 214.253082 122.061302,
 102.156860 100.471207 122.061302 177.179169,

Cross-correlations of the modulus of all oriented sub-bands with all oriented sub-bands at the coarser scale (size QxQ)
 249.940521 204.702194 169.729965 213.271118,
 201.521286 245.623184 211.540939 174.928787,
 165.815704 209.936218 262.128479 213.315369,
 208.076126 176.099854 215.476883 255.718246,
 382.500732 353.673889 281.407959 347.499817,
 345.353546 378.820374 319.027802 334.459961,
 325.142517 351.554382 378.780151 355.747955,
 348.677429 328.466156 318.122345 379.208771,
 150.679993 200.527634 142.120911 144.362732,
 137.368240 203.337891 157.236481 117.228386,
 100.966293 165.030075 141.091858 132.595413,
 148.928070 176.162109 160.262482 172.211212,

Cross-correlations of the real part of each oriented sub-band with both the real and imaginary part of all phase-doubled oriented sub-bands at the next coarser scale (Q matrices of size 1x2Q, which are computed and stored in a matrix of size Qx2Q)
 99.818596 39.185234 3.146922 53.926296 2.963456 4.249398 0.108717 0.295370,
 43.755951 85.496933 35.040260 6.038134 2.999784 4.656801 -0.000739 0.001414,
 4.729239 35.249081 91.709755 50.154453 0.645761 0.196573 -3.696872 -0.969783,
 47.301289 2.782081 43.967281 115.068939 0.956500 -0.090098 -1.891462 -0.832292,
 -137.447388 -53.340569 -5.858116 -49.164074 27.627298 13.959725 -2.609640 17.215843,
 -63.384068 -114.663025 -34.249481 -9.709400 23.398087 13.602903 -15.738317 -3.629313,
 -8.463493 -40.839203 -97.660362 -53.481941 -2.078253 -8.521223 -29.798887 -6.864752,
 -60.518177 -1.852170 -52.950962 -107.203865 -7.338197 -2.888883 -15.463450 22.737301,
 -34.872925 -13.500620 -3.450747 -14.709918 11.497310 15.882026 -0.967299 1.743989,
 -8.481684 -37.800552 -8.250977 1.701221 18.512960 25.548098 13.545847 0.570580,
 -1.311258 -22.184082 -32.363472 -27.041338 -2.197044 15.243568 11.504087 -4.757080,
 -21.083826 -2.471992 -24.820944 -55.844101 -9.035404 3.772804 -8.167011 -6.855474,
