Low-band skewness and kurtosis
 -2.118863 5.831326,
 -2.184408 6.602956,
 -1.592401 4.566569,
 -1.136367 3.447619,
 -1.011889 3.324071,

High-band variance
 156.338013,

Skewness, kurtosis, variance, mean, maximum and minimum of the reconstructed texture
 -2.105101 5.579688 6889.161621 220.470093 255.000000 0.000000,

Auto-correlations of the low-frequency bands at each scale
 2535.721191 3149.733643 3638.195312 3848.673584 3675.866211 3173.350342 2481.715332 3078.885010 3908.275391 4658.677246 4994.990723 4687.521973 3931.307617 3045.066162 3450.822266 4545.413574 5651.883789 6163.498047 5668.235352 4560.666504 3435.727051 3580.495117 4816.214844 6103.311523 6699.090820 6103.311523 4816.214844 3580.495117 3435.727051 4560.666504 5668.235352 6163.498047 5651.883789 4545.413574 3450.822266 3045.066162 3931.307617 4687.521973 4994.990723 4658.677246 3908.275391 3078.885010 2481.715332 3173.350342 3675.866211 3848.673584 3638.195312 3149.733643 2535.721191,
 1125.416382 1032.025879 1165.400513 1362.549072 1251.552124 896.753174 632.957397 1129.100952 1474.599365 2314.270264 2858.784912 2368.982178 1330.496094 681.098022 1108.357422 2193.159180 4052.135010 5064.859375 4065.665771 2088.307617 837.684082 1015.183350 2531.896484 4937.244141 6182.636719 4937.244141 2531.896484 1015.183350 837.684082 2088.307617 4065.665771 5064.859375 4052.135010 2193.159180 1108.357422 681.098022 1330.496094 2368.982178 2858.784912 2314.270264 1474.599365 1129.100952 632.957397 896.753174 1251.552124 1362.549072 1165.400513 1032.025879 1125.416382,
 571.993469 662.286255 711.121826 711.553711 627.539917 612.944458 658.920593 734.103394 717.359802 991.663879 1195.696289 802.947205 471.124084 641.813599 809.666870 908.971252 2108.356445 2946.639404 1877.159180 591.323669 617.545288 731.804688 930.636475 2789.294922 4142.735840 2789.294922 930.636475 731.804688 617.545288 591.323669 1877.159180 2946.639404 2108.356445 908.971252 809.666870 641.813599 471.124084 802.947205 1195.696289 991.663879 717.359802 734.103394 658.920593 612.944458 627.539917 711.553711 711.121826 662.286255 571.993469,
 273.021912 478.841858 581.438538 514.208923 496.460510 629.628967 604.676514 305.328918 440.994965 662.524902 706.775024 542.964600 557.335571 675.974915 305.803528 512.248962 1125.960693 1478.871094 1058.278564 652.075623 704.154724 520.524658 707.193359 1496.568726 2056.751465 1496.568726 707.193359 520.524658 704.154724 652.075623 1058.278564 1478.871094 1125.960693 512.248962 305.803528 675.974915 557.335571 542.964600 706.775024 662.524902 440.994965 305.328918 604.676514 629.628967 496.460510 514.208923 581.438538 478.841858 273.021912,
 -556.335571 -465.077759 -282.422607 -84.462891 -30.073677 -159.329178 -370.369232 -459.571899 -261.578125 60.872437 344.789917 406.353912 210.683853 -130.766724 -229.989471 108.554520 587.006104 899.296997 828.433838 477.684082 53.750610 7.012177 436.184479 934.600159 1173.225342 934.600159 436.184479 7.012177 53.750610 477.684082 828.433838 899.296997 587.006104 108.554520 -229.989471 -130.766724 210.683853 406.353912 344.789917 60.872437 -261.578125 -459.571899 -370.369232 -159.329178 -30.073677 -84.462891 -282.422607 -465.077759 -556.335571,

Auto-correlations of the modulus of each oriented sub-band
 84.792007 92.773857 100.392654 103.302696 99.493759 90.913872 82.022812 105.325356 118.543892 130.619736 135.222290 129.519302 116.403709 102.365547 125.028122 143.823105 160.789398 167.494781 160.097168 142.503922 123.259399 133.094482 154.645355 174.262482 182.328018 174.262482 154.645355 133.094482 123.259399 142.503922 160.097168 167.494781 160.789398 143.823105 125.028122 102.365547 116.403709 129.519302 135.222290 130.619736 118.543892 105.325356 82.022812 90.913872 99.493759 103.302696 100.392654 92.773857 84.792007,
 106.773911 109.501732 107.891083 101.243439 90.272156 76.949028 63.888805 112.089386 126.549896 135.071228 132.474594 118.762383 98.449310 77.495392 111.587128 136.983292 156.972595 160.900421 146.095764 119.868057 91.907562 104.302704 134.659592 161.724442 173.148605 161.724442 134.659592 104.302704 91.907562 119.868057 146.095764 160.900421 156.972595 136.983292 111.587128 77.495392 98.449310 118.762383 132.474594 135.071228 126.549896 112.089386 63.888805 76.949028 90.272156 101.243439 107.891083 109.501732 106.773911,
 60.894669 80.227959 99.602402 108.570213 100.576309 81.980629 63.194244 68.419640 92.263718 116.655792 128.155029 117.611618 93.720047 70.051659 75.626625 103.500183 132.260315 145.933975 132.845215 104.304749 76.447258 78.854317 108.362869 138.840530 153.255188 138.840530 108.362869 78.854317 76.447258 104.304749 132.845215 145.933975 132.260315 103.500183 75.626625 70.051659 93.720047 117.611618 128.155029 116.655792 92.263718 68.419640 63.194244 81.980629 100.576309 108.570213 99.602402 80.227959 60.894669,
 63.857452 77.853500 90.738785 99.431122 102.157623 99.311020 93.080276 76.171951 97.450867 117.031601 128.484070 127.527267 115.280090 98.355652 87.963081 115.838997 141.507645 154.792664 148.673203 126.708214 100.305946 96.733643 127.160828 154.504639 166.014389 154.504639 127.160828 96.733643 100.305946 126.708214 148.673203 154.792664 141.507645 115.838997 87.963081 98.355652 115.280090 127.527267 128.484070 117.031601 97.450867 76.171951 93.080276 99.311020 102.157623 99.431122 90.738785 77.853500 63.857452,
 191.322464 198.507324 203.520401 205.768097 203.659592 197.991150 190.373520 265.604431 289.230347 307.741821 314.473816 305.197388 284.389954 259.326721 339.366241 387.869629 428.758453 444.769897 425.777191 383.019836 333.873993 369.270935 430.977966 485.535980 509.033661 485.535980 430.977966 369.270935 333.873993 383.019836 425.777191 444.769897 428.758453 387.869629 339.366241 259.326721 284.389954 305.197388 314.473816 307.741821 289.230347 265.604431 190.373520 197.991150 203.659592 205.768097 203.520401 198.507324 191.322464,
 291.952606 318.453033 311.307739 275.873047 233.164795 201.808807 184.301422 327.816650 385.548828 404.425934 371.711304 306.768890 245.147217 206.375427 326.074890 412.310547 474.052032 470.945404 402.502777 313.453003 244.135330 291.088287 381.841980 473.986603 515.624695 473.986603 381.841980 291.088287 244.135330 313.453003 402.502777 470.945404 474.052032 412.310547 326.074890 206.375427 245.147217 306.768890 371.711304 404.425934 385.548828 327.816650 184.301422 201.808807 233.164795 275.873047 311.307739 318.453033 291.952606,
 128.081985 195.199554 268.663147 303.513245 273.002441 206.678040 149.930344 139.263687 220.023087 314.192230 359.029297 315.308746 227.239120 155.625534 149.236496 239.551468 351.642029 407.302246 351.322937 242.693710 157.706894 155.699860 247.881378 366.455902 427.745605 366.455902 247.881378 155.699860 157.706894 242.693710 351.322937 407.302246 351.642029 239.551468 149.236496 155.625534 227.239120 315.308746 359.029297 314.192230 220.023087 139.263687 149.930344 206.678040 273.002441 303.513245 268.663147 195.199554 128.081985,
 130.811432 157.511353 197.472473 240.551422 269.139099 270.066589 244.348999 160.865067 206.142487 268.535461 326.627197 351.293152 331.425385 282.430603 206.897552 275.723816 359.024567 419.883850 420.469879 364.851318 290.011139 258.285522 341.894623 426.251221 464.385406 426.251221 341.894623 258.285522 290.011139 364.851318 420.469879 419.883850 359.024567 275.723816 206.897552 282.430603 331.425385 351.293152 326.627197 268.535461 206.142487 160.865067 244.348999 270.066589 269.139099 240.551422 197.472473 157.511353 130.811432,
 178.710083 199.424988 204.418457 197.826904 184.460297 168.375854 152.611298 209.822662 249.500214 276.373047 284.205017 271.085449 242.757050 207.103058 280.720276 359.865479 430.142303 461.153137 433.928741 363.667725 282.316101 322.713226 429.986603 531.394043 576.216187 531.394043 429.986603 322.713226 282.316101 363.667725 433.928741 461.153137 430.142303 359.865479 280.720276 207.103058 242.757050 271.085449 284.205017 276.373047 249.500214 209.822662 152.611298 168.375854 184.460297 197.826904 204.418457 199.424988 178.710083,
 159.710129 191.417526 199.446198 183.666138 169.854095 167.972183 159.263687 186.506271 242.907867 278.902954 254.896118 204.322800 177.283173 165.141586 209.453415 288.487244 377.667633 382.822144 295.558929 217.737839 183.036667 205.769608 274.238342 388.900940 458.146118 388.900940 274.238342 205.769608 183.036667 217.737839 295.558929 382.822144 377.667633 288.487244 209.453415 165.141586 177.283173 204.322800 254.896118 278.902954 242.907867 186.506271 159.263687 167.972183 169.854095 183.666138 199.446198 191.417526 159.710129,
 123.471848 134.465576 163.997009 192.620544 166.018250 117.455383 94.308121 124.880707 155.164383 231.083755 291.175629 238.867355 146.946518 100.793518 124.575851 180.850830 307.405640 398.674744 315.076050 179.779144 111.706345 120.762146 193.877930 345.749939 448.324463 345.749939 193.877930 120.762146 111.706345 179.779144 315.076050 398.674744 307.405640 180.850830 124.575851 100.793518 146.946518 238.867355 291.175629 231.083755 155.164383 124.880707 94.308121 117.455383 166.018250 192.620544 163.997009 134.465576 123.471848,
 124.160477 134.941589 151.046143 181.026886 209.632690 203.884216 165.188278 147.121887 173.039612 225.700470 291.931427 316.534698 267.001465 189.170349 185.059601 241.575867 347.240143 443.389282 430.035980 319.388855 213.086639 213.958466 309.097656 449.446533 525.776489 449.446533 309.097656 213.958466 213.086639 319.388855 430.035980 443.389282 347.240143 241.575867 185.059601 189.170349 267.001465 316.534698 291.931427 225.700470 173.039612 147.121887 165.188278 203.884216 209.632690 181.026886 151.046143 134.941589 124.160477,
 46.610893 37.591972 25.503746 16.693382 11.961357 6.259888 -4.350286 44.254627 47.210167 50.090725 50.539322 43.798023 30.408762 16.078442 43.660133 74.316422 108.973221 125.777496 110.231522 74.606842 41.031059 47.986126 95.771996 149.601837 175.597061 149.601837 95.771996 47.986126 41.031059 74.606842 110.231522 125.777496 108.973221 74.316422 43.660133 16.078442 30.408762 43.798023 50.539322 50.090725 47.210167 44.254627 -4.350286 6.259888 11.961357 16.693382 25.503746 37.591972 46.610893,
 32.103371 41.601067 31.576286 10.036364 -4.913844 -1.934883 7.811876 34.736702 63.134087 73.516991 49.749928 13.244089 -2.585884 7.033131 25.641243 64.865593 106.602745 102.544006 51.916603 8.995050 3.637824 9.966116 39.120087 97.432526 131.843674 97.432526 39.120087 9.966116 3.637824 8.995050 51.916603 102.544006 106.602745 64.865593 25.641243 7.033131 -2.585884 13.244089 49.749928 73.516991 63.134087 34.736702 7.811876 -1.934883 -4.913844 10.036364 31.576286 41.601067 32.103371,
 20.987577 29.752308 39.639977 37.433956 20.885559 1.681653 -8.138107 24.152786 44.103767 78.235504 87.918282 53.319733 12.343465 -0.282348 19.610050 46.579247 109.301926 140.792023 90.382431 25.158117 5.412830 12.089283 38.561409 114.308090 165.169739 114.308090 38.561409 12.089283 5.412830 25.158117 90.382431 140.792023 109.301926 46.579247 19.610050 -0.282348 12.343465 53.319733 87.918282 78.235504 44.103767 24.152786 -8.138107 1.681653 20.885559 37.433956 39.639977 29.752308 20.987577,
 -15.268689 -23.070503 -12.524384 8.716526 23.654568 22.538971 11.265149 -9.016212 1.232178 33.735500 73.406914 92.930252 77.208939 44.401352 11.179102 45.589539 104.666977 160.789459 163.496231 111.418991 53.911919 37.061096 92.955215 168.199097 208.426300 168.199097 92.955215 37.061096 53.911919 111.418991 163.496231 160.789459 104.666977 45.589539 11.179102 44.401352 77.208939 92.930252 73.406914 33.735500 1.232178 -9.016212 11.265149 22.538971 23.654568 8.716526 -12.524384 -23.070503 -15.268689,

Pairwise cross-correlations of the modulus of all oriented sub-bands at the same scale (size QxQ)
 182.328049 119.942093 64.452843 115.073898,
 119.942093 173.148636 106.863708 67.159889,
 64.452843 106.863708 153.255203 105.765633,
 115.073898 67.159889 105.765633 166.014420,
 509.033661 419.298035 308.615448 377.741394,
 419.298035 515.624756 369.592987 343.013214,
 308.615448 369.592987 427.745575 359.844574,
 377.741394 343.013214 359.844574 464.385437,
 576.216309 375.306183 285.041595 400.188629,
 375.306183 458.146118 304.907776 310.941528,
 285.041595 304.907776 448.324463 372.447296,
 400.188629 310.941528 372.447296 525.776550,
 175.597061 78.176674 69.626648 143.989777,
 78.176674 131.843674 100.256943 66.739105,
 69.626648 100.256943 165.169739 108.431900,
 143.989777 66.739105 108.431900 208.426300,

Cross-correlations of the modulus of all oriented sub-bands with all oriented sub-bands at the coarser scale (size QxQ)
 261.313446 220.577805 143.194351 192.241333,
 210.973389 258.993988 183.306915 161.319000,
 156.480606 202.436111 216.121109 186.531372,
 204.943069 175.519165 183.164169 231.665634,
 370.975220 334.147949 272.260773 335.221039,
 336.037231 378.688599 319.288757 320.816864,
 286.504120 296.501495 328.659058 320.971863,
 323.742310 283.102753 311.132538 358.006836,
 175.137817 113.994812 102.930870 112.657700,
 106.274666 115.704376 101.671722 64.971268,
 110.017113 113.637482 119.758530 78.309311,
 165.540039 112.138397 115.958855 134.267212,

Cross-correlations of the real part of each oriented sub-band with both the real and imaginary part of all phase-doubled oriented sub-bands at the next coarser scale (Q matrices of size 1x2Q, which are computed and stored in a matrix of size Qx2Q)
 114.868370 56.086613 3.225475 44.954926 -1.502071 -0.786516 0.837395 -1.618106,
 56.860348 107.583786 36.833309 5.035833 -0.200635 2.742691 2.576280 0.361974,
 4.089064 39.692802 80.721939 39.164104 0.208174 1.829577 2.769986 1.270575,
 44.261372 4.080678 35.679325 92.762428 -0.325586 -0.403536 1.820472 -1.399802,
 -182.506775 -71.092361 -7.243849 -75.806343 -22.674583 14.193558 -2.228655 -1.487107,
 -84.790314 -142.744705 -68.807152 -10.986428 -4.902476 36.988194 12.749191 0.694189,
 -5.937562 -66.418724 -156.917267 -63.149460 2.089827 16.338303 15.119368 -1.882366,
 -71.286514 -10.165348 -68.563271 -146.096344 -5.691786 -0.570112 -3.037631 -6.187398,
 -108.459465 -7.995821 -3.799597 -95.273285 21.778725 6.428458 0.888095 9.693508,
 -21.379009 -35.234222 -16.872622 -12.926486 10.644543 -21.466379 0.675842 -0.097340,
 -4.746412 -18.354393 -56.902836 -63.880180 -0.726592 -10.936329 -22.926674 -2.026310,
 -76.323914 -2.163208 -38.423557 -161.553131 5.690564 4.977931 -15.639180 13.897188,
