Low-band skewness and kurtosis
 -2.264074 6.475039,
 -2.326281 7.264388,
 -1.755098 5.261815,
 -1.483851 4.968912,
 -1.043021 3.064319,

High-band variance
 140.803238,

Skewness, kurtosis, variance, mean, maximum and minimum of the reconstructed texture
 -2.249430 6.210727 6454.426270 223.218262 255.000000 0.000000,

Auto-correlations of the low-frequency bands at each scale
 2645.618408 3206.839844 3590.344971 3691.336426 3476.742920 3024.994629 2428.309326 3124.466309 3885.803467 4506.820801 4724.054688 4397.001465 3723.547119 2951.873535 3441.108887 4435.916992 5389.987793 5791.684570 5320.488770 4338.075195 3345.021973 3524.372559 4630.705078 5762.390625 6282.747559 5762.390625 4630.705078 3524.372559 3345.021973 4338.075195 5320.488770 5791.684570 5389.987793 4435.916992 3441.108887 2951.873535 3723.547119 4397.001465 4724.054688 4506.820801 3885.803467 3124.466309 2428.309326 3024.994629 3476.742920 3691.336426 3590.344971 3206.839844 2645.618408,
 1045.718262 1267.555054 1504.519165 1546.129761 1325.394897 976.790100 591.210449 1020.099426 1620.649902 2480.042236 2840.345947 2289.253662 1342.478516 643.538269 1110.668701 2276.555664 3988.396973 4803.495605 3854.487305 2096.708984 897.105286 1123.631592 2581.525635 4726.557617 5816.027344 4726.557617 2581.525635 1123.631592 897.105286 2096.708984 3854.487305 4803.495605 3988.396973 2276.555664 1110.668701 643.538269 1342.478516 2289.253662 2840.345947 2480.042236 1620.649902 1020.099426 591.210449 976.790100 1325.394897 1546.129761 1504.519165 1267.555054 1045.718262,
 986.690430 1055.293213 963.251099 815.539978 549.733521 375.313263 608.091309 578.372314 737.821289 1127.625244 1299.541992 701.438782 111.265137 322.299805 356.223480 747.000916 2137.505859 2988.449707 1831.359985 336.753479 240.859344 315.034698 757.802734 2767.385010 4123.706055 2767.385010 757.802734 315.034698 240.859344 336.753479 1831.359985 2988.449707 2137.505859 747.000916 356.223480 322.299805 111.265137 701.438782 1299.541992 1127.625244 737.821289 578.372314 608.091309 375.313263 549.733521 815.539978 963.251099 1055.293213 986.690430,
 23.994186 323.942566 420.525665 318.522217 425.917267 615.995178 450.820068 159.247894 508.402557 798.674316 658.806519 406.689667 471.094757 490.583832 316.928955 577.547852 1233.489624 1466.137207 862.318970 458.588470 495.823608 439.548462 542.721619 1325.295898 1950.833496 1325.295898 542.721619 439.548462 495.823608 458.588470 862.318970 1466.137207 1233.489624 577.547852 316.928955 490.583832 471.094757 406.689667 658.806519 798.674316 508.402557 159.247894 450.820068 615.995178 425.917267 318.522217 420.525665 323.942566 23.994186,
 -454.004517 -250.258698 1.548622 219.728271 199.821594 -114.683044 -460.780762 -315.979919 -147.960205 158.757629 458.033020 430.475342 68.600327 -281.462036 -264.812439 8.608459 515.718567 877.053223 685.350037 158.094513 -222.841110 -258.821899 132.217392 775.927612 1124.811523 775.927612 132.217392 -258.821899 -222.841110 158.094513 685.350037 877.053223 515.718567 8.608459 -264.812439 -281.462036 68.600327 430.475342 458.033020 158.757629 -147.960205 -315.979919 -460.780762 -114.683044 199.821594 219.728271 1.548622 -250.258698 -454.004517,

Auto-correlations of the modulus of each oriented sub-band
 68.201103 76.169983 82.780296 84.494568 80.009651 71.447739 62.824791 87.504013 100.146660 110.999519 114.668541 108.887199 96.373161 82.835251 104.598938 121.999504 137.289459 143.158966 136.274872 120.059639 101.993942 110.998184 130.885498 148.665283 155.924759 148.665283 130.885498 110.998184 101.993942 120.059639 136.274872 143.158966 137.289459 121.999504 104.598938 82.835251 96.373161 108.887199 114.668541 110.999519 100.146660 87.504013 62.824791 71.447739 80.009651 84.494568 82.780296 76.169983 68.201103,
 88.076035 93.579361 95.127235 91.182083 81.789177 68.992935 55.610416 93.042542 108.235214 118.333084 118.394371 107.500275 89.067123 68.537811 94.378067 118.264771 137.061066 141.998138 130.271637 107.221954 80.923141 90.231888 118.219505 142.071442 151.895309 142.071442 118.219505 90.231888 80.923141 107.221954 130.271637 141.998138 137.061066 118.264771 94.378067 68.537811 89.067123 107.500275 118.394371 118.333084 108.235214 93.042542 55.610416 68.992935 81.789177 91.182083 95.127235 93.579361 88.076035,
 61.545666 80.176895 97.387962 104.450966 96.828545 79.257309 60.266575 69.365425 92.229012 113.898415 123.386902 113.801659 91.770592 68.394112 76.479195 103.129250 128.799011 140.484863 128.896637 102.975731 75.948006 79.214127 107.535835 134.947708 147.516144 134.947708 107.535835 79.214127 75.948006 102.975731 128.896637 140.484863 128.799011 103.129250 76.479195 68.394112 91.770592 113.801659 123.386902 113.898415 92.229012 69.365425 60.266575 79.257309 96.828545 104.450966 97.387962 80.176895 61.545666,
 73.375229 88.475502 101.473923 109.576729 111.356766 107.502556 100.318207 86.519836 108.605774 127.467842 137.460022 135.315735 122.636398 105.271484 97.589462 125.704567 149.864853 161.406494 154.875504 133.630783 107.310287 104.845016 135.077835 160.843384 171.379547 160.843384 135.077835 104.845016 107.310287 133.630783 154.875504 161.406494 149.864853 125.704567 97.589462 105.271484 122.636398 135.315735 137.460022 127.467842 108.605774 86.519836 100.318207 107.502556 111.356766 109.576729 101.473923 88.475502 73.375229,
 118.333389 132.032883 140.985229 143.329086 139.581482 132.106705 122.583664 186.611542 214.161484 231.935165 234.370544 220.501419 196.232864 168.680389 257.907623 307.132080 343.376831 352.946594 330.457092 286.354858 235.902985 280.086182 342.263702 394.154724 415.557770 394.154724 342.263702 280.086182 235.902985 286.354858 330.457092 352.946594 343.376831 307.132080 257.907623 168.680389 196.232864 220.501419 234.370544 231.935165 214.161484 186.611542 122.583664 132.106705 139.581482 143.329086 140.985229 132.032883 118.333389,
 212.379486 236.521255 228.178589 192.430847 148.899536 114.194473 91.134499 232.162003 287.839111 308.449921 280.413574 220.967865 160.590012 116.665268 223.510559 306.410400 366.770416 366.697144 305.444916 221.660629 151.222168 191.236267 279.591766 366.465912 404.996155 366.465912 279.591766 191.236267 151.222168 221.660629 305.444916 366.697144 366.770416 306.410400 223.510559 116.665268 160.590012 220.967865 280.413574 308.449921 287.839111 232.162003 91.134499 114.194473 148.899536 192.430847 228.178589 236.521255 212.379486,
 110.742294 179.282394 250.077240 282.403809 256.190521 192.179489 127.065765 118.781509 203.497177 294.721466 336.998657 299.967621 214.824417 133.376602 127.429375 224.481079 332.327545 383.320129 335.499115 230.897156 135.657104 133.653732 234.923447 348.628784 402.486481 348.628784 234.923447 133.653732 135.657104 230.897156 335.499115 383.320129 332.327545 224.481079 127.429375 133.376602 214.824417 299.967621 336.998657 294.721466 203.497177 118.781509 127.065765 192.179489 256.190521 282.403809 250.077240 179.282394 110.742294,
 88.211594 119.316681 167.620224 222.193146 261.401184 266.945343 240.060989 111.998718 164.999084 237.431442 304.790161 332.985168 308.999573 252.944641 150.413422 226.493622 318.344940 384.800781 382.673492 318.344391 236.112457 196.370605 285.905823 378.032288 420.343781 378.032288 285.905823 196.370605 236.112457 318.344391 382.673492 384.800781 318.344940 226.493622 150.413422 252.944641 308.999573 332.985168 304.790161 237.431442 164.999084 111.998718 240.060989 266.945343 261.401184 222.193146 167.620224 119.316681 88.211594,
 195.189423 201.538773 203.729080 205.199249 206.414413 207.643784 209.316925 204.015381 237.955750 274.962616 300.132690 300.008636 272.928223 232.312012 232.590866 324.351532 419.815552 472.883667 449.636475 363.720734 262.209564 266.618317 395.483582 520.127808 574.888428 520.127808 395.483582 266.618317 262.209564 363.720734 449.636475 472.883667 419.815552 324.351532 232.590866 232.312012 272.928223 300.008636 300.132690 274.962616 237.955750 204.015381 209.316925 207.643784 206.414413 205.199249 203.729080 201.538773 195.189423,
 125.138741 162.226212 178.326172 159.055084 130.924896 113.577164 107.888634 129.251923 203.438217 259.922699 241.907135 177.728989 127.209854 103.569122 126.559471 233.423126 351.916046 369.839661 272.491974 165.095917 108.558388 117.641510 215.001831 361.754883 441.968628 361.754883 215.001831 117.641510 108.558388 165.095917 272.491974 369.839661 351.916046 233.423126 126.559471 103.569122 127.209854 177.728989 241.907135 259.922699 203.438217 129.251923 107.888634 113.577164 130.924896 159.055084 178.326172 162.226212 125.138741,
 103.898315 148.732880 216.886658 237.251129 179.611084 103.633591 73.452789 102.507317 172.460999 280.715057 327.807556 252.265244 135.209595 74.785713 95.655563 186.974426 336.177429 415.016968 319.819763 165.410828 79.330795 86.707123 184.802933 353.583557 453.611206 353.583557 184.802933 86.707123 79.330795 165.410828 319.819763 415.016968 336.177429 186.974426 95.655563 74.785713 135.209595 252.265244 327.807556 280.715057 172.460999 102.507317 73.452789 103.633591 179.611084 237.251129 216.886658 148.732880 103.898315,
 207.436798 212.523331 212.678207 209.903839 204.030899 192.284286 179.736725 177.155762 207.284088 257.034088 305.732971 315.920197 278.375610 224.893005 179.289856 259.093842 375.475708 465.799072 454.290039 355.478790 248.025757 219.606689 339.715881 484.925720 557.084106 484.925720 339.715881 219.606689 248.025757 355.478790 454.290039 465.799072 375.475708 259.093842 179.289856 224.893005 278.375610 315.920197 305.732971 257.034088 207.284088 177.155762 179.736725 192.284286 204.030899 209.903839 212.678207 212.523331 207.436798,
 40.469364 39.483253 31.875708 24.458553 20.175970 18.033796 16.688496 40.901096 46.487438 51.909756 57.950180 61.647373 58.484028 46.949253 42.592182 72.008484 105.667755 128.480988 125.858032 99.370422 62.586964 62.537678 111.884567 160.566040 182.320709 160.566040 111.884567 62.537678 62.586964 99.370422 125.858032 128.480988 105.667755 72.008484 42.592182 46.949253 58.484028 61.647373 57.950180 51.909756 46.487438 40.901096 16.688496 18.033796 20.175970 24.458553 31.875708 39.483253 40.469364,
 15.806828 17.940590 14.997963 6.311550 0.376245 1.675435 7.268240 9.478308 23.661797 38.995239 32.095730 11.539224 -0.484431 -2.484904 3.526031 26.166981 63.245556 71.774651 36.946507 5.355052 -7.277056 -2.583586 19.011272 64.257126 95.878738 64.257126 19.011272 -2.583586 -7.277056 5.355052 36.946507 71.774651 63.245556 26.166981 3.526031 -2.484904 -0.484431 11.539224 32.095730 38.995239 23.661797 9.478308 7.268240 1.675435 0.376245 6.311550 14.997963 17.940590 15.806828,
 -9.480564 9.868059 35.234520 64.752693 77.468773 55.492226 13.142395 -8.049839 16.556143 51.457359 88.900879 88.346962 49.721359 6.348994 -5.221642 25.782928 74.099686 116.907745 96.345139 43.559868 2.479731 -1.166789 35.644913 92.466034 130.716049 92.466034 35.644913 -1.166789 2.479731 43.559868 96.345139 116.907745 74.099686 25.782928 -5.221642 6.348994 49.721359 88.346962 88.900879 51.457359 16.556143 -8.049839 13.142395 55.492226 77.468773 64.752693 35.234520 9.868059 -9.480564,
 29.229143 54.607372 107.028130 143.654373 125.002403 71.140327 27.063875 56.544342 91.094177 153.912689 195.537247 172.378540 107.562500 55.369377 75.322006 121.091148 198.723953 250.456818 218.565781 135.652405 75.350281 82.235481 139.051147 229.379944 279.150269 229.379944 139.051147 82.235481 75.350281 135.652405 218.565781 250.456818 198.723953 121.091148 75.322006 55.369377 107.562500 172.378540 195.537247 153.912689 91.094177 56.544342 27.063875 71.140327 125.002403 143.654373 107.028130 54.607372 29.229143,

Pairwise cross-correlations of the modulus of all oriented sub-bands at the same scale (size QxQ)
 155.924744 100.810745 57.757339 108.205505,
 100.810745 151.895294 100.523407 64.184174,
 57.757339 100.523407 147.516113 106.189323,
 108.205505 64.184174 106.189323 171.379532,
 415.557739 321.562714 271.817383 311.175201,
 321.562714 404.996155 323.083588 278.515808,
 271.817383 323.083588 402.486572 333.665771,
 311.175201 278.515808 333.665771 420.343781,
 574.888489 371.377838 313.137177 426.238434,
 371.377838 441.968628 310.739502 282.542175,
 313.137177 310.739502 453.611267 362.714111,
 426.238434 282.542175 362.714111 557.084106,
 182.320709 51.746960 59.934258 147.703522,
 51.746960 95.878746 56.469494 58.628006,
 59.934258 56.469494 130.716064 135.255463,
 147.703522 58.628006 135.255463 279.150238,

Cross-correlations of the modulus of all oriented sub-bands with all oriented sub-bands at the coarser scale (size QxQ)
 218.913544 173.458664 138.576981 171.098282,
 174.303253 216.396454 176.293808 139.771133,
 130.507599 173.086304 209.509247 176.813843,
 175.621918 147.487076 183.111298 232.177673,
 343.410217 291.553894 253.143372 303.269592,
 342.041351 338.815125 288.109833 283.181793,
 303.477905 300.589539 311.811920 307.987061,
 342.086609 291.712799 297.091522 343.372864,
 158.470642 92.611664 114.743736 208.723068,
 106.350815 109.042709 93.127838 135.088745,
 113.224548 59.272251 84.408020 153.117813,
 152.739655 70.511116 113.707710 216.112289,

Cross-correlations of the real part of each oriented sub-band with both the real and imaginary part of all phase-doubled oriented sub-bands at the next coarser scale (Q matrices of size 1x2Q, which are computed and stored in a matrix of size Qx2Q)
 96.423096 38.239578 3.624202 46.803562 -3.930636 -2.769040 -0.215102 0.459211,
 38.663612 86.336060 37.268570 4.393662 -3.682138 -3.172805 1.094432 0.306120,
 4.094936 39.169048 91.164070 43.819313 -0.301215 0.310246 3.003919 -3.197141,
 45.721310 4.111050 42.343571 103.010674 -0.525057 -0.083518 0.084742 -5.163143,
 -199.207092 -87.688553 -10.470950 -88.642052 7.213330 -9.891953 -0.976551 -1.419259,
 -86.081367 -183.457733 -80.120361 -10.705076 -5.975409 -21.018921 4.366715 -0.940722,
 -11.406053 -78.820396 -162.368103 -75.877441 1.113818 -5.785611 21.752310 -4.153903,
 -97.935638 -9.588400 -68.269455 -175.552383 8.332840 -0.863877 10.889502 -11.396679,
 -111.318184 -44.960552 -4.364653 -76.558296 4.987670 6.627071 2.262680 8.553524,
 -50.121429 -89.708321 -31.874331 -8.598739 7.770845 6.315373 -1.374952 -0.215849,
 -10.030663 -33.126583 -77.284935 -55.841396 1.367410 4.875567 15.652157 26.165400,
 -57.239410 -2.735585 -34.750523 -150.213715 -6.151911 1.302629 22.394842 42.180153,
