Low-band skewness and kurtosis
 -2.177314 6.067412,
 -2.235495 6.783452,
 -1.677254 4.832294,
 -1.329907 4.004653,
 -1.067370 2.966908,

High-band variance
 143.384857,

Skewness, kurtosis, variance, mean, maximum and minimum of the reconstructed texture
 -2.163666 5.824368 6740.989258 221.592834 255.000000 0.000000,

Auto-correlations of the low-frequency bands at each scale
 2701.283936 3233.531494 3621.664307 3792.937256 3711.934326 3422.567139 2998.928955 3312.448975 4020.365967 4624.951172 4898.418945 4687.165039 4140.139648 3487.518799 3736.922607 4682.205566 5610.285156 6039.991211 5643.402344 4737.247559 3806.148193 3903.193848 4971.360352 6064.788086 6566.278320 6064.788086 4971.360352 3903.193848 3806.148193 4737.247559 5643.402344 6039.991211 5610.285156 4682.205566 3736.922607 3487.518799 4140.139648 4687.165039 4898.418945 4624.951172 4020.365967 3312.448975 2998.928955 3422.567139 3711.934326 3792.937256 3621.664307 3233.531494 2701.283936,
 1008.261475 1091.124390 1228.621826 1401.995483 1569.386963 1742.368774 1818.963623 1137.443726 1620.845947 2387.475586 2854.073730 2634.742188 2126.816162 1816.290649 1422.626465 2503.212158 4139.695801 5005.024902 4252.821777 2751.035889 1778.882324 1673.385742 3024.157227 5055.229492 6091.942871 5055.229492 3024.157227 1673.385742 1778.882324 2751.035889 4252.821777 5005.024902 4139.695801 2503.212158 1422.626465 1816.290649 2126.816162 2634.742188 2854.073730 2387.475586 1620.845947 1137.443726 1818.963623 1742.368774 1569.386963 1401.995483 1228.621826 1091.124390 1008.261475,
 904.440735 1026.323608 1009.636780 1074.509766 1284.024902 1499.177856 1433.774170 753.272827 708.387390 916.176147 1333.507935 1415.345825 1291.337158 1206.078369 762.369263 959.877014 2085.126953 3090.141846 2560.907715 1513.765625 1238.070190 1077.735474 1515.313721 3196.709473 4329.192871 3196.709473 1515.313721 1077.735474 1238.070190 1513.765625 2560.907715 3090.141846 2085.126953 959.877014 762.369263 1206.078369 1291.337158 1415.345825 1333.507935 916.176147 708.387390 753.272827 1433.774170 1499.177856 1284.024902 1074.509766 1009.636780 1026.323608 904.440735,
 -446.572571 -153.616699 170.629974 521.796997 961.577271 1297.508057 1199.763184 -79.552856 248.427185 678.841614 1135.165039 1377.363525 1408.591797 1228.335327 267.661499 611.361084 1317.220581 1914.887207 1708.396118 1232.744751 1007.349609 641.547424 945.613403 1764.454102 2333.983643 1764.454102 945.613403 641.547424 1007.349609 1232.744751 1708.396118 1914.887207 1317.220581 611.361084 267.661499 1228.335327 1408.591797 1377.363525 1135.165039 678.841614 248.427185 -79.552856 1199.763184 1297.508057 961.577271 521.796997 170.629974 -153.616699 -446.572571,
 -414.439026 -732.991882 -805.940552 -537.470642 -25.135651 384.639343 386.119263 -781.032593 -865.120544 -488.453003 193.240784 754.250366 815.667908 355.154205 -842.503601 -472.847382 380.385773 1204.140381 1357.427002 787.035767 -35.913208 -537.191040 245.680573 1233.077393 1709.709229 1233.077393 245.680573 -537.191040 -35.913208 787.035767 1357.427002 1204.140381 380.385773 -472.847382 -842.503601 355.154205 815.667908 754.250366 193.240784 -488.453003 -865.120544 -781.032593 386.119263 384.639343 -25.135651 -537.470642 -805.940552 -732.991882 -414.439026,

Auto-correlations of the modulus of each oriented sub-band
 70.404671 76.838013 82.648094 84.863724 82.213112 76.239914 70.077751 85.621201 96.437340 106.056419 109.801666 105.665321 95.980904 85.615005 101.229240 116.987053 131.050247 136.614624 130.643387 116.479012 101.054741 108.081467 126.193039 142.770660 149.655029 142.770660 126.193039 108.081467 101.054741 116.479012 130.643387 136.614624 131.050247 116.987053 101.229240 85.615005 95.980904 105.665321 109.801666 106.056419 96.437340 85.621201 70.077751 76.239914 82.213112 84.863724 82.648094 76.838013 70.404671,
 103.354309 108.515732 110.821320 108.981583 102.923859 93.736160 83.328354 109.450157 124.224564 134.740067 135.877792 126.858078 111.068069 93.368401 112.336418 135.797821 154.941574 160.317551 149.040298 127.173523 102.980019 109.989731 136.904465 160.762817 170.808411 160.762817 136.904465 109.989731 102.980019 127.173523 149.040298 160.317551 154.941574 135.797821 112.336418 93.368401 111.068069 126.858078 135.877792 134.740067 124.224564 109.450157 83.328354 93.736160 102.923859 108.981583 110.821320 108.515732 103.354309,
 76.655075 92.758850 109.964279 117.889755 110.292740 93.477264 77.869720 84.638657 104.880020 126.877411 136.995209 126.400955 104.344070 84.280426 91.506393 115.416061 141.772354 154.312073 141.210159 114.676224 90.795456 93.896187 119.285080 147.528625 161.436554 147.528625 119.285080 93.896187 90.795456 114.676224 141.210159 154.312073 141.772354 115.416061 91.506393 84.280426 104.344070 126.400955 136.995209 126.877411 104.880020 84.638657 77.869720 93.477264 110.292740 117.889755 109.964279 92.758850 76.655075,
 71.606125 83.251251 95.961662 107.144592 113.873817 114.519226 109.831833 83.491165 102.235184 121.125313 134.527405 137.191650 128.473160 113.483078 95.766586 120.837891 144.970184 159.019455 155.383392 136.487091 112.456711 106.140106 133.791168 158.758026 169.410355 158.758026 133.791168 106.140106 112.456711 136.487091 155.383392 159.019455 144.970184 120.837891 95.766586 113.483078 128.473160 137.191650 134.527405 121.125313 102.235184 83.491165 109.831833 114.519226 113.873817 107.144592 95.961662 83.251251 71.606125,
 165.417679 174.646072 180.885681 183.733078 183.413391 180.543381 175.041580 214.747116 234.845245 251.023849 258.370239 253.660202 238.705750 218.324020 272.870239 313.682220 347.958099 362.374908 349.214752 315.109894 273.752747 301.076477 354.521057 400.558044 419.774261 400.558044 354.521057 301.076477 273.752747 315.109894 349.214752 362.374908 347.958099 313.682220 272.870239 218.324020 238.705750 253.660202 258.370239 251.023849 234.845245 214.747116 175.041580 180.543381 183.413391 183.733078 180.885681 174.646072 165.417679,
 278.476562 306.311707 308.460541 283.722839 246.418991 212.221024 185.518036 304.226440 354.980408 380.597534 363.443787 312.907349 256.986267 212.644958 304.139954 374.679199 431.249298 437.120697 384.609711 310.136475 246.433121 280.903534 356.460480 433.442505 469.054138 433.442505 356.460480 280.903534 246.433121 310.136475 384.609711 437.120697 431.249298 374.679199 304.139954 212.644958 256.986267 312.907349 363.443787 380.597534 354.980408 304.226440 185.518036 212.221024 246.418991 283.722839 308.460541 306.311707 278.476562,
 187.093552 232.296219 289.881989 321.975403 302.158905 250.281204 201.342941 199.928894 259.377747 335.059753 374.483948 341.764038 270.784119 209.197205 209.551041 280.492981 372.577179 420.433990 375.086395 285.809265 214.238785 214.644287 290.158173 388.359253 440.052246 388.359253 290.158173 214.644287 214.238785 285.809265 375.086395 420.433990 372.577179 280.492981 209.551041 209.197205 270.784119 341.764038 374.483948 335.059753 259.377747 199.928894 201.342941 250.281204 302.158905 321.975403 289.881989 232.296219 187.093552,
 183.901260 210.028564 251.510925 303.192017 346.573547 361.223877 339.342285 209.466782 257.068848 324.171997 390.634399 424.767700 408.548340 353.722168 249.883652 322.928986 410.648590 475.649658 478.857941 420.505219 337.976105 298.082489 387.147705 474.606445 513.363892 474.606445 387.147705 298.082489 337.976105 420.505219 478.857941 475.649658 410.648590 322.928986 249.883652 353.722168 408.548340 424.767700 390.634399 324.171997 257.068848 209.466782 339.342285 361.223877 346.573547 303.192017 251.510925 210.028564 183.901260,
 126.497337 147.731369 160.317566 163.621216 163.073456 165.774216 173.724762 187.157181 217.707245 236.110794 235.663864 218.522873 195.991699 178.083755 238.437866 300.643799 354.675873 371.364929 338.590057 276.467590 215.979431 250.692459 335.549713 420.203796 458.018433 420.203796 335.549713 250.692459 215.979431 276.467590 338.590057 371.364929 354.675873 300.643799 238.437866 178.083755 195.991699 218.522873 235.663864 236.110794 217.707245 187.157181 173.724762 165.774216 163.073456 163.621216 160.317566 147.731369 126.497337,
 225.836502 281.515625 301.276550 294.941772 277.709045 263.143921 253.261765 258.899506 359.445221 421.083771 406.122620 344.759491 293.871124 270.478729 271.753326 399.952881 526.826233 546.154785 446.903015 334.416870 273.319672 272.824860 382.578125 536.245667 619.036255 536.245667 382.578125 272.824860 273.319672 334.416870 446.903015 546.154785 526.826233 399.952881 271.753326 270.478729 293.871124 344.759491 406.122620 421.083771 359.445221 258.899506 253.261765 263.143921 277.709045 294.941772 301.276550 281.515625 225.836502,
 218.079620 292.576630 354.609833 380.718872 360.315460 323.190521 294.641327 255.964355 346.738037 442.734619 487.789612 437.855347 357.642029 308.165649 284.587708 383.593231 514.665649 585.471863 508.837891 385.566681 311.603821 303.647186 396.711182 540.874512 626.828430 540.874512 396.711182 303.647186 311.603821 385.566681 508.837891 585.471863 514.665649 383.593231 284.587708 308.165649 357.642029 437.855347 487.789612 442.734619 346.738037 255.964355 294.641327 323.190521 360.315460 380.718872 354.609833 292.576630 218.079620,
 97.524002 132.025696 150.796494 160.446915 173.299820 176.659210 160.271225 131.317566 165.528473 201.041687 241.106400 258.039490 229.404633 183.245178 153.804352 208.680313 290.745880 364.844177 354.467926 270.019714 193.238922 178.265396 258.074463 370.762878 434.620056 370.762878 258.074463 178.265396 193.238922 270.019714 354.467926 364.844177 290.745880 208.680313 153.804352 183.245178 229.404633 258.039490 241.106400 201.041687 165.528473 131.317566 160.271225 176.659210 173.299820 160.446915 150.796494 132.025696 97.524002,
 -31.113659 -11.975782 12.728539 37.184868 53.383278 57.755966 52.980015 -11.561255 14.422951 40.807236 60.383205 67.455513 62.365967 49.386276 31.683336 69.453865 103.238739 119.125702 111.660934 88.773827 60.965248 66.620453 108.862328 147.411331 164.074875 147.411331 108.862328 66.620453 60.965248 88.773827 111.660934 119.125702 103.238739 69.453865 31.683336 49.386276 62.365967 67.455513 60.383205 40.807236 14.422951 -11.561255 52.980015 57.755966 53.383278 37.184868 12.728539 -11.975782 -31.113659,
 -4.872932 5.304739 22.924240 44.909878 58.115646 54.137619 40.993454 6.295683 27.876368 53.142963 69.458488 71.276901 61.496078 47.248932 17.753088 50.282379 90.436516 106.641022 88.150398 59.823601 40.918839 28.284630 58.367142 104.018135 129.291077 104.018135 58.367142 28.284630 40.918839 59.823601 88.150398 106.641022 90.436516 50.282379 17.753088 47.248932 61.496078 71.276901 69.458488 53.142963 27.876368 6.295683 40.993454 54.137619 58.115646 44.909878 22.924240 5.304739 -4.872932,
 -11.898335 -7.378370 -3.367535 1.539707 8.366835 16.497099 16.337635 -13.476153 -9.540670 1.918938 15.464690 15.355537 10.586010 5.080812 -13.184830 -5.493870 19.895037 44.179790 28.663866 5.050016 -5.821864 -11.129412 0.744467 34.176071 62.276798 34.176071 0.744467 -11.129412 -5.821864 5.050016 28.663866 44.179790 19.895037 -5.493870 -13.184830 5.080812 10.586010 15.355537 15.464690 1.918938 -9.540670 -13.476153 16.337635 16.497099 8.366835 1.539707 -3.367535 -7.378370 -11.898335,
 -33.584415 -23.032848 -5.485493 16.868145 33.675690 35.570583 25.391556 -20.922157 -5.415688 20.087782 48.379246 60.898689 50.639359 30.114075 -4.443529 19.619537 56.468109 88.534821 88.957932 60.743622 29.565199 15.372812 48.111805 89.675011 111.014221 89.675011 48.111805 15.372812 29.565199 60.743622 88.957932 88.534821 56.468109 19.619537 -4.443529 30.114075 50.639359 60.898689 48.379246 20.087782 -5.415688 -20.922157 25.391556 35.570583 33.675690 16.868145 -5.485493 -23.032848 -33.584415,

Pairwise cross-correlations of the modulus of all oriented sub-bands at the same scale (size QxQ)
 149.655029 106.999626 68.798523 107.506432,
 106.999626 170.808380 115.196129 74.352493,
 68.798523 115.196129 161.436539 116.140594,
 107.506432 74.352493 116.140594 169.410370,
 419.774261 360.580566 303.975677 364.514862,
 360.580566 469.054169 362.526489 342.216400,
 303.975677 362.526489 440.052277 390.444366,
 364.514862 342.216400 390.444366 513.363892,
 458.018494 389.435822 364.684082 322.030640,
 389.435822 619.036255 471.891541 290.925598,
 364.684082 471.891541 626.828430 391.938751,
 322.030640 290.925598 391.938751 434.620056,
 164.074860 96.428818 35.262741 81.734520,
 96.428818 129.291092 40.210220 52.497112,
 35.262741 40.210220 62.276806 48.783310,
 81.734520 52.497112 48.783310 111.014221,

Cross-correlations of the modulus of all oriented sub-bands with all oriented sub-bands at the coarser scale (size QxQ)
 217.900375 190.288239 150.884293 195.782669,
 194.618271 240.436844 194.204559 174.407791,
 153.660034 190.606552 224.068405 210.268280,
 186.186447 167.942947 195.868149 253.481918,
 330.020477 348.446198 330.707214 290.482056,
 333.354919 410.777191 366.832489 280.960815,
 283.768188 337.987366 392.590057 314.011414,
 311.494934 330.805969 379.111938 343.969727,
 162.482941 129.221161 48.283051 124.830803,
 141.259613 171.370590 78.820107 128.971130,
 154.390884 163.297760 93.694878 154.549469,
 139.834061 108.190865 72.417831 131.400726,

Cross-correlations of the real part of each oriented sub-band with both the real and imaginary part of all phase-doubled oriented sub-bands at the next coarser scale (Q matrices of size 1x2Q, which are computed and stored in a matrix of size Qx2Q)
 80.631546 39.661560 6.196918 42.983158 -5.828445 -1.638079 0.030802 3.177580,
 36.244934 93.546654 43.055923 3.062011 -2.640343 1.638824 1.672088 0.818453,
 4.742612 44.294716 95.546776 48.438282 -1.558588 3.821724 0.057844 -2.727613,
 38.970638 4.416060 48.085457 107.304085 -5.329385 0.154944 -1.794678 -1.766393,
 -111.026932 -68.602089 -11.400240 -61.989311 -39.533001 5.206867 0.475059 0.121111,
 -59.066315 -185.867340 -81.214745 -7.967610 -9.743355 23.272532 6.936141 3.949050,
 -11.793903 -87.994263 -176.336670 -70.561615 1.648856 18.198677 7.573783 -3.776567,
 -55.194973 -8.119621 -84.972633 -146.573807 -13.721397 1.490791 0.307415 -13.126513,
 -52.266388 -32.369514 -1.511490 -48.314808 60.952293 7.853248 2.019685 2.450219,
 -29.659073 -59.296738 -27.129005 -6.591897 28.450361 12.335231 10.794474 -2.826037,
 -6.774982 -15.888739 -62.778282 -40.487610 1.014917 5.270630 20.215614 7.597396,
 -30.765877 0.187584 -27.417572 -95.388443 16.602924 0.726434 10.336025 17.047421,
