Low-band skewness and kurtosis
 -2.139604 5.924428,
 -2.200859 6.677417,
 -1.599571 4.490684,
 -1.131961 3.410335,
 -0.976224 2.840487,

High-band variance
 160.263199,

Skewness, kurtosis, variance, mean, maximum and minimum of the reconstructed texture
 -2.123975 5.661549 6827.321777 220.862122 255.000000 0.000000,

Auto-correlations of the low-frequency bands at each scale
 2623.042236 3205.655762 3644.515381 3809.435303 3648.862549 3247.319824 2706.154541 3169.234863 3942.907715 4615.147461 4896.589355 4611.526367 3959.382324 3210.481934 3579.947754 4604.862793 5619.408203 6076.098633 5613.476562 4605.285645 3590.997559 3737.762451 4888.984375 6081.289062 6632.243164 6081.289062 4888.984375 3737.762451 3590.997559 4605.285645 5613.476562 6076.098633 5619.408203 4604.862793 3579.947754 3210.481934 3959.382324 4611.526367 4896.589355 4615.147461 3942.907715 3169.234863 2706.154541 3247.319824 3648.862549 3809.435303 3644.515381 3205.655762 2623.042236,
 1201.109375 1243.954834 1456.479248 1671.900635 1677.471191 1510.427734 1319.815430 1174.135010 1613.432983 2436.889648 2913.446777 2523.928711 1740.695923 1264.556396 1235.395508 2342.111572 4089.215576 4997.212402 4106.624023 2393.696045 1314.701660 1334.940674 2772.097656 4973.351562 6104.819336 4973.351562 2772.097656 1334.940674 1314.701660 2393.696045 4106.624023 4997.212402 4089.215576 2342.111572 1235.395508 1264.556396 1740.695923 2523.928711 2913.446777 2436.889648 1613.432983 1174.135010 1319.815430 1510.427734 1677.471191 1671.900635 1456.479248 1243.954834 1201.109375,
 1038.683228 1111.024170 1019.798523 1098.357666 1271.663818 1251.052002 992.153076 971.569336 911.434387 1123.971802 1479.811523 1357.792847 977.290466 746.320923 869.783264 994.790771 2154.616943 3106.166992 2338.844482 1086.826660 742.523987 822.160522 1206.561035 2979.695068 4203.083008 2979.695068 1206.561035 822.160522 742.523987 1086.826660 2338.844482 3106.166992 2154.616943 994.790771 869.783264 746.320923 977.290466 1357.792847 1479.811523 1123.971802 911.434387 971.569336 992.153076 1251.052002 1271.663818 1098.357666 1019.798523 1111.024170 1038.683228,
 217.224792 391.417816 628.785828 818.247498 845.185608 804.318726 691.118347 435.297485 556.368530 882.647339 1212.019043 1149.207153 960.675903 804.691895 557.863220 744.231201 1348.502319 1837.838623 1478.558960 963.860840 786.965027 668.702515 889.215454 1653.766113 2220.943359 1653.766113 889.215454 668.702515 786.965027 963.860840 1478.558960 1837.838623 1348.502319 744.231201 557.863220 804.691895 960.675903 1149.207153 1212.019043 882.647339 556.368530 435.297485 691.118347 804.318726 845.185608 818.247498 628.785828 391.417816 217.224792,
 -796.963867 -631.291748 -207.930359 81.424622 -26.793770 -316.320923 -534.289551 -526.465271 -278.070892 211.047943 577.006836 500.761444 114.668976 -261.939575 -171.802750 161.397827 786.309937 1225.219482 1012.967896 399.696533 -61.497482 3.574066 426.985443 1152.754761 1546.685303 1152.754761 426.985443 3.574066 -61.497482 399.696533 1012.967896 1225.219482 786.309937 161.397827 -171.802750 -261.939575 114.668976 500.761444 577.006836 211.047943 -278.070892 -526.465271 -534.289551 -316.320923 -26.793770 81.424622 -207.930359 -631.291748 -796.963867,

Auto-correlations of the modulus of each oriented sub-band
 77.489029 86.826103 95.816528 100.464249 98.769470 92.224449 84.590622 96.158485 110.390060 123.342400 129.021439 124.641853 112.782196 99.463676 114.162224 133.681030 151.237610 158.486267 151.547760 134.258301 115.052162 121.960983 144.004929 164.012512 172.258881 164.012512 144.004929 121.960983 115.052162 134.258301 151.547760 158.486267 151.237610 133.681030 114.162224 99.463676 112.782196 124.641853 129.021439 123.342400 110.390060 96.158485 84.590622 92.224449 98.769470 100.464249 95.816528 86.826103 77.489029,
 108.616043 112.604286 113.452644 109.494484 100.918144 89.849220 78.777176 112.980515 127.607056 137.775787 137.493042 126.069427 108.219940 89.721909 113.882568 138.135941 158.397018 163.558716 150.198868 126.092087 100.739685 109.546188 137.722992 163.649017 174.929352 163.649017 137.722992 109.546188 100.739685 126.092087 150.198868 163.558716 158.397018 138.135941 113.882568 89.721909 108.219940 126.069427 137.493042 137.775787 127.607056 112.980515 78.777176 89.849220 100.918144 109.494484 113.452644 112.604286 108.616043,
 85.286896 105.584229 126.043144 135.017395 126.817299 108.921844 91.642944 94.258202 119.650688 145.541870 157.125854 145.935791 121.942833 98.977089 103.005867 132.619034 163.198669 177.327057 163.314819 133.765640 105.542473 107.417801 138.235352 170.388123 185.651016 170.388123 138.235352 107.417801 105.542473 133.765640 163.314819 177.327057 163.198669 132.619034 103.005867 98.977089 121.942833 145.935791 157.125854 145.541870 119.650688 94.258202 91.642944 108.921844 126.817299 135.017395 126.043144 105.584229 85.286896,
 89.558960 100.629990 109.911697 116.455551 119.271805 118.211121 114.327576 100.661598 118.198814 133.776566 143.240997 142.771439 132.847122 118.663124 110.648766 134.580109 156.767273 168.796417 163.490479 143.879608 120.385078 117.684937 144.639496 169.361694 180.074402 169.361694 144.639496 117.684937 120.385078 143.879608 163.490479 168.796417 156.767273 134.580109 110.648766 118.663124 132.847122 142.771439 143.240997 133.776566 118.198814 100.661598 114.327576 118.211121 119.271805 116.455551 109.911697 100.629990 89.558960,
 214.121567 233.213196 250.531418 263.181183 268.599091 266.238983 257.398102 257.844391 288.601685 316.013855 331.569244 330.263245 315.052979 292.926361 318.894714 367.268921 410.385529 430.371033 416.984833 379.970703 336.602478 354.775085 411.754578 463.053680 485.091431 463.053680 411.754578 354.775085 336.602478 379.970703 416.984833 430.371033 410.385529 367.268921 318.894714 292.926361 315.052979 330.263245 331.569244 316.013855 288.601685 257.844391 257.398102 266.238983 268.599091 263.181183 250.531418 233.213196 214.121567,
 296.984650 317.621277 309.198029 280.620422 247.945389 219.693405 193.739548 318.423340 367.386261 381.129211 352.346863 301.071472 252.910751 216.352051 308.960449 384.313477 438.234314 433.754974 374.184265 300.932251 243.207458 277.374481 354.849915 435.920471 473.808502 435.920471 354.849915 277.374481 243.207458 300.932251 374.184265 433.754974 438.234314 384.313477 308.960449 216.352051 252.910751 301.071472 352.346863 381.129211 367.386261 318.423340 193.739548 219.693405 247.945389 280.620422 309.198029 317.621277 296.984650,
 209.887848 256.643066 322.356995 365.432129 350.292786 294.343262 238.581848 217.806030 279.705994 365.834015 418.526947 387.683807 307.235535 236.204315 225.111298 301.743744 406.238007 466.386047 418.663849 316.505463 233.871857 230.583038 315.646179 427.410828 487.007172 427.410828 315.646179 230.583038 233.871857 316.505463 418.663849 466.386047 406.238007 301.743744 225.111298 236.204315 307.235535 387.683807 418.526947 365.834015 279.705994 217.806030 238.581848 294.343262 350.292786 365.432129 322.356995 256.643066 209.887848,
 187.577621 227.259491 278.706268 331.507141 365.408234 364.830658 334.714111 217.769638 274.621552 345.495636 410.303101 436.708344 412.326935 358.797485 264.817902 341.481445 429.397888 493.809631 493.088684 433.226807 355.625275 318.729980 405.894257 492.791748 532.804688 492.791748 405.894257 318.729980 355.625275 433.226807 493.088684 493.809631 429.397888 341.481445 264.817902 358.797485 412.326935 436.708344 410.303101 345.495636 274.621552 217.769638 334.714111 364.830658 365.408234 331.507141 278.706268 227.259491 187.577621,
 168.317932 185.953674 204.637299 218.830444 221.952667 211.279327 190.257050 194.728928 231.250000 270.018311 293.518616 286.089722 249.101227 201.645340 240.558594 316.213104 394.360657 433.131439 404.589233 325.792145 240.862457 265.936829 368.479370 474.246307 521.854004 474.246307 368.479370 265.936829 240.862457 325.792145 404.589233 433.131439 394.360657 316.213104 240.558594 201.645340 249.101227 286.089722 293.518616 270.018311 231.250000 194.728928 190.257050 211.279327 221.952667 218.830444 204.637299 185.953674 168.317932,
 233.862061 269.155914 276.682098 252.421570 216.988983 191.966705 176.194763 253.066315 322.325378 367.022675 346.796875 283.470123 225.992508 189.155670 255.881805 355.579803 455.782257 469.264893 381.624847 277.597198 208.817719 237.076752 336.396149 465.376099 534.815552 465.376099 336.396149 237.076752 208.817719 277.597198 381.624847 469.264893 455.782257 355.579803 255.881805 189.155670 225.992508 283.470123 346.796875 367.022675 322.325378 253.066315 176.194763 191.966705 216.988983 252.421570 276.682098 269.155914 233.862061,
 148.851578 185.060028 249.707825 294.575439 287.290588 252.480499 215.968613 157.788971 216.845657 318.684326 387.558014 357.202271 277.694977 213.171722 168.523819 250.779297 386.147552 472.543854 411.515900 287.811096 200.967514 184.117065 278.048340 424.050415 508.854492 424.050415 278.048340 184.117065 200.967514 287.811096 411.515900 472.543854 386.147552 250.779297 168.523819 213.171722 277.694977 357.202271 387.558014 318.684326 216.845657 157.788971 215.968613 252.480499 287.290588 294.575439 249.707825 185.060028 148.851578,
 147.027603 170.500061 217.822937 269.440002 292.842712 278.533875 248.068954 145.419373 190.246216 269.349548 342.970886 359.432678 316.819336 257.815887 166.028885 241.921631 359.640259 448.180847 432.708252 338.445618 246.028915 208.466888 308.391876 439.459900 506.316711 439.459900 308.391876 208.466888 246.028915 338.445618 432.708252 448.180847 359.640259 241.921631 166.028885 257.815887 316.819336 359.432678 342.970886 269.349548 190.246216 145.419373 248.068954 278.533875 292.842712 269.440002 217.822937 170.500061 147.027603,
 21.049622 22.035538 29.105835 38.513981 45.455116 42.919167 25.186188 32.159180 44.871445 65.218971 83.747375 87.733665 72.278488 42.240372 44.649696 74.330460 112.848953 138.621552 129.961868 94.296524 53.635231 55.404518 98.367889 148.650452 173.838928 148.650452 98.367889 55.404518 53.635231 94.296524 129.961868 138.621552 112.848953 74.330460 44.649696 42.240372 72.278488 87.733665 83.747375 65.218971 44.871445 32.159180 25.186188 42.919167 45.455116 38.513981 29.105835 22.035538 21.049622,
 -8.529129 13.131321 33.528183 36.516182 29.406761 24.556973 15.836037 -4.876729 24.494940 57.018433 62.980244 46.479958 30.043196 16.479172 1.627248 35.998550 84.423889 99.332253 69.628937 36.806374 16.302242 10.761880 39.666302 89.923782 120.805595 89.923782 39.666302 10.761880 16.302242 36.806374 69.628937 99.332253 84.423889 35.998550 1.627248 16.479172 30.043196 46.479958 62.980244 57.018433 24.494940 -4.876729 15.836037 24.556973 29.406761 36.516182 33.528183 13.131321 -8.529129,
 13.877823 18.413694 27.278954 22.791050 12.396796 11.236131 9.000195 17.477961 22.246853 42.833588 46.027824 22.815285 12.148186 11.018316 17.021746 22.564898 56.705502 75.807953 40.203220 14.168367 12.261093 14.446620 18.754509 56.498730 91.852737 56.498730 18.754509 14.446620 12.261093 14.168367 40.203220 75.807953 56.705502 22.564898 17.021746 11.018316 12.148186 22.815285 46.027824 42.833588 22.246853 17.477961 9.000195 11.236131 12.396796 22.791050 27.278954 18.413694 13.877823,
 20.084942 17.973091 15.730455 17.365334 21.405199 22.942944 22.147598 32.236935 33.677067 38.608356 51.226040 60.210629 58.256039 52.463985 50.896194 60.714161 84.905060 113.766243 117.735870 97.299805 77.480576 71.920547 94.134224 132.067825 154.173737 132.067825 94.134224 71.920547 77.480576 97.299805 117.735870 113.766243 84.905060 60.714161 50.896194 52.463985 58.256039 60.210629 51.226040 38.608356 33.677067 32.236935 22.147598 22.942944 21.405199 17.365334 15.730455 17.973091 20.084942,

Pairwise cross-correlations of the modulus of all oriented sub-bands at the same scale (size QxQ)
 172.258911 116.407356 74.877510 121.174599,
 116.407356 174.929382 120.844009 78.115936,
 74.877510 120.844009 185.651001 126.706863,
 121.174599 78.115936 126.706863 180.074432,
 485.091461 374.622711 341.510834 407.737244,
 374.622711 473.808533 369.385376 358.244934,
 341.510834 369.385376 487.007233 403.106567,
 407.737244 358.244934 403.106567 532.804626,
 521.854004 386.632629 280.799133 357.754272,
 386.632629 534.815552 365.311523 302.291260,
 280.799133 365.311523 508.854553 397.868408,
 357.754272 302.291260 397.868408 506.316711,
 173.838928 69.807076 52.951195 82.892326,
 69.807076 120.805588 53.471382 35.805401,
 52.951195 53.471382 91.852753 79.390442,
 82.892326 35.805401 79.390442 154.173767,

Cross-correlations of the modulus of all oriented sub-bands with all oriented sub-bands at the coarser scale (size QxQ)
 247.132309 199.944473 170.152969 223.047440,
 204.894592 246.541656 210.389481 184.804657,
 174.504349 202.158981 256.141144 219.981277,
 215.925919 170.365280 215.005783 266.349396,
 378.516602 349.353638 299.911560 342.840057,
 347.098480 369.080109 334.176453 326.235840,
 328.974030 341.392944 354.104584 348.894318,
 361.093201 335.955261 342.597839 389.885284,
 175.098221 97.680046 102.931526 142.561310,
 135.161499 100.806206 101.267044 128.344604,
 151.862564 119.968712 128.092865 149.899170,
 165.297379 93.761002 130.444092 157.426025,

Cross-correlations of the real part of each oriented sub-band with both the real and imaginary part of all phase-doubled oriented sub-bands at the next coarser scale (Q matrices of size 1x2Q, which are computed and stored in a matrix of size Qx2Q)
 101.296783 46.897205 5.451030 44.680653 0.325281 2.643131 0.995623 0.438120,
 43.842308 106.360657 52.375591 5.904076 3.701100 1.670131 1.675889 -0.056208,
 5.244059 48.768291 118.476585 53.747944 0.181037 -1.113194 -2.396653 -1.314121,
 48.446499 4.936068 53.239052 106.945000 -2.570117 -0.229853 -1.746447 -0.113613,
 -124.601959 -70.995598 -8.662488 -41.060680 9.317008 22.535229 0.124367 -0.129314,
 -77.193077 -156.434799 -49.470982 -5.687464 13.587761 32.138390 -6.317027 1.203094,
 -8.776464 -66.304070 -68.029305 -25.722961 -0.261053 -1.830111 -16.129028 12.166773,
 -41.675869 -7.170796 -24.408051 -76.308060 -1.722693 -3.812449 -2.513937 13.355133,
 -121.322495 -66.399368 -4.320138 -31.072588 14.356564 34.019234 -0.000127 -0.737018,
 -80.928818 -89.934860 -21.880188 -3.564639 18.792110 36.231464 -15.977861 0.820983,
 -9.596095 -29.769249 -23.267736 -16.707863 -1.200660 -4.004692 -33.841839 9.954544,
 -31.732389 -9.037617 -2.514943 -56.260998 -7.257898 -0.841536 -5.992015 8.049842,
