Low-band skewness and kurtosis
 -2.245575 6.363066,
 -2.285400 6.955829,
 -1.818561 5.193859,
 -1.736045 5.458974,
 -1.475659 4.461162,

High-band variance
 135.371689,

Skewness, kurtosis, variance, mean, maximum and minimum of the reconstructed texture
 -2.233243 6.128703 6537.973145 222.909729 255.000000 0.000000,

Auto-correlations of the low-frequency bands at each scale
 3191.680176 3668.695312 4014.914795 4119.506348 3930.288818 3510.314453 2958.194824 3575.946777 4213.182129 4775.640625 5001.053711 4719.162109 4101.157715 3400.903809 3837.361572 4681.373047 5545.287598 5936.333008 5517.911621 4622.812500 3741.138428 3903.304199 4864.027344 5891.127930 6372.784180 5891.127930 4864.027344 3903.304199 3741.138428 4622.812500 5517.911621 5936.333008 5545.287598 4681.373047 3837.361572 3400.903809 4101.157715 4719.162109 5001.053711 4775.640625 4213.182129 3575.946777 2958.194824 3510.314453 3930.288818 4119.506348 4014.914795 3668.695312 3191.680176,
 1802.404785 1969.417969 2230.008057 2343.894043 2085.848877 1668.570801 1420.716797 1955.562378 2373.962158 3079.425293 3423.239746 2900.321777 1998.235474 1455.950806 2014.720459 2911.486816 4333.438477 5058.683105 4217.740234 2655.330566 1653.242920 1907.867676 3110.899170 4956.879883 5916.583496 4956.879883 3110.899170 1907.867676 1653.242920 2655.330566 4217.740234 5058.683105 4333.438477 2911.486816 2014.720459 1455.950806 1998.235474 2900.321777 3423.239746 3079.425293 2373.962158 1955.562378 1420.716797 1668.570801 2085.848877 2343.894043 2230.008057 1969.417969 1802.404785,
 1236.719360 1452.303833 1389.979858 1229.171143 1139.495239 1180.112915 1260.122681 1256.838257 1461.930176 1770.532715 1913.208130 1511.083496 1118.033691 1125.388306 1226.779419 1661.078735 2781.802246 3464.664062 2532.940430 1303.754761 1006.935425 1095.520874 1660.119385 3323.752441 4430.726562 3323.752441 1660.119385 1095.520874 1006.935425 1303.754761 2532.940430 3464.664062 2781.802246 1661.078735 1226.779419 1125.388306 1118.033691 1511.083496 1913.208130 1770.532715 1461.930176 1256.838257 1260.122681 1180.112915 1139.495239 1229.171143 1389.979858 1452.303833 1236.719360,
 -155.227234 335.144470 683.089355 743.560303 936.805908 1161.423828 956.426453 75.474976 537.295044 1072.994263 1169.118408 1041.516235 1083.760620 901.977539 468.364014 883.148254 1720.968872 2104.335938 1600.958862 1129.457031 878.194580 811.722351 1171.185303 2071.898682 2702.510498 2071.898682 1171.185303 811.722351 878.194580 1129.457031 1600.958862 2104.335938 1720.968872 883.148254 468.364014 901.977539 1083.760620 1041.516235 1169.118408 1072.994263 537.295044 75.474976 956.426453 1161.423828 936.805908 743.560303 683.089355 335.144470 -155.227234,
 -625.402893 -691.124756 -508.301636 -123.183594 132.611389 65.429779 -195.267685 -698.756226 -625.111816 -120.623962 529.910278 768.368713 466.849335 -43.060516 -628.021667 -215.238129 685.039917 1410.551514 1285.934204 550.449341 -146.591568 -418.207611 275.212341 1314.663330 1857.266846 1314.663330 275.212341 -418.207611 -146.591568 550.449341 1285.934204 1410.551514 685.039917 -215.238129 -628.021667 -43.060516 466.849335 768.368713 529.910278 -120.623962 -625.111816 -698.756226 -195.267685 65.429779 132.611389 -123.183594 -508.301636 -691.124756 -625.402893,

Auto-correlations of the modulus of each oriented sub-band
 87.515305 96.158691 103.966606 106.765060 102.712242 93.719589 84.144485 101.154350 114.092545 125.598198 129.910706 124.504875 112.021500 98.404076 114.880577 132.665421 148.475067 154.646759 147.717773 131.227188 112.985451 120.239700 140.634995 159.010818 166.529266 159.010818 140.634995 120.239700 112.985451 131.227188 147.717773 154.646759 148.475067 132.665421 114.880577 98.404076 112.021500 124.504875 129.910706 125.598198 114.092545 101.154350 84.144485 93.719589 102.712242 106.765060 103.966606 96.158691 87.515305,
 96.055138 101.364166 104.691025 103.365479 96.770752 86.538437 75.104469 102.791985 117.286743 128.389557 129.827362 120.344009 103.999512 86.308327 106.182343 128.933136 148.316757 153.964691 142.478226 120.413239 96.840897 104.129601 130.185410 154.071411 164.238068 154.071411 130.185410 104.129601 96.840897 120.413239 142.478226 153.964691 148.316757 128.933136 106.182343 86.308327 103.999512 120.344009 129.827362 128.389557 117.286743 102.791985 75.104469 86.538437 96.770752 103.365479 104.691025 101.364166 96.055138,
 68.806854 83.531830 97.534645 103.273026 96.710381 82.635376 68.170853 76.505333 95.685265 114.581467 122.722534 113.823318 94.944374 76.197258 83.567276 106.433784 129.626282 140.144119 129.122314 105.961876 83.432663 86.401184 110.583420 135.509323 147.278961 135.509323 110.583420 86.401184 83.432663 105.961876 129.122314 140.144119 129.626282 106.433784 83.567276 76.197258 94.944374 113.823318 122.722534 114.581467 95.685265 76.505333 68.170853 82.635376 96.710381 103.273026 97.534645 83.531830 68.806854,
 79.488876 89.027946 97.488663 103.180161 104.845123 102.495583 97.694916 88.092110 103.969597 118.531090 127.167671 126.286308 116.521935 103.030510 96.334190 118.344437 138.826675 149.656998 144.654037 126.669998 105.132393 102.622704 127.328094 149.801743 159.411972 149.801743 127.328094 102.622704 105.132393 126.669998 144.654037 149.656998 138.826675 118.344437 96.334190 103.030510 116.521935 126.286308 127.167671 118.531090 103.969597 88.092110 97.694916 102.495583 104.845123 103.180161 97.488663 89.027946 79.488876,
 224.193710 237.156982 244.761902 244.992508 238.273315 228.345886 219.012650 266.373688 292.422241 313.099670 320.325409 310.222107 287.966492 262.810089 306.764252 350.895630 389.850891 406.234009 390.090088 350.810425 306.332550 324.721252 378.538391 427.224884 447.971832 427.224884 378.538391 324.721252 306.332550 350.810425 390.090088 406.234009 389.850891 350.895630 306.764252 262.810089 287.966492 310.222107 320.325409 313.099670 292.422241 266.373688 219.012650 228.345886 238.273315 244.992508 244.761902 237.156982 224.193710,
 219.093353 233.564774 226.761124 201.800385 171.856552 148.816696 135.759064 245.511566 281.912384 294.054413 271.260956 227.333954 185.583588 158.521149 250.460342 308.598999 352.576538 349.970062 300.804810 238.792984 190.992203 227.550919 290.477600 357.038727 388.280518 357.038727 290.477600 227.550919 190.992203 238.792984 300.804810 349.970062 352.576538 308.598999 250.460342 158.521149 185.583588 227.333954 271.260956 294.054413 281.912384 245.511566 135.759064 148.816696 171.856552 201.800385 226.761124 233.564774 219.093353,
 149.763855 195.124939 251.090485 280.561340 257.916809 203.886719 156.168182 160.631378 216.599579 287.989532 326.245483 295.492889 225.756866 166.993042 171.615799 237.160950 322.246521 367.618896 327.481567 243.228821 175.587936 177.682648 248.051575 338.705505 385.305237 338.705505 248.051575 177.682648 175.587936 243.228821 327.481567 367.618896 322.246521 237.160950 171.615799 166.993042 225.756866 295.492889 326.245483 287.989532 216.599579 160.631378 156.168182 203.886719 257.916809 280.561340 251.090485 195.124939 149.763855,
 166.743591 187.232056 213.810516 242.181915 261.714203 263.856262 249.233032 186.397003 217.996735 261.625977 303.209564 320.681641 304.780060 268.318573 209.023468 258.369904 322.560394 371.138550 370.302155 322.799286 263.238129 237.644440 301.625702 371.659180 404.473022 371.659180 301.625702 237.644440 263.238129 322.799286 370.302155 371.138550 322.560394 258.369904 209.023468 268.318573 304.780060 320.681641 303.209564 261.625977 217.996735 186.397003 249.233032 263.856262 261.714203 242.181915 213.810516 187.232056 166.743591,
 123.988014 140.551651 149.762131 155.772888 161.670761 164.302780 159.944458 174.961121 208.233154 236.964142 254.643768 253.794403 237.211884 216.501373 221.711075 297.834442 379.746826 423.099060 396.033203 322.607697 252.210068 253.285202 354.659973 467.484375 521.107117 467.484375 354.659973 253.285202 252.210068 322.607697 396.033203 423.099060 379.746826 297.834442 221.711075 216.501373 237.211884 253.794403 254.643768 236.964142 208.233154 174.961121 159.944458 164.302780 161.670761 155.772888 149.762131 140.551651 123.988014,
 147.633560 175.896774 184.192673 169.029053 148.217361 130.251114 108.001045 178.694748 241.358124 280.487000 263.176514 212.981918 170.136139 135.426895 187.767517 276.095306 361.523438 371.108337 297.867920 214.462067 156.165375 175.666763 259.723907 367.040649 423.845856 367.040649 259.723907 175.666763 156.165375 214.462067 297.867920 371.108337 361.523438 276.095306 187.767517 135.426895 170.136139 212.981918 263.176514 280.487000 241.358124 178.694748 108.001045 130.251114 148.217361 169.029053 184.192673 175.896774 147.633560,
 95.298798 140.155243 183.505173 196.481796 166.740891 124.547211 98.424881 107.440132 164.647568 242.431290 279.086792 227.296494 149.677505 107.663490 116.324585 180.749420 292.077393 356.353149 283.945740 172.623474 115.521698 119.102554 184.244522 310.133942 390.144623 310.133942 184.244522 119.102554 115.521698 172.623474 283.945740 356.353149 292.077393 180.749420 116.324585 107.663490 149.677505 227.296494 279.086792 242.431290 164.647568 107.440132 98.424881 124.547211 166.740891 196.481796 183.505173 140.155243 95.298798,
 123.671089 165.463226 197.133530 220.938934 239.584335 243.187042 229.235657 161.913895 210.171997 267.774445 326.348450 353.139252 327.331848 274.437775 209.943100 280.386383 380.400024 465.201874 463.220276 378.313934 285.721344 259.265930 354.831726 476.487671 538.638733 476.487671 354.831726 259.265930 285.721344 378.313934 463.220276 465.201874 380.400024 280.386383 209.943100 274.437775 327.331848 353.139252 326.348450 267.774445 210.171997 161.913895 229.235657 243.187042 239.584335 220.938934 197.133530 165.463226 123.671089,
 2.339300 10.080188 16.400589 22.649178 27.524334 26.677269 18.008278 38.425900 52.897663 59.447742 59.141815 53.066364 42.042965 27.452869 68.719543 102.466080 126.752296 130.908920 111.962730 80.004105 47.430161 74.488907 120.835243 164.128937 183.381668 164.128937 120.835243 74.488907 47.430161 80.004105 111.962730 130.908920 126.752296 102.466080 68.719543 27.452869 42.042965 53.066364 59.141815 59.447742 52.897663 38.425900 18.008278 26.677269 27.524334 22.649178 16.400589 10.080188 2.339300,
 11.657903 23.281744 30.696583 21.479362 5.724515 0.831820 4.308466 23.044409 39.210522 55.144722 49.955276 27.377861 11.380501 8.253492 26.115969 48.308723 79.000473 85.748917 57.488178 28.358240 15.970659 22.734819 43.538216 81.520164 105.099045 81.520164 43.538216 22.734819 15.970659 28.358240 57.488178 85.748917 79.000473 48.308723 26.115969 8.253492 11.380501 27.377861 49.955276 55.144722 39.210522 23.044409 4.308466 0.831820 5.724515 21.479362 30.696583 23.281744 11.657903,
 -21.245090 6.710167 48.121677 65.464165 51.420956 40.687714 54.676861 3.526943 37.126499 90.219307 117.660133 96.032112 68.021851 67.307877 30.835125 65.114166 125.502838 162.075531 130.512360 83.957001 67.679550 54.511978 82.950531 142.165405 181.212204 142.165405 82.950531 54.511978 67.679550 83.957001 130.512360 162.075531 125.502838 65.114166 30.835125 67.307877 68.021851 96.032112 117.660133 90.219307 37.126499 3.526943 54.676861 40.687714 51.420956 65.464165 48.121677 6.710167 -21.245090,
 -3.821865 31.557690 55.103203 85.689972 115.802681 109.121429 70.974869 21.625072 60.952549 104.630013 159.957764 180.185608 135.223236 76.505081 46.770000 97.904144 175.382324 248.122314 234.050385 148.608185 78.589737 68.019714 133.868591 233.171112 291.241211 233.171112 133.868591 68.019714 78.589737 148.608185 234.050385 248.122314 175.382324 97.904144 46.770000 76.505081 135.223236 180.185608 159.957764 104.630013 60.952549 21.625072 70.974869 109.121429 115.802681 85.689972 55.103203 31.557690 -3.821865,

Pairwise cross-correlations of the modulus of all oriented sub-bands at the same scale (size QxQ)
 166.529297 117.646629 70.654472 114.364403,
 117.646629 164.238083 105.964890 75.207016,
 70.654472 105.964890 147.278992 104.636810,
 114.364403 75.207016 104.636810 159.411987,
 447.971863 340.262695 296.921265 334.773865,
 340.262695 388.280548 305.138702 273.426422,
 296.921265 305.138702 385.305237 317.858704,
 334.773865 273.426422 317.858704 404.473022,
 521.107117 373.436523 279.887543 410.601471,
 373.436523 423.845917 303.058868 315.121368,
 279.887543 303.058868 390.144653 350.330383,
 410.601471 315.121368 350.330383 538.638794,
 183.381699 94.624664 108.430573 169.817749,
 94.624664 105.099045 94.167572 107.343323,
 108.430573 94.167572 181.212204 163.681900,
 169.817749 107.343323 163.681900 291.241241,

Cross-correlations of the modulus of all oriented sub-bands with all oriented sub-bands at the coarser scale (size QxQ)
 238.223679 184.878510 147.684952 181.889893,
 198.697723 217.958740 174.647171 145.299881,
 155.251862 168.745773 202.202408 166.669739,
 195.978561 150.267029 176.044754 217.742966,
 372.358246 321.620331 265.944427 353.802917,
 292.017639 297.593658 249.238098 299.967804,
 266.951599 275.295013 285.799744 318.760590,
 320.678680 264.112579 278.550964 372.297180,
 179.982391 143.821106 153.939209 192.892426,
 156.954010 144.375381 139.986450 201.084595,
 137.176987 119.318909 151.344421 195.915924,
 185.703537 154.290314 190.220490 246.428589,

Cross-correlations of the real part of each oriented sub-band with both the real and imaginary part of all phase-doubled oriented sub-bands at the next coarser scale (Q matrices of size 1x2Q, which are computed and stored in a matrix of size Qx2Q)
 98.341896 44.040535 3.655825 41.056671 2.463856 1.115946 -0.153208 -0.800400,
 45.682175 82.383362 33.320488 6.080163 -0.514188 1.689811 -0.863035 -0.592863,
 4.455887 33.841026 78.845222 35.390594 -0.252141 1.111672 -3.683045 -1.198971,
 42.045429 5.616188 36.705887 79.370384 0.791874 0.425698 -1.893998 -0.884480,
 -165.857559 -40.250629 -3.965832 -54.150707 -3.581962 0.824890 0.380267 -9.453019,
 -66.700546 -69.344864 -39.756855 -5.381793 -4.808326 -2.114686 0.573335 1.845515,
 -4.846444 -33.471848 -90.498474 -42.589733 1.019042 -9.990725 26.960579 18.859703,
 -68.676750 -9.166300 -39.171932 -106.648315 5.608966 -2.375837 23.174587 7.616120,
 -22.081100 3.563277 -0.116278 -27.986134 19.283030 9.010397 2.334296 -3.310364,
 -8.360785 6.551248 -18.124716 -2.136003 7.793776 14.948277 -5.629086 2.203667,
 -3.901892 -1.465330 -67.243469 -16.211622 3.437483 0.689537 -7.426586 12.068382,
 -18.366968 -1.525750 -32.573959 -46.359314 14.399261 0.724321 7.628325 10.463245,
