Low-band skewness and kurtosis
 -2.099582 5.722678,
 -2.156998 6.404423,
 -1.704634 5.110095,
 -1.312634 4.264921,
 -1.520673 4.626660,

High-band variance
 146.644257,

Skewness, kurtosis, variance, mean, maximum and minimum of the reconstructed texture
 -2.085877 5.490030 6992.772461 220.064087 255.000000 0.000000,

Auto-correlations of the low-frequency bands at each scale
 2803.124756 3315.995361 3699.142822 3855.558105 3733.965576 3374.060303 2850.494385 3426.554688 4137.197754 4758.765137 5040.200195 4802.947754 4188.825684 3442.289551 3894.860596 4856.136719 5809.540527 6254.746094 5840.882324 4885.878906 3892.482178 4072.616211 5172.422852 6297.312500 6813.599121 6297.312500 5172.422852 4072.616211 3892.482178 4885.878906 5840.882324 6254.746094 5809.540527 4856.136719 3894.860596 3442.289551 4188.825684 4802.947754 5040.200195 4758.765137 4137.197754 3426.554688 2850.494385 3374.060303 3733.965576 3855.558105 3699.142822 3315.995361 2803.124756,
 1321.082275 1207.064209 1234.949463 1325.648682 1295.869873 1181.933594 1092.309814 1510.292969 1776.114868 2422.022217 2841.581055 2500.278076 1772.703003 1260.044434 1670.485718 2677.659424 4273.878418 5139.470703 4319.195801 2671.165771 1503.056763 1685.548828 3142.090088 5239.833008 6314.233398 5239.833008 3142.090088 1685.548828 1503.056763 2671.165771 4319.195801 5139.470703 4273.878418 2677.659424 1670.485718 1260.044434 1772.703003 2500.278076 2841.581055 2422.022217 1776.114868 1510.292969 1092.309814 1181.933594 1295.869873 1325.648682 1234.949463 1207.064209 1321.082275,
 570.124756 608.764465 663.612854 828.355347 1118.146851 1319.971436 1226.613647 886.318848 886.947144 992.136963 1130.669922 983.550537 801.058228 858.188599 995.726562 1324.503662 2399.794922 3097.227051 2174.836426 873.222412 629.746338 797.868591 1361.438477 3248.083252 4477.435547 3248.083252 1361.438477 797.868591 629.746338 873.222412 2174.836426 3097.227051 2399.794922 1324.503662 995.726562 858.188599 801.058228 983.550537 1130.669922 992.136963 886.947144 886.318848 1226.613647 1319.971436 1118.146851 828.355347 663.612854 608.764465 570.124756,
 481.091614 370.871155 206.176270 424.774139 822.389404 791.235779 306.732300 565.396240 415.880524 468.445526 847.107666 1046.977051 824.370361 470.268036 459.000824 553.907349 1185.862915 1769.135010 1466.578003 785.862793 525.754395 450.015289 724.664429 1708.315063 2357.812012 1708.315063 724.664429 450.015289 525.754395 785.862793 1466.578003 1769.135010 1185.862915 553.907349 459.000824 470.268036 824.370361 1046.977051 847.107666 468.445526 415.880524 565.396240 306.732300 791.235779 822.389404 424.774139 206.176270 370.871155 481.091614,
 -475.726471 -248.884644 -81.784103 -44.306519 -111.342239 -299.004028 -505.989288 -371.504303 -109.618843 150.890900 296.079529 218.031006 -67.907082 -360.301422 -194.797470 193.746292 700.149414 1012.595459 821.363770 298.275482 -151.873611 -74.375626 428.777008 1087.889893 1422.403687 1087.889893 428.777008 -74.375626 -151.873611 298.275482 821.363770 1012.595459 700.149414 193.746292 -194.797470 -360.301422 -67.907082 218.031006 296.079529 150.890900 -109.618843 -371.504303 -505.989288 -299.004028 -111.342239 -44.306519 -81.784103 -248.884644 -475.726471,

Auto-correlations of the modulus of each oriented sub-band
 65.132996 72.053360 78.875748 81.878204 79.124191 71.985489 64.053864 82.103912 94.135818 105.227951 109.722717 104.865707 93.009628 79.833435 97.448814 115.209465 131.238739 137.679993 130.795837 114.086540 95.490974 103.185425 124.029816 142.917511 150.683212 142.917511 124.029816 103.185425 95.490974 114.086540 130.795837 137.679993 131.238739 115.209465 97.448814 79.833435 93.009628 104.865707 109.722717 105.227951 94.135818 82.103912 64.053864 71.985489 79.124191 81.878204 78.875748 72.053360 65.132996,
 99.976997 105.634117 107.747665 104.423950 95.821167 83.789131 70.583321 106.116737 121.479080 132.642563 133.364807 122.642700 104.620483 84.754082 108.623734 132.568710 152.817245 158.674332 146.406754 122.926422 97.264801 105.754333 133.437851 158.505493 169.286697 158.505493 133.437851 105.754333 97.264801 122.926422 146.406754 158.674332 152.817245 132.568710 108.623734 84.754082 104.620483 122.642700 133.364807 132.642563 121.479080 106.116737 70.583321 83.789131 95.821167 104.423950 107.747665 105.634117 99.976997,
 74.807747 95.302551 114.385040 122.079361 113.657715 94.956848 75.836311 82.719460 108.371048 132.854370 143.227539 132.474426 108.661209 84.242638 90.514275 120.323486 149.240356 162.052856 149.053589 120.635620 91.543037 94.132401 125.328049 155.814819 169.754562 155.814819 125.328049 94.132401 91.543037 120.635620 149.053589 162.052856 149.240356 120.323486 90.514275 84.242638 108.661209 132.474426 143.227539 132.854370 108.371048 82.719460 75.836311 94.956848 113.657715 122.079361 114.385040 95.302551 74.807747,
 60.166908 72.412956 84.434631 93.650955 97.817184 96.467262 91.257256 72.878098 91.820518 109.851463 121.370750 121.802467 111.529396 96.447189 85.107803 110.288277 134.001038 147.075623 142.043243 122.057854 98.023346 94.194763 121.885170 147.243179 158.216141 147.243179 121.885170 94.194763 98.023346 122.057854 142.043243 147.075623 134.001038 110.288277 85.107803 96.447189 111.529396 121.802467 121.370750 109.851463 91.820518 72.878098 91.257256 96.467262 97.817184 93.650955 84.434631 72.412956 60.166908,
 127.481033 137.878799 144.804138 146.894592 143.913330 137.770554 130.791550 183.751297 210.213181 229.456085 235.135437 225.292023 205.506790 183.798080 242.583221 292.061279 332.382355 347.034363 328.814789 288.757812 244.429535 270.140106 329.604218 382.246460 404.363403 382.246460 329.604218 270.140106 244.429535 288.757812 328.814789 347.034363 332.382355 292.061279 242.583221 183.798080 205.506790 225.292023 235.135437 229.456085 210.213181 183.751297 130.791550 137.770554 143.913330 146.894592 144.804138 137.878799 127.481033,
 253.083130 279.430084 273.971436 239.853790 196.619873 165.046173 151.086975 290.056274 347.932739 370.750824 342.175568 278.397675 214.137329 171.780945 289.210815 375.366241 439.854004 440.234436 373.324219 282.559662 209.304810 255.150391 347.436279 440.836182 482.949951 440.836182 347.436279 255.150391 209.304810 282.559662 373.324219 440.234436 439.854004 375.366241 289.210815 171.780945 214.137329 278.397675 342.175568 370.750824 347.932739 290.056274 151.086975 165.046173 196.619873 239.853790 273.971436 279.430084 253.083130,
 157.615067 209.674423 268.971008 294.711060 265.403015 212.258560 171.213577 174.794281 241.196838 323.596283 360.647217 315.715424 237.750031 180.495453 185.031952 262.741272 366.279938 417.458679 360.021942 259.087769 187.011597 188.870651 269.096924 380.746338 441.357971 380.746338 269.096924 188.870651 187.011597 259.087769 360.021942 417.458679 366.279938 262.741272 185.031952 180.495453 237.750031 315.715424 360.647217 323.596283 241.196838 174.794281 171.213577 212.258560 265.403015 294.711060 268.971008 209.674423 157.615067,
 116.240334 137.954041 173.259155 219.225250 256.038269 262.499817 237.328644 136.645523 177.376923 237.475342 298.672058 326.810486 305.590546 253.329636 169.322327 235.438110 318.760834 381.651062 381.069611 321.343384 244.343689 210.882645 293.676636 379.971680 419.768188 379.971680 293.676636 210.882645 244.343689 321.343384 381.069611 381.651062 318.760834 235.438110 169.322327 253.329636 305.590546 326.810486 298.672058 237.475342 177.376923 136.645523 237.328644 262.499817 256.038269 219.225250 173.259155 137.954041 116.240334,
 25.856091 39.462860 62.451588 88.109665 106.943604 113.256653 109.595718 74.338234 107.849457 143.240402 165.673676 165.479935 147.599182 126.336143 165.820480 233.727051 301.844360 335.901154 315.187622 256.888611 196.895950 229.380417 318.510071 409.304077 450.216248 409.304077 318.510071 229.380417 196.895950 256.888611 315.187622 335.901154 301.844360 233.727051 165.820480 126.336143 147.599182 165.479935 165.673676 143.240402 107.849457 74.338234 109.595718 113.256653 106.943604 88.109665 62.451588 39.462860 25.856091,
 50.042374 54.998150 63.576736 66.985855 77.026260 92.253204 97.645645 96.045135 142.616257 177.806686 164.499527 121.121231 88.528870 75.393890 119.715439 211.321655 305.411652 316.234924 231.189178 133.637268 76.960434 104.450836 199.582153 329.027161 398.425171 329.027161 199.582153 104.450836 76.960434 133.637268 231.189178 316.234924 305.411652 211.321655 119.715439 75.393890 88.528870 121.121231 164.499527 177.806686 142.616257 96.045135 97.645645 92.253204 77.026260 66.985855 63.576736 54.998150 50.042374,
 12.681419 61.072117 159.541870 243.951416 241.585114 167.902466 90.144646 23.487946 111.891495 257.888123 368.153748 324.276062 188.265518 77.042114 39.275314 161.702408 351.199158 480.339172 388.803162 200.798813 66.251892 54.499161 194.017365 402.456421 527.779175 402.456421 194.017365 54.499161 66.251892 200.798813 388.803162 480.339172 351.199158 161.702408 39.275314 77.042114 188.265518 324.276062 368.153748 257.888123 111.891495 23.487946 90.144646 167.902466 241.585114 243.951416 159.541870 61.072117 12.681419,
 22.043594 60.520203 128.967316 210.211456 271.858734 278.864136 229.031281 66.467651 125.452560 222.794098 328.661346 379.180450 335.556458 239.675323 123.450638 217.947311 359.123810 478.220215 478.037933 360.530518 228.052689 185.201675 315.284973 475.624878 555.706055 475.624878 315.284973 185.201675 228.052689 360.530518 478.037933 478.220215 359.123810 217.947311 123.450638 239.675323 335.556458 379.180450 328.661346 222.794098 125.452560 66.467651 229.031281 278.864136 271.858734 210.211456 128.967316 60.520203 22.043594,
 8.414349 13.954119 15.343544 16.176361 20.849827 24.256205 19.346521 16.208456 23.686970 29.344419 28.901117 27.926172 29.835854 30.268854 41.325607 59.423752 80.878479 84.785858 68.198822 48.403549 38.216263 53.355621 78.473106 115.127533 134.269775 115.127533 78.473106 53.355621 38.216263 48.403549 68.198822 84.785858 80.878479 59.423752 41.325607 30.268854 29.835854 27.926172 28.901117 29.344419 23.686970 16.208456 19.346521 24.256205 20.849827 16.176361 15.343544 13.954119 8.414349,
 48.298111 51.984032 46.984081 33.688591 28.456791 32.547058 31.883390 76.139397 94.698982 98.890388 77.107620 49.327995 38.031670 36.549751 77.607803 117.101578 150.707489 142.744934 96.880905 57.341095 38.545971 55.650784 95.114204 149.469299 179.931000 149.469299 95.114204 55.650784 38.545971 57.341095 96.880905 142.744934 150.707489 117.101578 77.607803 36.549751 38.031670 49.327995 77.107620 98.890388 94.698982 76.139397 31.883390 32.547058 28.456791 33.688591 46.984081 51.984032 48.298111,
 -0.620996 -0.237582 12.333768 25.651821 28.299824 16.993908 3.093527 -4.267353 -3.408086 27.528978 52.605995 38.783913 11.993828 -4.268819 -8.299781 -2.471781 47.299900 86.830627 51.902401 5.796200 -9.722095 -10.839450 1.080933 58.070351 104.798615 58.070351 1.080933 -10.839450 -9.722095 5.796200 51.902401 86.830627 47.299900 -2.471781 -8.299781 -4.268819 11.993828 38.783913 52.605995 27.528978 -3.408086 -4.267353 3.093527 16.993908 28.299824 25.651821 12.333768 -0.237582 -0.620996,
 4.767220 -3.953691 -7.775353 3.689833 18.723015 15.583441 -6.128288 -10.227654 -13.835628 0.233118 29.552338 44.312561 26.470745 -5.483472 -16.558739 0.039454 43.244137 86.180038 85.416290 42.412025 1.239476 -4.839672 33.735485 93.020401 124.574326 93.020401 33.735485 -4.839672 1.239476 42.412025 85.416290 86.180038 43.244137 0.039454 -16.558739 -5.483472 26.470745 44.312561 29.552338 0.233118 -13.835628 -10.227654 -6.128288 15.583441 18.723015 3.689833 -7.775353 -3.953691 4.767220,

Pairwise cross-correlations of the modulus of all oriented sub-bands at the same scale (size QxQ)
 150.683212 107.206032 64.031326 101.928360,
 107.206032 169.286713 110.686546 63.631138,
 64.031326 110.686546 169.754547 109.186615,
 101.928360 63.631138 109.186615 158.216156,
 404.363464 356.547241 283.101440 318.050598,
 356.547241 482.949951 354.221252 296.374176,
 283.101440 354.221252 441.358002 339.359009,
 318.050598 296.374176 339.359009 419.768188,
 450.216278 303.697571 262.660065 330.883575,
 303.697571 398.425171 312.027893 273.967255,
 262.660065 312.027893 527.779236 396.249054,
 330.883575 273.967255 396.249054 555.706116,
 134.269775 90.525566 40.751049 55.077988,
 90.525566 179.931030 67.285522 56.298649,
 40.751049 67.285522 104.798615 71.813576,
 55.077988 56.298649 71.813576 124.574333,

Cross-correlations of the modulus of all oriented sub-bands with all oriented sub-bands at the coarser scale (size QxQ)
 211.669601 193.549377 138.601990 172.060074,
 182.506760 246.518188 185.799438 141.745590,
 142.818817 195.595963 234.712830 182.510178,
 175.609955 155.526840 183.886902 218.513504,
 315.957031 292.573608 277.587189 332.736786,
 294.709412 339.495239 325.932465 343.612213,
 238.907806 277.020905 371.960632 353.772308,
 264.987976 239.816940 329.577484 382.956116,
 86.315231 106.481384 58.327087 88.678932,
 85.422073 105.129990 59.204399 66.504890,
 129.906250 145.158813 116.437767 119.007988,
 141.970901 120.429794 84.675308 137.562408,

Cross-correlations of the real part of each oriented sub-band with both the real and imaginary part of all phase-doubled oriented sub-bands at the next coarser scale (Q matrices of size 1x2Q, which are computed and stored in a matrix of size Qx2Q)
 84.830513 45.112228 4.128612 31.203804 -0.313632 -0.178445 0.566512 2.024998,
 43.030949 107.421959 46.090256 2.852417 0.376622 3.269144 1.282957 0.111091,
 4.294756 47.006428 96.275307 38.256004 0.319034 2.259930 -0.207484 -2.975787,
 32.892071 3.781271 38.849670 79.648300 -0.429166 -0.498584 -0.739513 -0.183239,
 -112.920052 -64.318726 -4.602687 -31.897848 1.373643 -2.347435 -0.999407 5.173029,
 -62.393021 -154.671738 -64.176292 -5.321546 -0.015734 -13.988914 -4.313397 0.916703,
 -6.507334 -75.785385 -119.063034 -37.506081 2.206816 -8.319899 6.215799 4.798572,
 -38.691784 -6.610376 -40.087917 -77.073303 4.495920 -0.331044 5.980351 9.505928,
 -109.631691 -39.200256 -10.551622 -57.606277 -40.532986 8.597979 -4.691071 -7.029362,
 -39.527733 -83.904991 -46.339577 -3.486792 -18.678295 12.730768 -8.710181 1.002456,
 -6.194896 -43.110962 -141.943878 -79.893539 -0.892598 -3.794153 -14.357594 -25.939856,
 -57.854332 -6.106050 -89.105515 -167.762268 -8.724428 -2.366477 -16.365532 -44.963112,
