Low-band skewness and kurtosis
 -2.350089 6.823083,
 -2.380729 7.336357,
 -2.046263 6.121097,
 -1.935665 6.264213,
 -1.636603 4.971350,

High-band variance
 116.951935,

Skewness, kurtosis, variance, mean, maximum and minimum of the reconstructed texture
 -2.338845 6.605721 6250.479492 224.823853 255.000000 0.000000,

Auto-correlations of the low-frequency bands at each scale
 3262.529785 3627.228760 3900.393799 4006.404053 3906.440674 3647.972412 3312.263184 3694.125732 4185.540039 4625.510742 4823.679688 4654.089844 4236.918945 3763.588623 4021.746826 4686.772461 5372.728027 5696.933594 5402.057129 4735.239258 4076.945557 4170.232422 4925.083984 5732.238281 6108.023926 5732.238281 4925.083984 4170.232422 4076.945557 4735.239258 5402.057129 5696.933594 5372.728027 4686.772461 4021.746826 3763.588623 4236.918945 4654.089844 4823.679688 4625.510742 4185.540039 3694.125732 3312.263184 3647.972412 3906.440674 4006.404053 3900.393799 3627.228760 3262.529785,
 1920.000610 2015.977661 2138.488037 2219.078125 2159.995361 2071.232178 2096.314941 2208.471191 2502.146484 3017.493896 3307.238281 3035.757080 2575.011230 2392.636719 2534.863281 3185.350830 4293.779297 4900.732422 4334.929688 3292.532471 2718.277344 2776.088379 3594.631836 4974.497070 5716.072266 4974.497070 3594.631836 2776.088379 2718.277344 3292.532471 4334.929688 4900.732422 4293.779297 3185.350830 2534.863281 2392.636719 2575.011230 3035.757080 3307.238281 3017.493896 2502.146484 2208.471191 2096.314941 2071.232178 2159.995361 2219.078125 2138.488037 2015.977661 1920.000610,
 1046.223389 1188.469360 1220.196045 1297.237915 1578.216064 1932.768433 2028.896729 1309.412842 1417.566772 1659.345093 1873.887695 1935.183716 2032.430786 2078.538818 1667.078613 2027.719116 2890.581299 3449.709473 3010.457764 2337.489746 2059.759521 1967.950806 2506.521973 3708.104980 4456.174316 3708.104980 2506.521973 1967.950806 2059.759521 2337.489746 3010.457764 3449.709473 2890.581299 2027.719116 1667.078613 2078.538818 2032.430786 1935.183716 1873.887695 1659.345093 1417.566772 1309.412842 2028.896729 1932.768433 1578.216064 1297.237915 1220.196045 1188.469360 1046.223389,
 -566.949097 -164.707520 315.151184 839.461914 1367.939209 1664.140381 1498.289917 -157.636780 292.212952 822.731995 1371.506226 1753.734375 1796.519531 1436.583496 457.228119 1093.921631 1824.829468 2355.114746 2283.774170 1774.772705 1142.008789 892.042114 1692.313477 2565.134766 3006.548584 2565.134766 1692.313477 892.042114 1142.008789 1774.772705 2283.774170 2355.114746 1824.829468 1093.921631 457.228119 1436.583496 1796.519531 1753.734375 1371.506226 822.731995 292.212952 -157.636780 1498.289917 1664.140381 1367.939209 839.461914 315.151184 -164.707520 -566.949097,
 -585.346130 -804.364624 -842.743774 -465.300415 159.509308 456.243011 195.815018 -902.690613 -937.647827 -499.479858 381.241211 1051.016235 895.031738 139.379211 -972.472534 -511.758148 568.305481 1650.242798 1758.000977 818.071411 -281.068237 -732.023254 249.010315 1631.110840 2322.669922 1631.110840 249.010315 -732.023254 -281.068237 818.071411 1758.000977 1650.242798 568.305481 -511.758148 -972.472534 139.379211 895.031738 1051.016235 381.241211 -499.479858 -937.647827 -902.690613 195.815018 456.243011 159.509308 -465.300415 -842.743774 -804.364624 -585.346130,

Auto-correlations of the modulus of each oriented sub-band
 66.468117 71.457840 75.760269 77.118698 74.702377 69.808777 64.837975 78.292778 87.314461 95.018372 97.718475 94.001694 85.809410 76.952599 90.965782 104.493011 116.274345 120.783646 115.599998 103.491547 90.082451 96.400742 112.126205 126.241470 132.065598 126.241470 112.126205 96.400742 90.082451 103.491547 115.599998 120.783646 116.274345 104.493011 90.965782 76.952599 85.809410 94.001694 97.718475 95.018372 87.314461 78.292778 64.837975 69.808777 74.702377 77.118698 75.760269 71.457840 66.468117,
 92.282753 96.381363 98.174805 95.880936 90.230225 83.475433 77.241676 98.026833 109.517845 117.977379 118.077377 109.794319 97.676582 86.186485 101.560669 119.540321 135.270874 139.324738 129.166351 111.607079 94.548996 100.351471 120.381073 139.951950 148.617538 139.951950 120.381073 100.351471 94.548996 111.607079 129.166351 139.324738 135.270874 119.540321 101.560669 86.186485 97.676582 109.794319 118.077377 117.977379 109.517845 98.026833 77.241676 83.475433 90.230225 95.880936 98.174805 96.381363 92.282753,
 80.585503 91.019798 103.259750 109.344330 104.445969 92.805702 82.352791 86.352257 101.567192 118.987099 127.430000 119.865623 103.190620 88.570595 92.164810 111.247070 132.983765 143.508011 133.428253 112.206726 93.680740 95.148468 115.502487 138.766052 150.051971 138.766052 115.502487 95.148468 93.680740 112.206726 133.428253 143.508011 132.983765 111.247070 92.164810 88.570595 103.190620 119.865623 127.430000 118.987099 101.567192 86.352257 82.352791 92.805702 104.445969 109.344330 103.259750 91.019798 80.585503,
 69.921440 76.002045 82.275528 86.922806 88.266708 86.373566 83.183235 76.811058 88.510262 100.700226 108.510788 107.881256 99.532646 88.807030 84.253189 101.782677 119.731926 129.751312 125.399773 109.623680 91.881790 90.154785 110.500107 130.400101 139.179504 130.400101 110.500107 90.154785 91.881790 109.623680 125.399773 129.751312 119.731926 101.782677 84.253189 88.807030 99.532646 107.881256 108.510788 100.700226 88.510262 76.811058 83.183235 86.373566 88.266708 86.922806 82.275528 76.002045 69.921440,
 196.016861 210.435699 222.866196 230.890533 232.264359 226.134979 212.787704 233.625549 256.772919 276.404602 286.449829 283.105957 267.840729 244.914825 277.305450 314.552795 346.202332 359.979370 349.191406 319.681213 282.828583 299.474213 344.284424 382.629700 398.480286 382.629700 344.284424 299.474213 282.828583 319.681213 349.191406 359.979370 346.202332 314.552795 277.305450 244.914825 267.840729 283.105957 286.449829 276.404602 256.772919 233.625549 212.787704 226.134979 232.264359 230.890533 222.866196 210.435699 196.016861,
 220.590378 238.246277 236.890656 217.624252 195.219086 179.297119 168.767838 244.759003 278.915680 292.137787 273.141602 236.480255 204.590698 184.084198 246.703827 297.909546 337.626404 335.414520 291.889282 240.732162 203.889496 228.183868 279.927551 337.841553 366.473389 337.841553 279.927551 228.183868 203.889496 240.732162 291.889282 335.414520 337.626404 297.909546 246.703827 184.084198 204.590698 236.480255 273.141602 292.137787 278.915680 244.759003 168.767838 179.297119 195.219086 217.624252 236.890656 238.246277 220.590378,
 199.276138 232.481262 272.692932 300.592712 293.154724 259.997223 228.782944 211.471054 253.539200 306.800140 340.002563 321.429108 272.755096 232.250320 221.028687 271.103699 336.894043 375.046753 344.598022 281.319336 232.292938 228.327911 281.364838 351.724609 389.963928 351.724609 281.364838 228.327911 232.292938 281.319336 344.598022 375.046753 336.894043 271.103699 221.028687 232.250320 272.755096 321.429108 340.002563 306.800140 253.539200 211.471054 228.782944 259.997223 293.154724 300.592712 272.692932 232.481262 199.276138,
 162.008301 185.667786 212.347504 238.907745 255.710297 255.841980 242.189758 183.761536 213.234100 251.525879 287.731140 300.288330 284.106232 254.320099 209.976761 248.909546 300.985596 341.336304 337.772217 297.758789 252.880264 235.676147 282.997620 339.101898 367.409058 339.101898 282.997620 235.676147 252.880264 297.758789 337.772217 341.336304 300.985596 248.909546 209.976761 254.320099 284.106232 300.288330 287.731140 251.525879 213.234100 183.761536 242.189758 255.841980 255.710297 238.907745 212.347504 185.667786 162.008301,
 74.661400 104.400208 133.558655 157.984924 171.469025 170.968109 160.037140 115.885635 152.004120 181.485168 198.617065 200.802734 188.885132 166.107101 161.364365 220.276352 268.350983 285.413513 265.830780 222.581863 173.072556 178.684021 249.938431 315.609924 344.051208 315.609924 249.938431 178.684021 173.072556 222.581863 265.830780 285.413513 268.350983 220.276352 161.364365 166.107101 188.885132 200.802734 198.617065 181.485168 152.004120 115.885635 160.037140 170.968109 171.469025 157.984924 133.558655 104.400208 74.661400,
 160.977356 201.260895 228.918365 236.340057 235.829742 237.314056 234.076935 206.834152 264.790253 306.721924 309.934082 286.904724 265.016815 246.473740 238.608032 311.555725 377.040161 392.238586 350.369507 296.660583 252.456360 251.901627 319.834808 393.736023 431.581177 393.736023 319.834808 251.901627 252.456360 296.660583 350.369507 392.238586 377.040161 311.555725 238.608032 246.473740 265.016815 286.904724 309.934082 306.721924 264.790253 206.834152 234.076935 237.314056 235.829742 236.340057 228.918365 201.260895 160.977356,
 191.253891 251.563232 302.514130 322.320190 309.456696 279.791565 240.736038 246.843918 326.544952 401.148254 429.117554 389.867065 320.634003 254.640152 279.758453 377.321747 481.716522 529.345337 469.662445 364.243073 273.324310 285.983093 389.092072 508.634094 572.580566 508.634094 389.092072 285.983093 273.324310 364.243073 469.662445 529.345337 481.716522 377.321747 279.758453 254.640152 320.634003 389.867065 429.117554 401.148254 326.544952 246.843918 240.736038 279.791565 309.456696 322.320190 302.514130 251.563232 191.253891,
 141.709015 172.915527 217.311539 264.770752 286.999634 265.404449 218.888702 170.779160 214.622925 279.645386 343.018890 357.478821 307.595642 238.097549 198.131622 263.342834 357.483795 431.867462 417.602448 329.242493 241.698395 224.967361 310.335754 419.167603 475.501556 419.167603 310.335754 224.967361 241.698395 329.242493 417.602448 431.867462 357.483795 263.342834 198.131622 238.097549 307.595642 357.478821 343.018890 279.645386 214.622925 170.779160 218.888702 265.404449 286.999634 264.770752 217.311539 172.915527 141.709015,
 -13.037897 -5.068209 2.669485 10.802073 18.273214 21.524248 18.625526 -6.969440 4.260495 13.655373 19.236584 21.285381 20.654449 17.072460 9.383907 27.222927 42.790752 47.241074 38.746983 25.720318 14.926533 17.193682 38.149662 61.599052 72.952972 61.599052 38.149662 17.193682 14.926533 25.720318 38.746983 47.241074 42.790752 27.222927 9.383907 17.072460 20.654449 21.285381 19.236584 13.655373 4.260495 -6.969440 18.625526 21.524248 18.273214 10.802073 2.669485 -5.068209 -13.037897,
 -16.993563 6.346592 34.703568 52.972031 57.176422 52.489544 46.291962 1.087587 32.520405 70.761482 89.985619 81.380775 61.798779 43.411728 20.469841 62.168781 113.631027 137.707764 115.163498 75.085457 40.208614 34.676178 79.607010 134.607773 164.216583 134.607773 79.607010 34.676178 40.208614 75.085457 115.163498 137.707764 113.631027 62.168781 20.469841 43.411728 61.798779 81.380775 89.985619 70.761482 32.520405 1.087587 46.291962 52.489544 57.176422 52.972031 34.703568 6.346592 -16.993563,
 -17.755455 24.165936 74.299347 119.138229 139.082336 130.853561 90.996513 8.491623 64.061035 130.494476 176.561584 173.547913 138.821320 85.130615 35.319618 103.276299 185.355194 232.767685 204.106476 139.689789 73.780602 57.655739 129.671494 213.344391 258.275330 213.344391 129.671494 57.655739 73.780602 139.689789 204.106476 232.767685 185.355194 103.276299 35.319618 85.130615 138.821320 173.547913 176.561584 130.494476 64.061035 8.491623 90.996513 130.853561 139.082336 119.138229 74.299347 24.165936 -17.755455,
 -11.700111 12.082668 35.363594 60.514397 79.036659 75.797287 47.881325 -2.113878 25.223728 60.745178 98.264755 111.774872 85.927979 39.893265 7.603594 43.939926 96.512794 140.319855 134.211304 82.525108 28.449522 17.657700 65.934914 128.269592 160.771179 128.269592 65.934914 17.657700 28.449522 82.525108 134.211304 140.319855 96.512794 43.939926 7.603594 39.893265 85.927979 111.774872 98.264755 60.745178 25.223728 -2.113878 47.881325 75.797287 79.036659 60.514397 35.363594 12.082668 -11.700111,

Pairwise cross-correlations of the modulus of all oriented sub-bands at the same scale (size QxQ)
 132.065598 101.405685 72.836555 99.501686,
 101.405685 148.617569 108.648361 77.698013,
 72.836555 108.648361 150.051987 107.151253,
 99.501686 77.698013 107.151253 139.179520,
 398.480316 307.596924 288.002075 321.393921,
 307.596924 366.473419 301.157471 270.120697,
 288.002075 301.157471 389.963928 304.355743,
 321.393921 270.120697 304.355743 367.409088,
 344.051208 282.859833 267.735229 336.535828,
 282.859833 431.581177 393.367950 314.111633,
 267.735229 393.367950 572.580566 381.499207,
 336.535828 314.111633 381.499207 475.501587,
 72.952972 66.346954 64.254501 59.326138,
 66.346954 164.216583 106.930412 57.557762,
 64.254501 106.930412 258.275330 169.346939,
 59.326138 57.557762 169.346939 160.771179,

Cross-correlations of the modulus of all oriented sub-bands with all oriented sub-bands at the coarser scale (size QxQ)
 195.956192 161.866547 139.772156 162.317551,
 179.808716 203.307373 175.057236 145.874268,
 151.320374 172.092026 207.719620 167.966949,
 175.902756 143.589432 172.646439 192.348572,
 296.019684 306.725037 309.634674 332.794342,
 250.424973 319.014679 338.603302 289.707062,
 245.711823 316.444672 379.930786 320.801636,
 263.525421 271.317505 312.726776 338.426788,
 100.120995 117.938568 179.256836 153.507370,
 105.358902 159.887100 222.707214 173.572144,
 83.539230 123.860550 250.107452 203.384827,
 103.160858 124.820427 195.017059 186.912247,

Cross-correlations of the real part of each oriented sub-band with both the real and imaginary part of all phase-doubled oriented sub-bands at the next coarser scale (Q matrices of size 1x2Q, which are computed and stored in a matrix of size Qx2Q)
 73.915428 32.847019 3.520856 31.574848 -6.323139 0.272095 -0.381710 3.201397,
 33.302872 73.063179 35.663017 3.581927 -0.428732 1.424173 -0.029990 0.476696,
 3.216758 32.702206 68.771248 25.200777 0.616432 0.770809 -3.668982 -2.244219,
 32.660973 3.116724 26.073605 61.556862 -2.797849 -0.317884 -3.406528 0.183007,
 -54.557991 -11.548933 -5.718040 -25.555351 23.136744 14.793970 4.810752 -4.062336,
 -15.255281 -37.135685 -38.558788 -6.130162 14.486159 44.859200 5.935426 -3.691925,
 -1.802377 -25.595608 -67.750633 -31.303453 0.131935 20.331388 -3.132096 6.356657,
 -29.659483 -3.680345 -26.956041 -57.680920 5.037889 -0.107045 1.834568 13.147217,
 -14.815338 -17.239414 -2.655307 -2.097061 -16.864956 1.192403 3.153242 4.206345,
 -10.499367 -20.216900 -8.044046 -3.547478 0.121763 35.456200 12.712839 -0.118907,
 -1.254348 -2.020934 -27.504711 -16.529236 1.230548 26.432678 19.132984 -8.883700,
 -4.449635 -4.347174 -15.089083 -10.385231 -11.764862 0.166127 9.203224 -5.107328,
