Low-band skewness and kurtosis
 -2.222181 6.278841,
 -2.285098 7.037659,
 -1.711168 4.994636,
 -1.401660 4.396527,
 -1.214711 3.811930,

High-band variance
 142.603027,

Skewness, kurtosis, variance, mean, maximum and minimum of the reconstructed texture
 -2.211414 6.039898 6568.580078 222.534058 255.000000 0.000000,

Auto-correlations of the low-frequency bands at each scale
 2691.352295 3163.629639 3486.080811 3584.300293 3438.765869 3086.199463 2579.283447 3245.750488 3918.337158 4483.451660 4707.642578 4446.917480 3850.440186 3142.816895 3653.119385 4569.753418 5465.277832 5863.689453 5447.026855 4531.204590 3590.627686 3788.476318 4834.803223 5904.136719 6394.958008 5904.136719 4834.803223 3788.476318 3590.627686 4531.204590 5447.026855 5863.689453 5465.277832 4569.753418 3653.119385 3142.816895 3850.440186 4446.917480 4707.642578 4483.451660 3918.337158 3245.750488 2579.283447 3086.199463 3438.765869 3584.300293 3486.080811 3163.629639 2691.352295,
 1347.055786 1241.829468 1213.340332 1271.111816 1261.862305 1214.448364 1214.247192 1418.541138 1760.431152 2342.483887 2663.742188 2286.262207 1587.676758 1159.962036 1501.784668 2538.497070 4046.836182 4806.203125 3980.630615 2394.426758 1318.349609 1497.482178 2897.610352 4898.284668 5910.345215 4898.284668 2897.610352 1497.482178 1318.349609 2394.426758 3980.630615 4806.203125 4046.836182 2538.497070 1501.784668 1159.962036 1587.676758 2286.262207 2663.742188 2342.483887 1760.431152 1418.541138 1214.247192 1214.448364 1261.862305 1271.111816 1213.340332 1241.829468 1347.055786,
 851.058533 1006.058716 1048.344604 1105.538086 1226.956665 1318.835083 1174.885498 756.675476 863.091309 1055.860596 1210.010864 1119.533936 995.494629 959.595398 736.116150 1137.553589 2219.157959 2883.160645 2101.975830 967.631714 646.599182 630.946655 1259.385498 3013.747070 4123.940430 3013.747070 1259.385498 630.946655 646.599182 967.631714 2101.975830 2883.160645 2219.157959 1137.553589 736.116150 959.595398 995.494629 1119.533936 1210.010864 1055.860596 863.091309 756.675476 1174.885498 1318.835083 1226.956665 1105.538086 1048.344604 1006.058716 851.058533,
 162.607880 424.706177 901.315430 1084.705933 882.548340 617.965942 309.161530 336.198883 513.158264 994.889771 1276.812622 1041.440308 705.715515 422.864166 336.973938 539.754883 1261.830811 1776.461914 1374.217773 772.210205 518.867310 434.816956 700.245667 1562.772583 2159.303223 1562.772583 700.245667 434.816956 518.867310 772.210205 1374.217773 1776.461914 1261.830811 539.754883 336.973938 422.864166 705.715515 1041.440308 1276.812622 994.889771 513.158264 336.198883 309.161530 617.965942 882.548340 1084.705933 901.315430 424.706177 162.607880,
 -492.102173 -280.537476 -16.995102 226.976074 151.453537 -168.213852 -492.467529 -404.050568 -122.796005 285.269470 638.759949 484.592468 -7.472916 -426.792450 -365.208130 94.275848 751.373169 1192.552612 863.340698 142.315063 -399.394409 -380.844543 203.141525 1016.401184 1467.711914 1016.401184 203.141525 -380.844543 -399.394409 142.315063 863.340698 1192.552612 751.373169 94.275848 -365.208130 -426.792450 -7.472916 484.592468 638.759949 285.269470 -122.796005 -404.050568 -492.467529 -168.213852 151.453537 226.976074 -16.995102 -280.537476 -492.102173,

Auto-correlations of the modulus of each oriented sub-band
 66.872726 74.567032 81.752640 84.629456 81.566605 74.393845 66.877228 83.230164 95.262917 105.999016 109.961258 104.868965 93.475700 81.323151 99.191864 116.001137 130.938660 136.623260 129.813232 114.174400 97.169678 105.340614 124.560219 141.997253 149.179108 141.997253 124.560219 105.340614 97.169678 114.174400 129.813232 136.623260 130.938660 116.001137 99.191864 81.323151 93.475700 104.868965 109.961258 105.999016 95.262917 83.230164 66.877228 74.393845 81.566605 84.629456 81.752640 74.567032 66.872726,
 102.108368 107.182953 108.097870 102.742065 92.017532 79.061905 67.024658 105.968925 121.075905 131.246567 130.274002 117.635117 98.470406 79.081001 106.442375 130.442047 150.085236 154.949707 141.686188 117.434898 91.766243 101.676651 129.571045 154.717117 165.413712 154.717117 129.571045 101.676651 91.766243 117.434898 141.686188 154.949707 150.085236 130.442047 106.442375 79.081001 98.470406 117.635117 130.274002 131.246567 121.075905 105.968925 67.024658 79.061905 92.017532 102.742065 108.097870 107.182953 102.108368,
 86.412170 103.238144 119.280930 126.363014 120.162308 104.902679 88.747559 94.792770 116.102196 136.566055 145.592697 136.901352 116.887779 96.297256 102.774300 127.889526 152.374542 163.409729 152.402130 128.117737 103.483360 106.268524 132.723038 158.822113 170.808289 158.822113 132.723038 106.268524 103.483360 128.117737 152.402130 163.409729 152.374542 127.889526 102.774300 96.297256 116.887779 136.901352 145.592697 136.566055 116.102196 94.792770 88.747559 104.902679 120.162308 126.363014 119.280930 103.238144 86.412170,
 71.039955 83.200439 95.162766 104.469559 108.943771 107.736389 102.113869 82.764114 101.735283 119.772507 131.340836 131.923294 121.680336 106.259872 93.828133 118.852768 142.307495 155.179474 150.267517 130.611053 106.678001 102.349213 129.752823 154.599335 165.287308 154.599335 129.752823 102.349213 106.678001 130.611053 150.267517 155.179474 142.307495 118.852768 93.828133 106.259872 121.680336 131.923294 131.340836 119.772507 101.735283 82.764114 102.113869 107.736389 108.943771 104.469559 95.162766 83.200439 71.039955,
 142.173386 157.789398 169.502411 175.025452 174.392761 170.663544 166.083969 188.386749 216.828217 240.124664 251.154755 247.451874 233.827515 216.368378 250.477417 294.832001 333.704681 351.377808 339.406036 306.977814 268.767883 287.213074 338.764771 385.039429 404.887695 385.039429 338.764771 287.213074 268.767883 306.977814 339.406036 351.377808 333.704681 294.832001 250.477417 216.368378 233.827515 247.451874 251.154755 240.124664 216.828217 188.386749 166.083969 170.663544 174.392761 175.025452 169.502411 157.789398 142.173386,
 283.566254 307.075531 302.111084 274.159729 239.654556 212.514923 195.447876 304.970459 355.744873 374.387177 350.038635 297.636017 245.443787 209.724976 301.283966 376.700592 431.846466 431.766052 374.611542 298.139374 236.881012 273.011902 352.668488 433.568542 470.148468 433.568542 352.668488 273.011902 236.881012 298.139374 374.611542 431.766052 431.846466 376.700592 301.283966 209.724976 245.443787 297.636017 350.038635 374.387177 355.744873 304.970459 195.447876 212.514923 239.654556 274.159729 302.111084 307.075531 283.566254,
 210.564163 251.284149 305.430115 340.569824 327.934143 281.434479 232.249069 218.259705 274.155304 348.477448 393.202148 367.687897 299.435272 236.252319 227.247818 297.578217 391.346313 444.560455 403.105957 312.590485 237.909134 234.902023 312.811249 414.345886 467.800720 414.345886 312.811249 234.902023 237.909134 312.590485 403.105957 444.560455 391.346313 297.578217 227.247818 236.252319 299.435272 367.687897 393.202148 348.477448 274.155304 218.259705 232.249069 281.434479 327.934143 340.569824 305.430115 251.284149 210.564163,
 173.907257 207.937607 249.462067 289.924042 314.600983 314.225494 291.901276 195.584290 248.549896 313.271362 367.953247 385.976624 361.684967 313.618622 232.870575 306.546112 390.810944 447.728577 441.844208 382.583771 308.435333 276.537354 360.678436 445.434235 483.728912 445.434235 360.678436 276.537354 308.435333 382.583771 441.844208 447.728577 390.810944 306.546112 232.870575 313.618622 361.684967 385.976624 367.953247 313.271362 248.549896 195.584290 291.901276 314.225494 314.600983 289.924042 249.462067 207.937607 173.907257,
 80.929321 110.118874 132.099915 147.236145 154.656372 150.655640 134.485596 101.876625 145.118134 176.871033 190.363739 184.198456 163.331757 133.518723 146.618942 223.496597 290.147095 317.290497 291.139648 230.730148 163.695267 181.128464 276.406433 366.995514 407.257141 366.995514 276.406433 181.128464 163.695267 230.730148 291.139648 317.290497 290.147095 223.496597 146.618942 133.518723 163.331757 184.198456 190.363739 176.871033 145.118134 101.876625 134.485596 150.655640 154.656372 147.236145 132.099915 110.118874 80.929321,
 145.122055 197.752991 223.922302 227.496460 223.720459 212.385590 180.756729 157.370087 252.320526 319.205536 316.805969 267.391266 215.866638 171.514374 165.279175 288.182129 411.913177 439.323212 354.256256 245.232101 168.817871 168.327148 280.690582 426.317566 502.425415 426.317566 280.690582 168.327148 168.817871 245.232101 354.256256 439.323212 411.913177 288.182129 165.279175 171.514374 215.866638 267.391266 316.805969 319.205536 252.320526 157.370087 180.756729 212.385590 223.720459 227.496460 223.922302 197.752991 145.122055,
 178.277832 243.634430 317.055328 349.062531 314.222137 255.944275 205.574371 189.890274 269.373871 380.623505 440.170349 371.976105 269.757782 206.977280 195.416672 284.011810 433.325134 525.568359 425.783752 280.760040 203.749832 199.243134 286.804138 451.289856 562.135864 451.289856 286.804138 199.243134 203.749832 280.760040 425.783752 525.568359 433.325134 284.011810 195.416672 206.977280 269.757782 371.976105 440.170349 380.623505 269.373871 189.890274 205.574371 255.944275 314.222137 349.062531 317.055328 243.634430 178.277832,
 159.858170 187.207733 233.877350 288.536072 310.860809 282.270599 231.525497 165.529922 204.372879 286.178223 374.579651 394.946777 329.785706 244.130722 185.235657 260.244476 393.978699 505.373749 488.417053 364.545746 246.328979 221.503998 334.898682 494.281769 577.539612 494.281769 334.898682 221.503998 246.328979 364.545746 488.417053 505.373749 393.978699 260.244476 185.235657 244.130722 329.785706 394.946777 374.579651 286.178223 204.372879 165.529922 231.525497 282.270599 310.860809 288.536072 233.877350 187.207733 159.858170,
 31.033253 47.050049 57.287098 58.360451 51.563656 42.733093 36.940731 41.233170 70.388550 94.665581 99.983704 84.551155 61.189056 42.941826 45.429993 91.096428 135.830200 151.264633 127.552673 85.787865 50.628479 51.248863 101.155663 156.459229 182.427307 156.459229 101.155663 51.248863 50.628479 85.787865 127.552673 151.264633 135.830200 91.096428 45.429993 42.941826 61.189056 84.551155 99.983704 94.665581 70.388550 41.233170 36.940731 42.733093 51.563656 58.360451 57.287098 47.050049 31.033253,
 5.147745 12.678514 22.587124 28.533901 28.337029 22.439505 12.102726 2.374591 17.299107 34.075180 41.501835 39.316246 34.028683 23.834961 10.389458 41.176697 75.571724 87.887558 71.316887 51.049744 34.699230 26.626797 57.222626 97.574875 120.646362 97.574875 57.222626 26.626797 34.699230 51.049744 71.316887 87.887558 75.571724 41.176697 10.389458 23.834961 34.028683 39.316246 41.501835 34.075180 17.299107 2.374591 12.102726 22.439505 28.337029 28.533901 22.587124 12.678514 5.147745,
 2.264289 20.361788 45.589741 49.177845 29.839672 20.132742 23.349617 4.159402 21.397720 58.128433 73.515060 47.613754 26.582943 24.502087 8.777773 24.965010 70.936378 99.257866 65.777550 30.156542 22.300066 15.883430 28.965145 75.070724 111.018585 75.070724 28.965145 15.883430 22.300066 30.156542 65.777550 99.257866 70.936378 24.965010 8.777773 24.502087 26.582943 47.613754 73.515060 58.128433 21.397720 4.159402 23.349617 20.132742 29.839672 49.177845 45.589741 20.361788 2.264289,
 -3.624580 5.322550 15.761017 24.961924 33.328461 40.862381 43.651630 -1.463541 10.160545 24.193861 39.662811 52.748581 55.317474 47.590302 7.974316 28.167871 55.162308 82.411377 88.222885 68.499062 43.268787 27.828985 57.269325 93.498795 113.366989 93.498795 57.269325 27.828985 43.268787 68.499062 88.222885 82.411377 55.162308 28.167871 7.974316 47.590302 55.317474 52.748581 39.662811 24.193861 10.160545 -1.463541 43.651630 40.862381 33.328461 24.961924 15.761017 5.322550 -3.624580,

Pairwise cross-correlations of the modulus of all oriented sub-bands at the same scale (size QxQ)
 149.179108 105.796440 68.880173 107.600975,
 105.796440 165.413696 112.687317 69.053307,
 68.880173 112.687317 170.808334 114.770973,
 107.600975 69.053307 114.770973 165.287338,
 404.887695 343.362671 277.060852 356.324097,
 343.362671 470.148529 367.768005 342.290466,
 277.060852 367.768005 467.800781 370.742554,
 356.324097 342.290466 370.742554 483.728973,
 407.257202 321.306641 348.858826 370.346069,
 321.306641 502.425415 387.018311 344.105316,
 348.858826 387.018311 562.135864 449.230103,
 370.346069 344.105316 449.230103 577.539551,
 182.427307 76.532387 45.111740 86.352524,
 76.532387 120.646362 68.097519 49.557209,
 45.111740 68.097519 111.018585 66.706902,
 86.352524 49.557209 66.706902 113.366989,

Cross-correlations of the modulus of all oriented sub-bands with all oriented sub-bands at the coarser scale (size QxQ)
 208.949768 189.680435 151.173996 194.580292,
 177.033432 240.578995 197.464554 165.857910,
 140.149216 202.965164 248.129288 206.993774,
 180.784210 163.347809 198.411118 242.569977,
 314.886047 309.639160 313.980774 353.363831,
 289.821991 371.143921 369.494385 341.346130,
 247.691696 346.079803 400.831726 357.144897,
 299.552582 323.455933 377.063324 418.562103,
 135.157532 132.467361 118.299057 99.976082,
 146.291824 150.422226 127.935555 95.345230,
 119.794800 155.953186 190.112854 136.613373,
 142.409180 154.277115 160.385330 137.903809,

Cross-correlations of the real part of each oriented sub-band with both the real and imaginary part of all phase-doubled oriented sub-bands at the next coarser scale (Q matrices of size 1x2Q, which are computed and stored in a matrix of size Qx2Q)
 82.047371 39.635715 4.463444 43.904041 -1.287909 -1.548481 0.050541 0.053079,
 38.819080 91.261063 43.430840 4.902513 -2.306349 -1.622251 -0.573481 0.162613,
 4.904902 41.854691 103.429260 51.849266 -0.571623 -1.016804 3.398115 2.291525,
 38.354527 3.674000 49.541813 107.117706 -0.246663 -0.493145 3.610897 1.419640,
 -104.889839 -41.592426 -4.796365 -63.915680 -15.605879 0.223997 -1.934809 6.802436,
 -39.494061 -97.651764 -55.982830 -5.169946 7.540443 -1.942697 8.433654 1.298337,
 -8.564754 -42.809795 -134.940598 -62.996056 1.718298 6.375961 37.830116 0.373027,
 -62.428493 -4.443759 -59.150383 -149.946243 -12.506299 2.157401 18.465055 4.217001,
 -54.160877 -43.812920 -1.761628 -41.684406 -17.497829 -0.762213 -0.259054 1.038011,
 -30.884792 -73.159363 2.595253 -2.995356 -6.276291 -10.463637 12.768110 3.646659,
 -5.667359 -13.013005 8.469891 -18.381805 -0.149455 4.184750 10.960161 -1.002332,
 -27.259220 -0.744827 0.899075 -68.543640 -4.406892 3.852568 -3.081469 -10.095972,
