Low-band skewness and kurtosis
 -2.303564 6.657170,
 -2.351567 7.363341,
 -1.812909 5.395222,
 -1.452424 4.709339,
 -1.430797 4.384808,

High-band variance
 136.009689,

Skewness, kurtosis, variance, mean, maximum and minimum of the reconstructed texture
 -2.290066 6.397863 6321.395020 223.981628 255.000000 0.000000,

Auto-correlations of the low-frequency bands at each scale
 2585.466797 3187.230225 3605.225098 3748.908691 3583.982910 3165.636475 2585.459961 3017.221191 3807.294678 4450.560547 4697.965820 4411.840820 3773.199463 3030.897949 3324.474609 4326.881836 5281.217773 5692.827148 5251.157227 4304.202148 3345.757812 3451.780762 4539.129395 5647.409180 6155.439453 5647.409180 4539.129395 3451.780762 3345.757812 4304.202148 5251.157227 5692.827148 5281.217773 4326.881836 3324.474609 3030.897949 3773.199463 4411.840820 4697.965820 4450.560547 3807.294678 3017.221191 2585.459961 3165.636475 3583.982910 3748.908691 3605.225098 3187.230225 2585.466797,
 952.259460 1250.868164 1584.751099 1741.716797 1569.610718 1239.815186 1031.624390 843.332520 1548.022217 2499.127441 2967.089844 2500.834473 1617.225830 1064.928345 922.950317 2173.364746 3913.420166 4769.539062 3897.191650 2217.338379 1102.161499 1059.971191 2527.780762 4632.333984 5691.879883 4632.333984 2527.780762 1059.971191 1102.161499 2217.338379 3897.191650 4769.539062 3913.420166 2173.364746 922.950317 1064.928345 1617.225830 2500.834473 2967.089844 2499.127441 1548.022217 843.332520 1031.624390 1239.815186 1569.610718 1741.716797 1584.751099 1250.868164 952.259460,
 784.256653 1057.643799 1081.371460 970.994568 907.484192 868.927246 894.085632 722.892395 854.075623 1237.361938 1464.622803 1112.217651 705.402161 764.759460 487.508698 703.800720 2043.897339 3009.800781 2104.523438 776.353210 598.330444 446.827850 811.435669 2728.550293 4039.020020 2728.550293 811.435669 446.827850 598.330444 776.353210 2104.523438 3009.800781 2043.897339 703.800720 487.508698 764.759460 705.402161 1112.217651 1464.622803 1237.361938 854.075623 722.892395 894.085632 868.927246 907.484192 970.994568 1081.371460 1057.643799 784.256653,
 221.590103 391.751038 550.671875 637.930908 656.930420 693.031311 550.540771 457.147400 497.797302 687.420227 923.856262 868.442810 768.031311 611.585510 573.691589 666.676453 1159.045410 1613.635986 1267.353516 777.050720 555.429993 558.391357 780.841431 1502.160400 2055.565674 1502.160400 780.841431 558.391357 555.429993 777.050720 1267.353516 1613.635986 1159.045410 666.676453 573.691589 611.585510 768.031311 868.442810 923.856262 687.420227 497.797302 457.147400 550.540771 693.031311 656.930420 637.930908 550.671875 391.751038 221.590103,
 -508.296265 -331.448120 -131.114517 -11.796143 4.084610 -111.970779 -330.711792 -514.737366 -229.008575 200.290894 469.282471 394.617859 85.624207 -259.706024 -360.057404 51.781296 689.026245 1059.717896 821.977783 266.934875 -184.908661 -193.615891 288.722656 987.052002 1351.346436 987.052002 288.722656 -193.615891 -184.908661 266.934875 821.977783 1059.717896 689.026245 51.781296 -360.057404 -259.706024 85.624207 394.617859 469.282471 200.290894 -229.008575 -514.737366 -330.711792 -111.970779 4.084610 -11.796143 -131.114517 -331.448120 -508.296265,

Auto-correlations of the modulus of each oriented sub-band
 72.344261 80.920380 88.534126 91.425980 88.032784 80.112305 71.336006 88.664452 101.959686 113.880035 118.722275 113.931305 101.985214 88.456062 104.537338 122.595612 138.819351 145.545959 139.176559 123.049194 104.760696 111.609055 132.046127 150.358215 157.834839 150.358215 132.046127 111.609055 104.760696 123.049194 139.176559 145.545959 138.819351 122.595612 104.537338 88.456062 101.985214 113.931305 118.722275 113.880035 101.959686 88.664452 71.336006 80.112305 88.032784 91.425980 88.534126 80.920380 72.344261,
 91.328117 97.271385 100.046364 97.718895 90.215874 78.956459 66.213417 95.422218 110.415428 121.339355 122.400497 112.666168 95.719154 76.692406 96.377731 119.458420 138.767868 144.273773 132.872147 110.715103 86.243973 93.199265 119.681587 143.446136 153.531021 143.446136 119.681587 93.199265 86.243973 110.715103 132.872147 144.273773 138.767868 119.458420 96.377731 76.692406 95.719154 112.666168 122.400497 121.339355 110.415428 95.422218 66.213417 78.956459 90.215874 97.718895 100.046364 97.271385 91.328117,
 65.210999 80.234146 95.634697 103.404221 97.295311 81.399185 64.350830 73.050018 92.709641 113.153931 123.195389 114.310471 93.245987 71.727783 80.026711 104.005318 128.950562 141.022278 129.550476 104.196571 79.098778 82.521286 108.634003 135.546051 148.324234 135.546051 108.634003 82.521286 79.098778 104.196571 129.550476 141.022278 128.950562 104.005318 80.026711 71.727783 93.245987 114.310471 123.195389 113.153931 92.709641 73.050018 64.350830 81.399185 97.295311 103.404221 95.634697 80.234146 65.210999,
 74.575798 89.143333 102.126411 110.623138 112.718620 109.021599 102.390694 87.829391 108.564445 126.924583 137.323273 135.917267 124.109291 108.170517 99.900131 126.034836 149.272308 161.028870 155.208130 135.184250 110.883377 108.171272 136.164398 160.694580 170.965149 160.694580 136.164398 108.171272 110.883377 135.184250 155.208130 161.028870 149.272308 126.034836 99.900131 108.170517 124.109291 135.917267 137.323273 126.924583 108.564445 87.829391 102.390694 109.021599 112.718620 110.623138 102.126411 89.143333 74.575798,
 179.920837 183.034866 187.112503 190.146683 189.348129 184.525925 177.310272 227.926392 245.933762 264.559113 275.739929 272.845795 257.519714 236.243408 286.724121 324.484192 361.020905 379.485046 368.396759 334.507019 293.688232 317.139038 366.647766 412.290894 431.909546 412.290894 366.647766 317.139038 293.688232 334.507019 368.396759 379.485046 361.020905 324.484192 286.724121 236.243408 257.519714 272.845795 275.739929 264.559113 245.933762 227.926392 177.310272 184.525925 189.348129 190.146683 187.112503 183.034866 179.920837,
 219.485352 243.764893 242.548187 214.840912 176.012115 143.462524 123.474312 243.106293 289.967346 310.950134 289.392151 236.967941 183.086594 145.594513 241.055801 309.700775 364.216370 366.749878 311.743408 237.576447 177.808823 214.558731 288.607758 366.174957 402.657349 366.174957 288.607758 214.558731 177.808823 237.576447 311.743408 366.749878 364.216370 309.700775 241.055801 145.594513 183.086594 236.967941 289.392151 310.950134 289.967346 243.106293 123.474312 143.462524 176.012115 214.840912 242.548187 243.764893 219.485352,
 143.593872 193.010590 248.827240 273.580688 248.851105 195.388275 143.152283 150.858215 213.669907 289.115540 324.125397 288.487610 216.204575 152.312744 156.302536 229.857422 322.514587 368.143799 321.981628 231.429810 157.485184 158.712585 236.672302 335.878113 386.635162 335.878113 236.672302 158.712585 157.485184 231.429810 321.981628 368.143799 322.514587 229.857422 156.302536 152.312744 216.204575 288.487610 324.125397 289.115540 213.669907 150.858215 143.152283 195.388275 248.851105 273.580688 248.827240 193.010590 143.593872,
 129.050476 147.134567 181.944092 224.732178 258.852966 269.736084 253.168030 148.874817 189.621750 248.373199 304.788940 332.368011 318.294434 273.406921 186.211578 252.985550 332.724152 390.637909 392.426849 339.581360 266.449799 231.631287 313.513000 394.594360 430.798035 394.594360 313.513000 231.631287 266.449799 339.581360 392.426849 390.637909 332.724152 252.985550 186.211578 273.406921 318.294434 332.368011 304.788940 248.373199 189.621750 148.874817 253.168030 269.736084 258.852966 224.732178 181.944092 147.134567 129.050476,
 194.259827 185.978043 175.747894 162.885559 149.612885 140.814682 137.044434 259.559082 283.413452 302.766418 299.896149 267.907654 221.788086 181.120178 323.520477 404.895264 480.916534 507.310455 460.351532 366.967896 272.741364 340.777405 460.869171 577.108154 628.161621 577.108154 460.869171 340.777405 272.741364 366.967896 460.351532 507.310455 480.916534 404.895264 323.520477 181.120178 221.788086 267.907654 299.896149 302.766418 283.413452 259.559082 137.044434 140.814682 149.612885 162.885559 175.747894 185.978043 194.259827,
 178.394592 198.419968 184.878464 143.885040 111.355545 95.476273 77.906830 225.764740 290.314453 319.106445 269.902008 185.702179 128.171570 102.937172 235.018585 336.342468 438.573120 434.575592 321.494141 205.187744 146.866669 200.990265 297.605804 441.022583 519.122192 441.022583 297.605804 200.990265 146.866669 205.187744 321.494141 434.575592 438.573120 336.342468 235.018585 102.937172 128.171570 185.702179 269.902008 319.106445 290.314453 225.764740 77.906830 95.476273 111.355545 143.885040 184.878464 198.419968 178.394592,
 72.452774 112.105118 166.710190 194.950974 168.270279 110.216507 62.850891 72.173195 131.064041 222.986526 274.709229 222.708481 119.214699 47.624016 65.297852 143.358505 274.714569 351.271423 273.551727 132.429947 45.441025 53.949158 143.086960 295.634644 384.382446 295.634644 143.086960 53.949158 45.441025 132.429947 273.551727 351.271423 274.714569 143.358505 65.297852 47.624016 119.214699 222.708481 274.709229 222.986526 131.064041 72.173195 62.850891 110.216507 168.270279 194.950974 166.710190 112.105118 72.452774,
 152.066101 168.791870 187.475601 216.816895 241.533493 235.020355 206.739471 194.265518 219.203659 259.474548 314.376190 334.573792 290.383270 231.060226 233.047913 280.002075 363.457214 442.658173 428.499329 333.231384 251.467682 253.957367 328.986023 444.197388 508.893188 444.197388 328.986023 253.957367 251.467682 333.231384 428.499329 442.658173 363.457214 280.002075 233.047913 231.060226 290.383270 334.573792 314.376190 259.474548 219.203659 194.265518 206.739471 235.020355 241.533493 216.816895 187.475601 168.791870 152.066101,
 10.259752 17.613161 28.292133 36.627785 37.042416 28.178217 14.247467 36.919804 55.797115 70.771744 71.350182 57.971115 39.246265 22.755974 56.636288 94.979118 134.182724 141.927582 112.982971 71.210884 41.144199 57.146030 102.439056 160.481781 189.286758 160.481781 102.439056 57.146030 41.144199 71.210884 112.982971 141.927582 134.182724 94.979118 56.636288 22.755974 39.246265 57.971115 71.350182 70.771744 55.797115 36.919804 14.247467 28.178217 37.042416 36.627785 28.292133 17.613161 10.259752,
 9.814091 30.145458 44.595116 51.318947 52.905342 45.974316 33.210545 34.904076 64.625900 88.134224 87.882103 76.417625 66.023178 55.585793 55.315781 90.173439 130.658722 137.329330 108.637589 81.082603 66.302826 66.224922 93.735458 137.855392 164.753555 137.855392 93.735458 66.224922 66.302826 81.082603 108.637589 137.329330 130.658722 90.173439 55.315781 55.585793 66.023178 76.417625 87.882103 88.134224 64.625900 34.904076 33.210545 45.974316 52.905342 51.318947 44.595116 30.145458 9.814091,
 1.585712 4.826254 17.512100 27.490076 15.321136 4.584898 -7.370443 0.707195 5.866046 26.944866 43.283920 23.605900 3.660970 -8.969440 -0.767785 8.579550 39.801720 64.744942 37.271454 6.393418 -7.329046 -3.762437 9.257305 45.402561 75.783066 45.402561 9.257305 -3.762437 -7.329046 6.393418 37.271454 64.744942 39.801720 8.579550 -0.767785 -8.969440 3.660970 23.605900 43.283920 26.944866 5.866046 0.707195 -7.370443 4.584898 15.321136 27.490076 17.512100 4.826254 1.585712,
 -2.660342 1.834440 5.491222 16.942450 29.333488 23.853525 3.102975 5.845559 9.568962 19.278927 40.384460 49.006969 28.948868 2.905788 12.140862 19.003967 46.414108 80.710297 73.789856 33.189964 5.732883 10.157259 28.337830 74.545685 106.012665 74.545685 28.337830 10.157259 5.732883 33.189964 73.789856 80.710297 46.414108 19.003967 12.140862 2.905788 28.948868 49.006969 40.384460 19.278927 9.568962 5.845559 3.102975 23.853525 29.333488 16.942450 5.491222 1.834440 -2.660342,

Pairwise cross-correlations of the modulus of all oriented sub-bands at the same scale (size QxQ)
 157.834885 105.847763 64.170097 113.382004,
 105.847763 153.531067 102.049294 67.802139,
 64.170097 102.049294 148.324265 106.202751,
 113.382004 67.802139 106.202751 170.965164,
 431.909546 326.608521 296.931519 342.458282,
 326.608521 402.657471 322.003021 284.358063,
 296.931519 322.003021 386.635223 322.155273,
 342.458282 284.358063 322.155273 430.798065,
 628.161682 445.068237 312.715820 448.404297,
 445.068237 519.122253 319.216980 344.041931,
 312.715820 319.216980 384.382446 329.949158,
 448.404297 344.041931 329.949158 508.893219,
 189.286774 106.409470 40.673550 74.655731,
 106.409470 164.753571 46.898064 50.883297,
 40.673550 46.898064 75.783066 42.933571,
 74.655731 50.883297 42.933571 106.012672,

Cross-correlations of the modulus of all oriented sub-bands with all oriented sub-bands at the coarser scale (size QxQ)
 221.127899 173.982269 148.203781 186.302353,
 184.582977 213.376511 183.415085 147.140167,
 143.763580 172.045380 207.019714 174.889679,
 188.939056 148.877060 182.197891 238.090286,
 404.941895 332.409546 266.305573 335.574432,
 344.237427 371.530579 280.084625 278.824677,
 326.214447 322.847229 307.991913 309.371521,
 380.305969 308.294891 287.988129 365.606354,
 219.713669 174.869522 92.288315 133.830139,
 158.345612 148.068359 101.729599 112.746887,
 125.144592 121.121391 65.849411 110.439453,
 168.778366 150.712845 77.807632 130.115723,

Cross-correlations of the real part of each oriented sub-band with both the real and imaginary part of all phase-doubled oriented sub-bands at the next coarser scale (Q matrices of size 1x2Q, which are computed and stored in a matrix of size Qx2Q)
 90.941292 32.832745 3.304527 43.651089 -4.780271 -3.062119 0.118854 -1.614603,
 36.683887 71.557907 32.054798 3.169387 -2.888305 -1.238813 5.335382 -0.518927,
 4.248353 31.349493 74.174751 37.013294 0.903354 2.259879 3.852206 -3.282331,
 44.748985 2.981431 34.092026 94.414581 0.577327 -0.239037 -2.174928 -5.935606,
 -190.459579 -76.415680 -9.433762 -68.715843 -8.212685 -14.150960 -0.997992 -26.469563,
 -87.393730 -145.227936 -52.607567 -6.893455 -22.734064 -21.772318 -0.662463 -2.348102,
 -7.490535 -56.328926 -95.918694 -51.719547 -0.020192 -5.759978 -1.968647 -8.030361,
 -84.865433 -9.072457 -42.185364 -128.932114 17.245914 -0.569556 -3.241334 -35.599831,
 -77.137444 -40.234993 -2.388621 -31.225189 50.784447 8.726461 -4.336568 -5.087532,
 -39.145889 -62.729065 -10.100897 -1.637107 26.413349 -11.138944 -18.135551 -5.242972,
 -3.990972 -18.485363 -52.319908 -42.326340 -0.945973 -16.497871 -11.925225 -6.262854,
 -31.083588 -3.378562 -35.655411 -87.064316 6.607601 -0.367533 -2.272637 -3.055182,
