Low-band skewness and kurtosis
 -2.202872 6.160501,
 -2.255823 6.805957,
 -1.843480 5.565916,
 -1.635713 5.285884,
 -1.555824 4.621167,

High-band variance
 133.370438,

Skewness, kurtosis, variance, mean, maximum and minimum of the reconstructed texture
 -2.191862 5.939846 6679.763672 222.167847 255.000000 0.000000,

Auto-correlations of the low-frequency bands at each scale
 3056.269531 3540.555420 3893.814697 3991.343018 3785.700439 3368.927002 2848.284180 3578.486816 4234.562500 4797.745117 5009.915039 4714.717773 4096.764648 3405.136230 3931.841553 4806.086914 5667.925781 6044.913086 5623.082031 4730.328125 3835.211182 4031.656738 5021.024414 6044.333008 6518.084961 6044.333008 5021.024414 4031.656738 3835.211182 4730.328125 5623.082031 6044.913086 5667.925781 4806.086914 3931.841553 3405.136230 4096.764648 4714.717773 5009.915039 4797.745117 4234.562500 3578.486816 2848.284180 3368.927002 3785.700439 3991.343018 3893.814697 3540.555420 3056.269531,
 1361.156982 1604.536255 1782.990967 1786.152588 1563.799072 1327.294067 1268.020264 1583.394653 2086.586914 2791.447266 3101.614502 2612.299805 1824.220581 1405.685425 1882.701904 2871.711182 4351.312988 5078.479492 4221.491699 2659.638428 1685.950684 1936.420532 3191.813477 5100.459473 6085.821289 5100.459473 3191.813477 1936.420532 1685.950684 2659.638428 4221.491699 5078.479492 4351.312988 2871.711182 1882.701904 1405.685425 1824.220581 2612.299805 3101.614502 2791.447266 2086.586914 1583.394653 1268.020264 1327.294067 1563.799072 1786.152588 1782.990967 1604.536255 1361.156982,
 1007.349915 1267.351074 1367.442749 1239.662109 1123.780396 1167.664551 1215.623779 823.300354 1032.374268 1493.900024 1572.701416 1140.425903 999.893311 1272.411133 956.151855 1257.993164 2534.378662 3265.004883 2335.477783 1367.637695 1471.907471 1403.329102 1663.215332 3302.811035 4466.694336 3302.811035 1663.215332 1403.329102 1471.907471 1367.637695 2335.477783 3265.004883 2534.378662 1257.993164 956.151855 1272.411133 999.893311 1140.425903 1572.701416 1493.900024 1032.374268 823.300354 1215.623779 1167.664551 1123.780396 1239.662109 1367.442749 1267.351074 1007.349915,
 3.459320 283.911438 524.772766 713.489685 818.047302 774.845154 631.735718 228.059082 557.728149 927.365417 1156.941772 1123.048584 1010.136353 904.248291 446.047058 834.849915 1542.048096 1978.995117 1664.376709 1192.652344 1008.984680 777.582214 1133.264893 1968.062256 2502.349365 1968.062256 1133.264893 777.582214 1008.984680 1192.652344 1664.376709 1978.995117 1542.048096 834.849915 446.047058 904.248291 1010.136353 1123.048584 1156.941772 927.365417 557.728149 228.059082 631.735718 774.845154 818.047302 713.489685 524.772766 283.911438 3.459320,
 -582.929993 -616.025879 -465.367371 -220.008606 -104.262802 -199.872040 -361.435608 -584.496155 -492.350189 -96.282333 363.495575 507.551941 275.610321 -110.525101 -418.175781 -46.610687 688.127747 1270.506348 1196.816528 646.236938 47.227264 -105.496735 508.265900 1333.443237 1757.161133 1333.443237 508.265900 -105.496735 47.227264 646.236938 1196.816528 1270.506348 688.127747 -46.610687 -418.175781 -110.525101 275.610321 507.551941 363.495575 -96.282333 -492.350189 -584.496155 -361.435608 -199.872040 -104.262802 -220.008606 -465.367371 -616.025879 -582.929993,

Auto-correlations of the modulus of each oriented sub-band
 68.177116 75.727783 82.983826 86.183754 83.611023 77.044952 70.248909 85.703224 97.987984 109.195885 113.793152 109.337166 98.491447 86.853416 101.892311 118.914391 134.289047 140.540268 134.204514 118.921364 102.275536 108.818893 127.909248 145.373444 152.635376 145.373444 127.909248 108.818893 102.275536 118.921364 134.204514 140.540268 134.289047 118.914391 101.892311 86.853416 98.491447 109.337166 113.793152 109.195885 97.987984 85.703224 70.248909 77.044952 83.611023 86.183754 82.983826 75.727783 68.177116,
 84.093361 90.186951 92.598053 89.480080 81.387131 70.468781 59.098747 89.336800 103.571121 113.438042 113.561325 103.545021 87.364212 69.916634 91.331329 112.990593 130.707413 135.339050 124.192635 103.251045 80.383331 88.224670 113.113052 135.278976 144.639389 135.278976 113.113052 88.224670 80.383331 103.251045 124.192635 135.339050 130.707413 112.990593 91.331329 69.916634 87.364212 103.545021 113.561325 113.438042 103.571121 89.336800 59.098747 70.468781 81.387131 89.480080 92.598053 90.186951 84.093361,
 63.510006 80.137054 96.935585 104.413940 96.612144 78.588303 60.237949 69.814888 90.881599 112.278137 121.969879 112.107574 89.894417 67.584602 75.532135 100.545052 126.032990 137.791046 125.957214 100.078270 74.415161 77.542542 104.347420 131.617752 144.308350 131.617752 104.347420 77.542542 74.415161 100.078270 125.957214 137.791046 126.032990 100.545052 75.532135 67.584602 89.894417 112.107574 121.969879 112.278137 90.881599 69.814888 60.237949 78.588303 96.612144 104.413940 96.935585 80.137054 63.510006,
 62.629524 72.787827 83.009567 90.985275 95.145309 95.149094 91.985222 73.917564 90.294121 106.051628 116.253647 117.106544 108.860130 96.539162 84.907303 106.807961 127.683136 139.312057 135.147247 117.973595 97.428482 93.378220 117.386719 139.591843 149.239105 139.591843 117.386719 93.378220 97.428482 117.973595 135.147247 139.312057 127.683136 106.807961 84.907303 96.539162 108.860130 117.106544 116.253647 106.051628 90.294121 73.917564 91.985222 95.149094 95.145309 90.985275 83.009567 72.787827 62.629524,
 140.836777 151.139359 159.988327 166.531464 168.821823 166.648514 161.687943 196.651382 218.348450 237.272018 248.067001 246.473587 234.339600 216.851791 259.833344 300.076324 335.174042 351.268005 340.062775 309.134918 271.843170 292.770081 342.565552 386.449219 405.162872 386.449219 342.565552 292.770081 271.843170 309.134918 340.062775 351.268005 335.174042 300.076324 259.833344 216.851791 234.339600 246.473587 248.067001 237.272018 218.348450 196.651382 161.687943 166.648514 168.821823 166.531464 159.988327 151.139359 140.836777,
 216.488892 249.203278 248.924774 216.660248 174.089050 143.165253 130.981659 232.116272 290.183380 316.473236 292.785889 235.725067 179.280060 144.796387 226.486496 304.134308 364.786682 367.115906 308.870789 230.459503 169.567581 201.362137 280.453552 362.912354 400.715027 362.912354 280.453552 201.362137 169.567581 230.459503 308.870789 367.115906 364.786682 304.134308 226.486496 144.796387 179.280060 235.725067 292.785889 316.473236 290.183380 232.116272 130.981659 143.165253 174.089050 216.660248 248.924774 249.203278 216.488892,
 161.489090 226.416656 288.601562 310.095703 274.525635 208.466034 151.663834 170.521393 249.539505 332.731873 366.060455 320.978333 234.716934 161.909393 175.719940 264.896729 366.079346 411.819946 359.605103 256.861267 170.987885 176.055054 268.078339 377.010681 430.335571 377.010681 268.078339 176.055054 170.987885 256.861267 359.605103 411.819946 366.079346 264.896729 175.719940 161.909393 234.716934 320.978333 366.060455 332.731873 249.539505 170.521393 151.663834 208.466034 274.525635 310.095703 288.601562 226.416656 161.489090,
 146.770294 161.507751 189.324600 228.775909 262.816010 271.407745 250.992310 166.279175 198.540665 250.964066 307.513184 335.740173 317.458435 268.195648 196.699249 253.297577 329.203217 388.601074 389.495880 332.921051 260.098785 231.850662 306.864136 387.801453 425.441437 387.801453 306.864136 231.850662 260.098785 332.921051 389.495880 388.601074 329.203217 253.297577 196.699249 268.195648 317.458435 335.740173 307.513184 250.964066 198.540665 166.279175 250.992310 271.407745 262.816010 228.775909 189.324600 161.507751 146.770294,
 77.652603 105.020515 131.631241 152.154312 163.646408 168.069229 169.059296 126.424698 172.389816 215.641800 243.653290 248.368149 234.365067 214.389023 222.195724 299.886353 371.113678 407.981934 394.290802 342.500671 281.064453 299.990631 391.696960 473.643341 507.683655 473.643341 391.696960 299.990631 281.064453 342.500671 394.290802 407.981934 371.113678 299.886353 222.195724 214.389023 234.365067 248.368149 243.653290 215.641800 172.389816 126.424698 169.059296 168.069229 163.646408 152.154312 131.631241 105.020515 77.652603,
 160.576843 177.449905 173.049622 151.264923 139.273315 139.618149 128.032959 185.532242 239.642853 261.658661 224.591949 172.881287 151.430603 139.941696 181.381287 266.225525 348.345154 341.541473 252.262329 179.522949 149.712708 162.757874 231.220276 342.111145 408.141113 342.111145 231.220276 162.757874 149.712708 179.522949 252.262329 341.541473 348.345154 266.225525 181.381287 139.941696 151.430603 172.881287 224.591949 261.658661 239.642853 185.532242 128.032959 139.618149 139.273315 151.264923 173.049622 177.449905 160.576843,
 205.412430 238.965027 291.269226 333.738037 321.003967 269.561157 218.756210 229.849915 285.897247 375.679443 437.335052 399.255127 312.694855 243.332275 248.021912 326.701294 453.308899 533.379028 465.990967 342.625977 257.079620 257.993805 348.346375 489.464172 574.601196 489.464172 348.346375 257.993805 257.079620 342.625977 465.990967 533.379028 453.308899 326.701294 248.021912 243.332275 312.694855 399.255127 437.335052 375.679443 285.897247 229.849915 218.756210 269.561157 321.003967 333.738037 291.269226 238.965027 205.412430,
 86.159416 115.761528 155.825760 213.053772 257.209717 251.954102 213.519775 134.308563 174.182663 243.017838 331.389893 372.976868 328.449158 257.486237 189.298477 252.931091 367.231415 477.609680 475.870575 368.682312 270.134766 241.414490 334.830872 475.884125 554.868408 475.884125 334.830872 241.414490 270.134766 368.682312 475.870575 477.609680 367.231415 252.931091 189.298477 257.486237 328.449158 372.976868 331.389893 243.017838 174.182663 134.308563 213.519775 251.954102 257.209717 213.053772 155.825760 115.761528 86.159416,
 -9.527216 -5.312473 -1.760262 6.451990 22.512897 43.666153 62.681091 2.650364 27.603470 48.801399 62.285942 67.689613 68.871964 69.707993 25.896282 73.467194 116.167839 133.987000 120.608833 90.411591 62.274441 48.957165 100.177162 152.810059 176.529175 152.810059 100.177162 48.957165 62.274441 90.411591 120.608833 133.987000 116.167839 73.467194 25.896282 69.707993 68.871964 67.689613 62.285942 48.801399 27.603470 2.650364 62.681091 43.666153 22.512897 6.451990 -1.760262 -5.312473 -9.527216,
 35.396751 34.842655 24.655731 10.107743 -2.564685 -4.025856 6.747744 32.687302 56.988201 62.293659 43.960529 13.544598 -8.281780 -11.851901 15.222286 62.314064 100.865082 97.841690 54.191360 6.953239 -18.465706 -6.191761 39.270615 98.638130 128.965454 98.638130 39.270615 -6.191761 -18.465706 6.953239 54.191360 97.841690 100.865082 62.314064 15.222286 -11.851901 -8.281780 13.544598 43.960529 62.293659 56.988201 32.687302 6.747744 -4.025856 -2.564685 10.107743 24.655731 34.842655 35.396751,
 3.827036 3.070625 10.836595 22.869705 26.010605 19.744137 17.923571 1.773301 10.181088 34.523392 55.368767 46.143410 21.883526 9.006509 -1.092327 19.616997 64.780640 96.630615 71.869919 25.484402 0.194386 -2.928725 25.539362 81.482292 117.318199 81.482292 25.539362 -2.928725 0.194386 25.484402 71.869919 96.630615 64.780640 19.616997 -1.092327 9.006509 21.883526 46.143410 55.368767 34.523392 10.181088 1.773301 17.923571 19.744137 26.010605 22.869705 10.836595 3.070625 3.827036,
 -16.370983 -12.095826 3.419863 26.563442 41.404297 41.667999 37.235767 10.044773 19.573120 43.925903 73.371208 84.143646 72.488930 57.358402 43.097229 63.768467 102.040672 136.623795 133.397186 101.408310 73.187393 68.919075 99.718132 144.928009 170.368896 144.928009 99.718132 68.919075 73.187393 101.408310 133.397186 136.623795 102.040672 63.768467 43.097229 57.358402 72.488930 84.143646 73.371208 43.925903 19.573120 10.044773 37.235767 41.667999 41.404297 26.563442 3.419863 -12.095826 -16.370983,

Pairwise cross-correlations of the modulus of all oriented sub-bands at the same scale (size QxQ)
 152.635391 100.348305 61.643551 104.148422,
 100.348305 144.639374 99.489296 66.314232,
 61.643551 99.489296 144.308350 100.357681,
 104.148422 66.314232 100.357681 149.239105,
 405.162903 313.683167 284.682251 332.556213,
 313.683167 400.715027 346.256622 305.711731,
 284.682251 346.256622 430.335602 350.127045,
 332.556213 305.711731 350.127045 425.441467,
 507.683716 333.653809 332.258789 414.828430,
 333.653809 408.141113 363.439178 298.238983,
 332.258789 363.439178 574.601257 420.249146,
 414.828430 298.238983 420.249146 554.868469,
 176.529175 79.345413 44.457508 126.352661,
 79.345413 128.965454 75.300720 53.865387,
 44.457508 75.300720 117.318207 68.787247,
 126.352661 53.865387 68.787247 170.368927,

Cross-correlations of the modulus of all oriented sub-bands with all oriented sub-bands at the coarser scale (size QxQ)
 212.940399 169.714951 141.785736 178.632309,
 170.220596 209.407669 180.257034 150.835724,
 133.965561 176.936005 212.955048 178.871628,
 179.991272 148.815155 180.000626 219.127274,
 372.371735 275.584991 305.695282 341.764404,
 312.476471 308.125366 346.918243 299.377594,
 297.060791 284.592102 381.959076 337.445190,
 341.168091 260.428345 352.553467 382.435364,
 148.303070 118.092758 108.195038 183.438751,
 146.922241 146.934021 106.615112 127.985229,
 159.944687 148.928650 135.971725 148.891876,
 130.708542 111.898193 129.191055 172.753860,

Cross-correlations of the real part of each oriented sub-band with both the real and imaginary part of all phase-doubled oriented sub-bands at the next coarser scale (Q matrices of size 1x2Q, which are computed and stored in a matrix of size Qx2Q)
 80.164604 33.417885 3.044585 36.537609 3.121294 0.547144 -0.206101 -0.282434,
 32.601444 71.214012 29.979618 4.103843 -0.229684 0.668996 -0.986734 -0.390882,
 2.600461 29.204554 75.125938 38.101883 -0.278563 0.750613 -0.264511 1.618757,
 35.278027 2.956502 36.495022 83.099472 1.985756 0.543725 0.608204 3.384891,
 -153.635254 -42.057045 -5.821894 -65.239822 -9.081155 -3.140587 1.579961 -0.208229,
 -56.239426 -86.292740 -44.836689 -9.105974 -10.293468 9.316299 7.293655 -1.049445,
 -4.468025 -39.076790 -130.165207 -71.066872 -0.547913 11.905718 -21.082684 -11.706162,
 -73.349571 -7.227889 -69.431961 -141.147568 1.406612 0.787218 -19.893143 -3.873702,
 -130.316803 -29.100533 0.793331 -17.694027 -11.971862 -7.354379 1.195227 -3.206163,
 -44.046101 -17.593313 -18.994267 -3.999596 -6.936206 20.063829 29.840712 -0.724607,
 -2.044932 5.063245 -83.891113 -13.056456 2.621488 26.223211 35.420853 -23.999779,
 -60.224678 -3.644864 -40.594177 -18.940762 0.877644 1.110080 -1.946741 -35.438148,
