Low-band skewness and kurtosis
 -2.164414 6.026814,
 -2.231485 6.816748,
 -1.663526 4.953308,
 -1.336562 4.465573,
 -1.020792 3.132223,

High-band variance
 149.789871,

Skewness, kurtosis, variance, mean, maximum and minimum of the reconstructed texture
 -2.151457 5.777368 6751.783691 221.368103 255.000000 0.000000,

Auto-correlations of the low-frequency bands at each scale
 2344.418945 2947.090088 3401.901123 3614.528076 3530.241455 3192.314209 2705.810547 3005.616455 3783.672363 4464.515137 4791.880859 4583.831543 3992.632324 3289.715576 3516.164551 4525.546387 5528.568848 6007.971680 5606.694824 4654.483887 3679.243652 3766.296631 4886.424805 6040.234863 6569.523438 6040.234863 4886.424805 3766.296631 3679.243652 4654.483887 5606.694824 6007.971680 5528.568848 4525.546387 3516.164551 3289.715576 3992.632324 4583.831543 4791.880859 4464.515137 3783.672363 3005.616455 2705.810547 3192.314209 3530.241455 3614.528076 3401.901123 2947.090088 2344.418945,
 717.365906 729.721252 904.936584 1074.458252 1092.066650 1072.776611 1084.663086 731.669250 1177.120483 2050.102295 2606.164062 2328.817627 1689.882446 1310.114502 1096.425171 2166.316895 3922.617920 4896.106445 4121.495605 2542.905762 1541.153931 1498.305054 2851.194580 4967.618164 6064.555664 4967.618164 2851.194580 1498.305054 1541.153931 2542.905762 4121.495605 4896.106445 3922.617920 2166.316895 1096.425171 1310.114502 1689.882446 2328.817627 2606.164062 2050.102295 1177.120483 731.669250 1084.663086 1072.776611 1092.066650 1074.458252 904.936584 729.721252 717.365906,
 692.779663 679.746887 571.432861 508.326447 559.364990 768.248474 1015.951782 627.113159 554.143616 666.599060 848.743469 750.047302 680.669617 854.385498 532.111450 778.600525 1912.290039 2797.911133 2154.311523 1027.017090 662.577515 557.950989 1184.141602 2999.073730 4157.290039 2999.073730 1184.141602 557.950989 662.577515 1027.017090 2154.311523 2797.911133 1912.290039 778.600525 532.111450 854.385498 680.669617 750.047302 848.743469 666.599060 554.143616 627.113159 1015.951782 768.248474 559.364990 508.326447 571.432861 679.746887 692.779663,
 117.791336 329.021515 393.015717 473.102844 651.099243 706.188477 533.013062 238.962677 420.626465 560.949158 740.166748 799.322937 722.726562 614.149170 396.606750 574.146667 1042.434082 1446.692139 1191.235840 766.045105 672.454407 614.655029 777.207275 1455.428711 1954.144043 1455.428711 777.207275 614.655029 672.454407 766.045105 1191.235840 1446.692139 1042.434082 574.146667 396.606750 614.149170 722.726562 799.322937 740.166748 560.949158 420.626465 238.962677 533.013062 706.188477 651.099243 473.102844 393.015717 329.021515 117.791336,
 -488.731506 -480.035095 -341.887451 -168.102905 -74.555588 -111.614990 -230.038101 -439.830078 -323.061310 -6.340210 301.155945 376.271271 205.469223 -67.908066 -262.380371 25.589386 547.077515 924.073120 833.254883 422.140900 17.260635 -58.266434 361.812073 945.396729 1242.755737 945.396729 361.812073 -58.266434 17.260635 422.140900 833.254883 924.073120 547.077515 25.589386 -262.380371 -67.908066 205.469223 376.271271 301.155945 -6.340210 -323.061310 -439.830078 -230.038101 -111.614990 -74.555588 -168.102905 -341.887451 -480.035095 -488.731506,

Auto-correlations of the modulus of each oriented sub-band
 57.127022 66.037621 74.793999 79.459854 77.966286 71.577797 63.677696 79.250114 92.766495 105.286049 111.224289 107.877525 97.366684 84.859749 100.946182 119.093948 135.378754 142.448730 136.809845 121.617218 104.074570 111.224930 131.403015 149.373840 156.724258 149.373840 131.403015 111.224930 104.074570 121.617218 136.809845 142.448730 135.378754 119.093948 100.946182 84.859749 97.366684 107.877525 111.224289 105.286049 92.766495 79.250114 63.677696 71.577797 77.966286 79.459854 74.793999 66.037621 57.127022,
 109.064316 114.221596 115.110466 110.380180 100.344643 86.821327 72.014053 113.104202 129.195709 139.985947 139.881210 127.983994 108.291908 86.243271 113.631340 139.259216 159.765915 165.233246 152.338455 127.460747 99.380150 109.067436 139.034775 164.975098 175.810394 164.975098 139.034775 109.067436 99.380150 127.460747 152.338455 165.233246 159.765915 139.259216 113.631340 86.243271 108.291908 127.983994 139.881210 139.985947 129.195709 113.104202 72.014053 86.821327 100.344643 110.380180 115.110466 114.221596 109.064316,
 72.066376 92.846497 112.526955 121.462563 114.228386 95.940643 76.279739 81.524704 106.989082 131.347488 142.403290 132.695053 109.513115 85.176193 90.821083 120.074371 148.335037 161.249481 149.122116 121.537781 92.985954 95.418686 125.906998 155.507599 168.964615 155.507599 125.906998 95.418686 92.985954 121.537781 149.122116 161.249481 148.335037 120.074371 90.821083 85.176193 109.513115 132.695053 142.403290 131.347488 106.989082 81.524704 76.279739 95.940643 114.228386 121.462563 112.526955 92.846497 72.066376,
 58.900948 73.657387 86.871704 96.486900 101.020523 100.091576 94.907951 73.354652 95.075813 114.315552 125.939949 126.221161 115.842278 100.202522 86.743546 114.202103 138.579544 151.298370 146.106369 126.147629 101.242935 96.647064 125.823036 151.202698 161.819733 151.202698 125.823036 96.647064 101.242935 126.147629 146.106369 151.298370 138.579544 114.202103 86.743546 100.202522 115.842278 126.221161 125.939949 114.315552 95.075813 73.354652 94.907951 100.091576 101.020523 96.486900 86.871704 73.657387 58.900948,
 137.412872 149.370789 159.067825 163.925018 162.048996 153.152618 137.898499 203.851364 233.070038 256.464844 266.354980 258.258850 235.046234 203.600662 284.218658 336.557892 379.074951 395.693115 377.733521 333.888519 280.327240 319.295227 384.264709 438.768372 461.211426 438.768372 384.264709 319.295227 280.327240 333.888519 377.733521 395.693115 379.074951 336.557892 284.218658 203.600662 235.046234 258.258850 266.354980 256.464844 233.070038 203.851364 137.898499 153.152618 162.048996 163.925018 159.067825 149.370789 137.412872,
 272.767700 301.872009 293.188385 253.054794 202.553101 159.998901 131.380997 289.585480 353.437561 376.962433 344.913086 275.833954 203.412903 150.125397 272.265808 365.229797 434.434448 434.963806 363.993652 266.620544 185.192169 231.162201 330.310730 429.831726 475.091187 429.831726 330.310730 231.162201 185.192169 266.620544 363.993652 434.963806 434.434448 365.229797 272.265808 150.125397 203.412903 275.833954 344.913086 376.962433 353.437561 289.585480 131.380997 159.998901 202.553101 253.054794 293.188385 301.872009 272.767700,
 169.480820 235.942810 305.060272 330.939941 301.293976 245.806763 195.119156 180.742737 261.352020 351.478973 388.514038 346.276398 267.582550 200.677124 192.206329 282.907745 390.168365 439.375305 386.759857 286.311127 203.480255 200.792801 292.933258 405.044830 461.140442 405.044830 292.933258 200.792801 203.480255 286.311127 386.759857 439.375305 390.168365 282.907745 192.206329 200.677124 267.582550 346.276398 388.514038 351.478973 261.352020 180.742737 195.119156 245.806763 301.293976 330.939941 305.060272 235.942810 169.480820,
 90.288788 122.228958 168.438141 220.583344 258.154266 263.769653 236.758301 113.694244 168.549286 240.343689 307.125977 335.927917 313.431549 256.551483 155.970245 236.338196 329.169922 395.905731 395.399170 332.387268 246.935394 207.555511 302.160187 394.598877 436.204651 394.598877 302.160187 207.555511 246.935394 332.387268 395.399170 395.905731 329.169922 236.338196 155.970245 256.551483 313.431549 335.927917 307.125977 240.343689 168.549286 113.694244 236.758301 263.769653 258.154266 220.583344 168.438141 122.228958 90.288788,
 38.074993 48.239452 65.640320 86.207565 101.237793 105.135757 97.596893 73.398323 102.187897 137.449005 162.119629 161.499298 139.336121 111.742882 145.751144 212.258606 284.823212 320.219086 291.368195 222.778320 157.798294 185.766083 274.662170 374.182312 421.381042 374.182312 274.662170 185.766083 157.798294 222.778320 291.368195 320.219086 284.823212 212.258606 145.751144 111.742882 139.336121 161.499298 162.119629 137.449005 102.187897 73.398323 97.596893 105.135757 101.237793 86.207565 65.640320 48.239452 38.074993,
 176.512970 215.944138 237.163223 231.535309 216.876022 204.189163 190.944183 198.389862 280.264648 339.420349 322.862000 259.817810 208.734116 181.852875 209.911362 328.669861 456.689362 472.946899 366.815643 249.113281 188.223404 202.482712 309.536194 470.585663 558.286499 470.585663 309.536194 202.482712 188.223404 249.113281 366.815643 472.946899 456.689362 328.669861 209.911362 181.852875 208.734116 259.817810 322.862000 339.420349 280.264648 198.389862 190.944183 204.189163 216.876022 231.535309 237.163223 215.944138 176.512970,
 189.078400 225.775208 271.681213 311.880859 303.198425 262.453400 223.055664 203.032349 252.043228 344.466675 417.111328 374.891602 276.198486 210.140564 206.877167 277.848053 423.151520 525.092773 442.053925 288.790924 202.316132 203.528046 291.751038 464.530029 573.397156 464.530029 291.751038 203.528046 202.316132 288.790924 442.053925 525.092773 423.151520 277.848053 206.877167 210.140564 276.198486 374.891602 417.111328 344.466675 252.043228 203.032349 223.055664 262.453400 303.198425 311.880859 271.681213 225.775208 189.078400,
 76.879440 89.853844 117.993309 166.976959 207.909576 214.290558 194.632645 91.479507 120.151825 186.547760 270.819214 305.105042 266.001923 204.568588 121.298973 183.651093 299.440521 405.850220 396.686737 292.476837 195.760101 162.399261 257.408020 397.354980 474.951111 397.354980 257.408020 162.399261 195.760101 292.476837 396.686737 405.850220 299.440521 183.651093 121.298973 204.568588 266.001923 305.105042 270.819214 186.547760 120.151825 91.479507 194.632645 214.290558 207.909576 166.976959 117.993309 89.853844 76.879440,
 -33.565376 -19.501743 0.783195 20.185566 33.555885 38.555790 34.873993 -17.104923 -0.672838 24.900240 46.376240 52.995819 44.164314 26.548275 11.140824 39.015289 75.589790 97.802879 89.217949 59.534454 28.278275 31.190580 70.180214 115.155121 137.128326 115.155121 70.180214 31.190580 28.278275 59.534454 89.217949 97.802879 75.589790 39.015289 11.140824 26.548275 44.164314 52.995819 46.376240 24.900240 -0.672838 -17.104923 34.873993 38.555790 33.555885 20.185566 0.783195 -19.501743 -33.565376,
 -9.380646 14.583668 49.557652 79.149460 87.350235 72.910202 54.784485 8.516640 38.739403 83.132416 109.507095 104.849396 78.784286 50.872559 26.793388 65.143700 122.844589 150.922623 123.638535 78.948936 41.715614 35.881683 77.717949 138.462494 175.280853 138.462494 77.717949 35.881683 41.715614 78.948936 123.638535 150.922623 122.844589 65.143700 26.793388 50.872559 78.784286 104.849396 109.507095 83.132416 38.739403 8.516640 54.784485 72.910202 87.350235 79.149460 49.557652 14.583668 -9.380646,
 -18.007597 -7.261555 13.311512 31.010561 43.176163 52.606022 52.444283 2.097593 19.595510 53.652534 78.875198 79.646767 73.225922 62.839897 22.941677 47.988934 96.539665 129.849792 111.902931 80.848724 59.903309 44.232948 71.229126 120.808434 153.598007 120.808434 71.229126 44.232948 59.903309 80.848724 111.902931 129.849792 96.539665 47.988934 22.941677 62.839897 73.225922 79.646767 78.875198 53.652534 19.595510 2.097593 52.444283 52.606022 43.176163 31.010561 13.311512 -7.261555 -18.007597,
 -22.885828 1.405303 25.405188 36.613678 36.840473 28.175438 13.143744 -12.913641 15.481571 39.930901 58.026588 60.407715 41.116272 15.571548 -4.491112 25.441006 63.268196 98.531555 92.380272 50.477291 13.446537 3.639116 40.655495 93.553543 126.144821 93.553543 40.655495 3.639116 13.446537 50.477291 92.380272 98.531555 63.268196 25.441006 -4.491112 15.571548 41.116272 60.407715 58.026588 39.930901 15.481571 -12.913641 13.143744 28.175438 36.840473 36.613678 25.405188 1.405303 -22.885828,

Pairwise cross-correlations of the modulus of all oriented sub-bands at the same scale (size QxQ)
 156.724289 105.669403 59.989891 103.983063,
 105.669403 175.810410 115.141289 64.967957,
 59.989891 115.141289 168.964645 109.549240,
 103.983063 64.967957 109.549240 161.819748,
 461.211456 360.539978 308.211700 359.777893,
 360.539978 475.091248 373.463257 304.957520,
 308.211700 373.463257 461.140503 349.476746,
 359.777893 304.957520 349.476746 436.204712,
 421.381104 363.953369 305.123535 341.613831,
 363.953369 558.286499 434.798706 322.833069,
 305.123535 434.798706 573.397217 364.474121,
 341.613831 322.833069 364.474121 474.951172,
 137.128326 93.490181 69.099594 77.531662,
 93.490181 175.280853 115.058525 40.450516,
 69.099594 115.058525 153.598022 55.938072,
 77.531662 40.450516 55.938072 126.144836,

Cross-correlations of the modulus of all oriented sub-bands with all oriented sub-bands at the coarser scale (size QxQ)
 229.027695 180.674911 143.771973 180.938416,
 194.525391 250.229218 202.615540 151.767410,
 146.810669 196.066422 240.307312 185.407883,
 192.282059 151.884811 190.542725 228.685715,
 320.002441 351.467072 340.012817 287.418518,
 301.669769 405.235260 371.100525 289.676514,
 269.866302 372.187347 402.976532 305.769989,
 271.687714 320.855255 343.066101 306.545776,
 91.069855 90.792892 89.397171 80.057388,
 118.761559 151.938995 149.970428 98.213371,
 113.748489 161.700836 168.902496 128.233551,
 79.279465 85.764160 95.874115 101.036148,

Cross-correlations of the real part of each oriented sub-band with both the real and imaginary part of all phase-doubled oriented sub-bands at the next coarser scale (Q matrices of size 1x2Q, which are computed and stored in a matrix of size Qx2Q)
 104.807587 47.132557 4.710135 46.933113 0.503908 0.112470 0.142019 -2.670656,
 45.344994 105.982819 46.779091 5.149050 -0.916472 0.670612 1.765522 0.148763,
 4.617270 45.693020 97.726768 40.556820 -0.299542 -0.095435 1.362700 -1.491982,
 46.950329 4.220324 40.368088 96.606247 0.988471 -0.262685 -0.037949 -5.342674,
 -154.259201 -93.904160 -9.662881 -59.771866 -26.742685 -2.838215 -2.630901 -8.584081,
 -89.982140 -219.040558 -70.465134 -9.778415 -6.992060 -3.037399 -4.633874 5.181322,
 -12.874944 -90.648186 -138.110428 -58.129864 3.082020 -3.847628 24.165171 7.729598,
 -61.170452 -5.214045 -58.369938 -127.335289 -2.311150 -1.783691 15.569022 -15.374628,
 -36.652809 -10.460847 -6.720929 -28.899900 -27.898079 -20.073133 -0.552398 -0.718500,
 -21.127056 -37.686779 -46.216858 -2.022017 -11.427798 -42.052361 -9.941073 0.641435,
 -5.602840 -32.386913 -94.382217 -36.676292 -0.490941 -20.169508 -5.178814 -12.498542,
 -18.659538 -4.217578 -43.343800 -83.555954 -16.121571 -0.829437 2.664419 -28.993084,
