Low-band skewness and kurtosis
 -2.180961 6.087281,
 -2.237875 6.800314,
 -1.764862 5.450679,
 -1.585171 5.003053,
 -1.558668 4.681322,

High-band variance
 144.178177,

Skewness, kurtosis, variance, mean, maximum and minimum of the reconstructed texture
 -2.166692 5.837984 6722.294922 221.670471 255.000000 0.000000,

Auto-correlations of the low-frequency bands at each scale
 2579.288086 3193.928711 3654.384521 3841.925537 3702.534424 3301.128906 2747.820801 3144.388916 3934.743652 4617.887695 4916.529297 4655.448242 4017.497559 3273.391357 3563.437988 4576.023926 5573.984863 6031.625977 5596.964355 4624.235840 3635.015137 3742.482422 4862.091797 6014.792480 6546.321777 6014.792480 4862.091797 3742.482422 3635.015137 4624.235840 5596.964355 6031.625977 5573.984863 4576.023926 3563.437988 3273.391357 4017.497559 4655.448242 4916.529297 4617.887695 3934.743652 3144.388916 2747.820801 3301.128906 3702.534424 3841.925537 3654.384521 3193.928711 2579.288086,
 868.790710 1042.198853 1380.742065 1621.728271 1598.221069 1437.856812 1342.690430 1005.232788 1500.501221 2414.751221 2940.520996 2554.774170 1760.029053 1299.238403 1266.898926 2315.402100 4060.631104 4996.257812 4143.000000 2455.643799 1395.787598 1446.472656 2804.448730 4951.597168 6061.468262 4951.597168 2804.448730 1446.472656 1395.787598 2455.643799 4143.000000 4996.257812 4060.631104 2315.402100 1266.898926 1299.238403 1760.029053 2554.774170 2940.520996 2414.751221 1500.501221 1005.232788 1342.690430 1437.856812 1598.221069 1621.728271 1380.742065 1042.198853 868.790710,
 1261.451660 1149.857422 1003.856506 1068.093750 1165.242188 1270.148926 1363.728760 1233.721802 857.669800 956.738464 1433.415894 1374.618896 1180.732422 1359.583862 1254.602661 1055.689819 2030.019653 3068.603760 2344.248779 1263.671509 1284.608276 1297.690796 1378.672119 2968.761230 4209.560547 2968.761230 1378.672119 1297.690796 1284.608276 1263.671509 2344.248779 3068.603760 2030.019653 1055.689819 1254.602661 1359.583862 1180.732422 1374.618896 1433.415894 956.738464 857.669800 1233.721802 1363.728760 1270.148926 1165.242188 1068.093750 1003.856506 1149.857422 1261.451660,
 255.278809 620.944702 837.833374 858.433594 806.820190 716.708618 495.770508 591.411011 909.947815 1093.676270 1152.728760 1040.020264 834.930359 611.228638 781.584045 1079.137573 1499.924194 1796.417236 1542.864380 1051.192993 728.419495 779.184814 1152.753418 1819.973755 2231.275879 1819.973755 1152.753418 779.184814 728.419495 1051.192993 1542.864380 1796.417236 1499.924194 1079.137573 781.584045 611.228638 834.930359 1040.020264 1152.728760 1093.676270 909.947815 591.411011 495.770508 716.708618 806.820190 858.433594 837.833374 620.944702 255.278809,
 -612.448303 -369.929688 -134.187912 15.880676 -12.523453 -276.624207 -613.438416 -410.915619 -81.405975 314.782349 578.178162 464.675476 4.746052 -454.823639 -245.899734 261.329376 931.854980 1312.383545 1007.705566 269.691925 -321.062866 -230.107330 403.124420 1256.420166 1681.451904 1256.420166 403.124420 -230.107330 -321.062866 269.691925 1007.705566 1312.383545 931.854980 261.329376 -245.899734 -454.823639 4.746052 464.675476 578.178162 314.782349 -81.405975 -410.915619 -613.438416 -276.624207 -12.523453 15.880676 -134.187912 -369.929688 -612.448303,

Auto-correlations of the modulus of each oriented sub-band
 69.422623 77.442421 85.071732 88.554504 86.009811 78.972511 71.222336 88.723526 101.925316 114.191612 119.658661 115.474205 104.081551 91.317551 107.573814 125.876846 142.724030 149.975906 143.682678 127.518066 109.583138 116.505493 137.011230 155.862793 163.706238 155.862793 137.011230 116.505493 109.583138 127.518066 143.682678 149.975906 142.724030 125.876846 107.573814 91.317551 104.081551 115.474205 119.658661 114.191612 101.925316 88.723526 71.222336 78.972511 86.009811 88.554504 85.071732 77.442421 69.422623,
 94.932800 100.129555 102.336197 99.605537 91.787292 80.761955 69.263885 100.357185 115.363899 126.316521 127.407684 117.405586 100.227806 81.509972 102.732491 126.424400 146.083878 151.844543 140.276413 117.586540 92.551537 100.146942 127.536964 151.856323 162.113434 151.856323 127.536964 100.146942 92.551537 117.586540 140.276413 151.844543 146.083878 126.424400 102.732491 81.509972 100.227806 117.405586 127.407684 126.316521 115.363899 100.357185 69.263885 80.761955 91.787292 99.605537 102.336197 100.129555 94.932800,
 64.814377 84.514038 103.665749 112.348602 104.885475 86.715668 67.576645 72.805023 97.413101 121.420692 132.099396 121.911430 98.539017 74.541107 80.126839 108.753212 136.924057 149.579498 136.998306 109.129509 80.904228 83.310173 113.360687 143.121613 156.698608 143.121613 113.360687 83.310173 80.904228 109.129509 136.998306 149.579498 136.924057 108.753212 80.126839 74.541107 98.539017 121.911430 132.099396 121.420692 97.413101 72.805023 67.576645 86.715668 104.885475 112.348602 103.665749 84.514038 64.814377,
 61.353859 75.737534 89.496613 99.621643 104.117859 103.403687 99.448479 74.373528 96.198242 116.119087 128.278473 128.782578 118.922821 104.136070 87.717972 115.724213 140.673431 153.734100 148.803558 129.194733 104.319504 98.559586 128.295425 153.859619 164.477020 153.859619 128.295425 98.559586 104.319504 129.194733 148.803558 153.734100 140.673431 115.724213 87.717972 104.136070 118.922821 128.782578 128.278473 116.119087 96.198242 74.373528 99.448479 103.403687 104.117859 99.621643 89.496613 75.737534 61.353859,
 165.182007 173.633743 177.756241 176.630859 172.870285 169.122482 164.442047 226.228729 250.196152 268.394226 273.431702 263.572632 244.506424 222.007141 298.366608 343.417480 382.033875 397.114716 379.712341 340.287842 294.935089 331.076416 387.979187 438.842407 460.593597 438.842407 387.979187 331.076416 294.935089 340.287842 379.712341 397.114716 382.033875 343.417480 298.366608 222.007141 244.506424 263.572632 273.431702 268.394226 250.196152 226.228729 164.442047 169.122482 172.870285 176.630859 177.756241 173.633743 165.182007,
 227.085602 247.603714 243.727661 215.698486 177.266479 144.162888 124.327873 254.912628 303.869293 324.369354 301.347534 246.801727 188.614441 146.788605 255.127289 332.036835 390.697510 392.019714 332.769897 250.905655 183.483673 225.834167 309.844238 395.782959 434.583862 395.782959 309.844238 225.834167 183.483673 250.905655 332.769897 392.019714 390.697510 332.036835 255.127289 146.788605 188.614441 246.801727 301.347534 324.369354 303.869293 254.912628 124.327873 144.162888 177.266479 215.698486 243.727661 247.603714 227.085602,
 147.388504 207.281891 282.201324 323.918091 298.607391 229.159760 168.398056 152.737747 230.845581 329.348602 382.896210 346.390167 254.902710 176.689133 162.177185 255.451584 372.519012 433.681030 383.875824 271.649475 178.349701 172.534256 271.917328 394.672791 454.765259 394.672791 271.917328 172.534256 178.349701 271.649475 383.875824 433.681030 372.519012 255.451584 162.177185 176.689133 254.902710 346.390167 382.896210 329.348602 230.845581 152.737747 168.398056 229.159760 298.607391 323.918091 282.201324 207.281891 147.388504,
 120.362671 143.764709 187.205368 243.170044 287.195374 297.333740 273.218201 147.198547 193.210129 263.770996 335.104919 367.891113 346.015930 289.452148 185.855453 258.418427 352.301880 423.889160 423.738220 358.005646 273.642822 232.731079 322.860840 418.432861 463.296478 418.432861 322.860840 232.731079 273.642822 358.005646 423.738220 423.889160 352.301880 258.418427 185.855453 289.452148 346.015930 367.891113 335.104919 263.770996 193.210129 147.198547 273.218201 297.333740 287.195374 243.170044 187.205368 143.764709 120.362671,
 191.335938 204.383270 208.249039 205.696106 200.528793 193.666901 184.006592 224.916962 268.817352 297.407135 303.431824 288.364288 260.127472 227.338318 277.049469 373.563873 448.336823 471.492706 435.243744 360.780609 277.880157 307.453674 428.194031 533.556946 577.227905 533.556946 428.194031 307.453674 277.880157 360.780609 435.243744 471.492706 448.336823 373.563873 277.049469 227.338318 260.127472 288.364288 303.431824 297.407135 268.817352 224.916962 184.006592 193.666901 200.528793 205.696106 208.249039 204.383270 191.335938,
 213.242676 252.457855 278.188782 271.300171 246.642258 217.133514 183.777222 235.265106 310.393677 373.472168 365.247498 304.662476 243.842651 198.158905 233.852081 343.159760 467.747650 492.402496 394.787140 278.643524 207.593597 218.399368 322.554199 476.255493 560.116211 476.255493 322.554199 218.399368 207.593597 278.643524 394.787140 492.402496 467.747650 343.159760 233.852081 198.158905 243.842651 304.662476 365.247498 373.472168 310.393677 235.265106 183.777222 217.133514 246.642258 271.300171 278.188782 252.457855 213.242676,
 158.923553 186.720169 230.996094 254.396988 247.556458 223.842575 178.138458 147.837036 202.049011 301.353668 349.582092 304.560150 231.101746 169.492371 141.250671 220.530228 369.280670 447.781372 364.386139 233.847519 154.698181 143.446136 231.758713 394.724121 492.051453 394.724121 231.758713 143.446136 154.698181 233.847519 364.386139 447.781372 369.280670 220.530228 141.250671 169.492371 231.101746 304.560150 349.582092 301.353668 202.049011 147.837036 178.138458 223.842575 247.556458 254.396988 230.996094 186.720169 158.923553,
 100.048615 107.212936 118.001152 139.743423 168.170959 178.069595 157.896088 103.790268 119.907516 155.394333 214.898621 256.034973 235.743851 180.544388 117.600960 157.955048 243.871658 340.346069 349.194214 264.321014 177.806885 146.972412 223.601273 344.687683 414.729828 344.687683 223.601273 146.972412 177.806885 264.321014 349.194214 340.346069 243.871658 157.955048 117.600960 180.544388 235.743851 256.034973 214.898621 155.394333 119.907516 103.790268 157.896088 178.069595 168.170959 139.743423 118.001152 107.212936 100.048615,
 17.999123 23.152449 26.238375 26.535107 24.743483 20.220411 11.257626 16.913439 24.910255 32.505234 36.441391 35.816040 31.488049 22.628283 25.955000 41.489677 59.787910 71.162613 68.113533 54.600693 38.135696 40.192726 62.489330 86.873230 98.858734 86.873230 62.489330 40.192726 38.135696 54.600693 68.113533 71.162613 59.787910 41.489677 25.955000 22.628283 31.488049 35.816040 36.441391 32.505234 24.910255 16.913439 11.257626 20.220411 24.743483 26.535107 26.238375 23.152449 17.999123,
 24.515688 23.762144 25.239998 23.493513 15.000637 8.987692 12.370211 52.503925 62.339787 67.172325 57.502342 31.968699 9.118023 3.977245 57.724449 86.282852 112.591675 110.812447 74.087189 31.912586 9.495798 34.971378 69.873245 117.251228 142.388168 117.251228 69.873245 34.971378 9.495798 31.912586 74.087189 110.812447 112.591675 86.282852 57.724449 3.977245 9.118023 31.968699 57.502342 67.172325 62.339787 52.503925 12.370211 8.987692 15.000637 23.493513 25.239998 23.762144 24.515688,
 23.714092 32.889488 29.936329 35.051918 41.417202 34.703041 20.908119 26.598030 31.895107 43.490765 65.649246 64.701973 40.193272 19.911880 23.761116 31.545269 64.363548 100.069672 81.542046 39.153126 17.960335 19.393955 34.757080 81.483170 116.420265 81.483170 34.757080 19.393955 17.960335 39.153126 81.542046 100.069672 64.363548 31.545269 23.761116 19.911880 40.193272 64.701973 65.649246 43.490765 31.895107 26.598030 20.908119 34.703041 41.417202 35.051918 29.936329 32.889488 23.714092,
 -0.508454 -6.027071 -4.103393 9.766270 26.800995 31.699888 19.572075 -0.343471 3.527369 20.219788 44.870651 57.858795 48.474922 25.385578 5.225514 23.139698 56.118172 86.538704 85.352867 55.245571 22.383205 14.292625 44.955536 86.716461 109.646721 86.716461 44.955536 14.292625 22.383205 55.245571 85.352867 86.538704 56.118172 23.139698 5.225514 25.385578 48.474922 57.858795 44.870651 20.219788 3.527369 -0.343471 19.572075 31.699888 26.800995 9.766270 -4.103393 -6.027071 -0.508454,

Pairwise cross-correlations of the modulus of all oriented sub-bands at the same scale (size QxQ)
 163.706238 107.684509 61.695507 110.755501,
 107.684509 162.113419 108.456459 68.872887,
 61.695507 108.456459 156.698608 108.227844,
 110.755501 68.872887 108.227844 164.477066,
 460.593597 358.417847 310.476746 358.926361,
 358.417847 434.583893 357.623016 309.121887,
 310.476746 357.623016 454.765289 369.544739,
 358.926361 309.121887 369.544739 463.296539,
 577.227905 415.532166 338.987915 380.770386,
 415.532166 560.116211 405.021057 338.103302,
 338.987915 405.021057 492.051483 331.767975,
 380.770386 338.103302 331.767975 414.729797,
 98.858734 67.757858 54.085464 55.238979,
 67.757858 142.388168 79.713264 37.151939,
 54.085464 79.713264 116.420273 68.337646,
 55.238979 37.151939 68.337646 109.646721,

Cross-correlations of the modulus of all oriented sub-bands with all oriented sub-bands at the coarser scale (size QxQ)
 234.561920 185.284164 146.689941 189.403992,
 195.163132 229.791641 196.630524 155.670639,
 147.875916 178.725418 228.931625 190.138474,
 193.820511 150.326111 194.731766 236.111954,
 393.417053 375.426941 303.173096 307.450043,
 364.560059 387.443848 327.761841 279.667664,
 334.095306 361.834442 360.012268 314.459778,
 360.415558 330.741882 310.852448 339.805206,
 106.871643 118.652466 126.854599 109.217003,
 117.752983 161.306366 125.367767 109.407906,
 115.248001 135.195755 125.965851 90.364777,
 89.048485 94.635727 112.469368 91.281860,

Cross-correlations of the real part of each oriented sub-band with both the real and imaginary part of all phase-doubled oriented sub-bands at the next coarser scale (Q matrices of size 1x2Q, which are computed and stored in a matrix of size Qx2Q)
 88.820473 35.236290 2.947992 44.979836 4.118792 -2.761747 -0.681623 -1.319036,
 32.678791 85.388817 39.412518 3.163803 -1.182157 -6.594873 -1.909720 -0.161417,
 2.639737 38.914478 86.931381 38.272636 -0.533838 -1.674000 -1.949707 1.858069,
 43.794506 2.603245 35.736610 96.023247 2.491187 0.366487 -0.267515 1.701680,
 -115.871475 -54.097511 -4.778542 -78.150269 20.739853 -4.730275 2.026771 -6.527905,
 -45.809875 -132.483124 -50.966679 -7.138525 0.264549 3.989921 9.583528 -1.577111,
 -5.483249 -55.112007 -120.778358 -59.762131 0.505165 12.263040 1.729498 -0.019890,
 -62.012711 -4.080392 -55.741615 -154.195862 13.706432 -0.303770 2.115202 -4.282130,
 -54.446609 -30.339581 -3.638100 -14.250334 -34.292694 -29.922445 -0.208894 9.070865,
 -36.393459 -76.461128 -50.688286 -2.208025 -24.681297 -48.893875 -4.113491 3.816819,
 -3.699762 -36.196728 -53.269001 -2.656140 -2.848079 -3.856383 -21.151075 -9.228359,
 -13.148513 -3.348464 -2.399346 -14.681577 -8.690843 1.304006 -16.216995 -11.006953,
