Low-band skewness and kurtosis
 -2.063835 5.605750,
 -2.124861 6.349174,
 -1.493776 4.229935,
 -0.955620 2.975744,
 -0.845752 2.599528,

High-band variance
 167.035843,

Skewness, kurtosis, variance, mean, maximum and minimum of the reconstructed texture
 -2.049613 5.350760 7054.048828 219.325745 255.000000 0.000000,

Auto-correlations of the low-frequency bands at each scale
 2481.093750 3097.793457 3528.981445 3673.643555 3502.102539 3076.488770 2491.509766 3101.961182 3940.323242 4651.792480 4944.949219 4641.000488 3937.133789 3123.705811 3556.753906 4666.989746 5759.006348 6250.858398 5755.958496 4668.923340 3572.175293 3732.838379 4975.110840 6258.837402 6851.148926 6258.837402 4975.110840 3732.838379 3572.175293 4668.923340 5755.958496 6250.858398 5759.006348 4666.989746 3556.753906 3123.705811 3937.133789 4641.000488 4944.949219 4651.792480 3940.323242 3101.961182 2491.509766 3076.488770 3502.102539 3673.643555 3528.981445 3097.793457 2481.093750,
 905.941162 959.602356 1041.484985 1051.541260 963.910828 929.183777 959.716797 903.373962 1368.461792 2191.969727 2607.701660 2146.152344 1363.850708 925.668518 1038.286743 2210.975342 4082.568115 5047.827148 4077.027100 2226.630127 1039.436401 1130.836670 2688.987305 5074.864258 6301.633789 5074.864258 2688.987305 1130.836670 1039.436401 2226.630127 4077.027100 5047.827148 4082.568115 2210.975342 1038.286743 925.668518 1363.850708 2146.152344 2607.701660 2191.969727 1368.461792 903.373962 959.716797 929.183777 963.910828 1051.541260 1041.484985 959.602356 905.941162,
 701.812683 693.682251 709.273438 888.580078 1158.324097 1248.204468 1139.654907 636.476074 535.945190 816.225647 1112.729004 972.045593 749.819946 780.734375 674.820557 771.404663 2002.774170 2864.545410 1926.256348 656.016724 512.320312 644.458374 957.150391 2850.888916 4162.102539 2850.888916 957.150391 644.458374 512.320312 656.016724 1926.256348 2864.545410 2002.774170 771.404663 674.820557 780.734375 749.819946 972.045593 1112.729004 816.225647 535.945190 636.476074 1139.654907 1248.204468 1158.324097 888.580078 709.273438 693.682251 701.812683,
 179.215576 290.448090 415.756317 637.499390 744.980957 645.430298 491.480225 537.202271 540.140381 646.450562 926.179077 933.655518 722.774780 616.163452 698.186768 707.577393 1096.955811 1548.109619 1258.126709 726.070679 610.866089 661.368896 762.682434 1441.057373 1963.424805 1441.057373 762.682434 661.368896 610.866089 726.070679 1258.126709 1548.109619 1096.955811 707.577393 698.186768 616.163452 722.774780 933.655518 926.179077 646.450562 540.140381 537.202271 491.480225 645.430298 744.980957 637.499390 415.756317 290.448090 179.215576,
 -579.041809 -580.004578 -441.414459 -256.036896 -127.089874 -124.280289 -250.426712 -441.124329 -337.129639 -10.806015 304.488281 399.262207 268.421692 2.634720 -212.031494 103.714279 633.578125 991.318237 893.767822 497.527588 82.658295 -15.554550 445.099823 1030.990723 1319.462402 1030.990723 445.099823 -15.554550 82.658295 497.527588 893.767822 991.318237 633.578125 103.714279 -212.031494 2.634720 268.421692 399.262207 304.488281 -10.806015 -337.129639 -441.124329 -250.426712 -124.280289 -127.089874 -256.036896 -441.414459 -580.004578 -579.041809,

Auto-correlations of the modulus of each oriented sub-band
 73.018929 81.672562 89.841881 93.417610 90.663719 83.515457 75.965523 92.264328 106.246231 119.134758 124.634148 120.039604 108.184464 95.196487 112.033928 131.584625 149.431580 156.909760 150.102905 132.946594 113.980492 121.533730 143.575607 163.721497 172.038422 163.721497 143.575607 121.533730 113.980492 132.946594 150.102905 156.909760 149.431580 131.584625 112.033928 95.196487 108.184464 120.039604 124.634148 119.134758 106.246231 92.264328 75.965523 83.515457 90.663719 93.417610 89.841881 81.672562 73.018929,
 108.538925 113.571060 114.557747 110.046341 100.753349 88.623367 75.803329 112.879250 129.307449 140.737686 140.642975 128.569931 109.395683 88.951561 113.928856 140.165833 162.085678 167.908569 154.079361 128.490723 101.185127 110.037811 140.156021 167.635208 179.411346 167.635208 140.156021 110.037811 101.185127 128.490723 154.079361 167.908569 162.085678 140.165833 113.928856 88.951561 109.395683 128.569931 140.642975 140.737686 129.307449 112.879250 75.803329 88.623367 100.753349 110.046341 114.557747 113.571060 108.538925,
 76.400642 96.096832 115.820000 124.456856 115.223946 95.363586 76.508751 84.030510 108.824425 134.096436 145.340698 133.196899 107.621986 83.559486 91.136124 120.288651 150.534195 164.498917 149.890915 119.424286 90.698380 93.891479 124.642097 157.004532 172.431396 157.004532 124.642097 93.891479 90.698380 119.424286 149.890915 164.498917 150.534195 120.288651 91.136124 83.559486 107.621986 133.196899 145.340698 134.096436 108.824425 84.030510 76.508751 95.363586 115.223946 124.456856 115.820000 96.096832 76.400642,
 76.211578 88.062218 100.105141 110.163177 115.764427 115.610207 111.002899 88.161041 108.613297 128.396500 141.428024 142.549545 131.761108 115.283020 100.320351 128.547546 155.047256 169.649170 164.405319 142.466431 115.392326 110.138367 141.514709 169.720978 181.717957 169.720978 141.514709 110.138367 115.392326 142.466431 164.405319 169.649170 155.047256 128.547546 100.320351 115.283020 131.761108 142.549545 141.428024 128.396500 108.613297 88.161041 111.002899 115.610207 115.764427 110.163177 100.105141 88.062218 76.211578,
 194.737885 200.524460 201.998627 199.123337 192.285431 182.896103 172.328369 245.203201 266.202881 282.226227 286.558594 275.418671 253.097656 226.746140 310.860840 356.793701 395.862640 411.096588 392.176971 349.069946 298.915955 339.012756 401.336731 456.104706 479.468445 456.104706 401.336731 339.012756 298.915955 349.069946 392.176971 411.096588 395.862640 356.793701 310.860840 226.746140 253.097656 275.418671 286.558594 282.226227 266.202881 245.203201 172.328369 182.896103 192.285431 199.123337 201.998627 200.524460 194.737885,
 342.066101 363.627563 353.032074 311.356018 257.618622 212.607285 184.965393 366.923401 421.947357 443.154541 410.935547 339.347839 264.463837 210.483170 354.657227 440.920532 507.222473 507.743591 435.598328 337.352722 256.173889 311.159546 407.145325 505.465302 550.982849 505.465302 407.145325 311.159546 256.173889 337.352722 435.598328 507.743591 507.222473 440.920532 354.657227 210.483170 264.463837 339.347839 410.935547 443.154541 421.947357 366.923401 184.965393 212.607285 257.618622 311.356018 353.032074 363.627563 342.066101,
 193.680817 257.957825 326.369568 356.359985 325.955811 263.114197 206.392059 205.183182 284.739624 376.024811 417.268097 372.198639 284.501526 212.253464 212.712723 304.312531 417.618378 472.030670 413.757904 302.642303 215.948898 216.319885 310.852081 432.981384 495.666962 432.981384 310.852081 216.319885 215.948898 302.642303 413.757904 472.030670 417.618378 304.312531 212.712723 212.253464 284.501526 372.198639 417.268097 376.024811 284.739624 205.183182 206.392059 263.114197 325.955811 356.359985 326.369568 257.957825 193.680817,
 179.972870 205.645966 242.943970 287.802673 323.306824 330.007111 304.134216 207.275803 251.122223 314.802643 378.890320 408.549652 385.254608 327.547485 243.386703 312.187347 401.926208 470.856201 470.344055 403.523590 319.613403 285.905914 373.323792 468.206696 512.999084 468.206696 373.323792 285.905914 319.613403 403.523590 470.344055 470.856201 401.926208 312.187347 243.386703 327.547485 385.254608 408.549652 378.890320 314.802643 251.122223 207.275803 304.134216 330.007111 323.306824 287.802673 242.943970 205.645966 179.972870,
 140.298584 148.830841 155.677856 159.065781 158.949585 157.370941 153.635742 192.523865 214.530502 235.293564 243.900604 234.489304 212.129135 184.808685 260.635986 326.003082 388.377686 413.124268 382.173645 315.401215 245.671707 286.767761 382.528687 477.804840 520.701843 477.804840 382.528687 286.767761 245.671707 315.401215 382.173645 413.124268 388.377686 326.003082 260.635986 184.808685 212.129135 234.489304 243.900604 235.293564 214.530502 192.523865 153.635742 157.370941 158.949585 159.065781 155.677856 148.830841 140.298584,
 173.953339 197.492355 203.162903 190.966553 176.087952 155.152817 130.772247 208.110977 263.809509 299.501160 278.998383 232.202835 194.416565 161.687057 230.773880 325.406494 424.393250 433.734985 344.517273 252.397400 194.078781 222.233215 316.339935 449.787537 526.457886 449.787537 316.339935 222.233215 194.078781 252.397400 344.517273 433.734985 424.393250 325.406494 230.773880 161.687057 194.416565 232.202835 278.998383 299.501160 263.809509 208.110977 130.772247 155.152817 176.087952 190.966553 203.162903 197.492355 173.953339,
 154.462921 181.345291 224.943222 261.512573 245.447922 189.664597 143.407623 163.094498 215.694077 310.499084 376.836151 330.634460 230.475845 161.055344 172.014114 253.744263 398.442566 491.869568 409.683899 263.762146 172.223038 175.845505 273.539978 439.694397 542.309021 439.694397 273.539978 175.845505 172.223038 263.762146 409.683899 491.869568 398.442566 253.744263 172.014114 161.055344 230.475845 330.634460 376.836151 310.499084 215.694077 163.094498 143.407623 189.664597 245.447922 261.512573 224.943222 181.345291 154.462921,
 120.018539 125.384079 149.042542 193.571075 222.157532 208.297562 184.465103 142.733322 165.712479 226.320129 309.602112 337.294922 288.015991 233.243912 197.683456 251.021362 362.830444 472.005981 459.317322 351.539551 266.130463 251.022537 335.318298 474.602783 556.367798 474.602783 335.318298 251.022537 266.130463 351.539551 459.317322 472.005981 362.830444 251.021362 197.683456 233.243912 288.015991 337.294922 309.602112 226.320129 165.712479 142.733322 184.465103 208.297562 222.157532 193.571075 149.042542 125.384079 120.018539,
 2.750738 17.862211 26.743704 31.225544 35.295532 39.204102 39.097366 23.281281 43.399364 56.220608 57.376366 50.216816 42.094257 36.980190 43.510235 78.372292 108.605858 115.931046 96.951057 66.870461 42.971973 51.188568 92.403145 137.079651 157.648666 137.079651 92.403145 51.188568 42.971973 66.870461 96.951057 115.931046 108.605858 78.372292 43.510235 36.980190 42.094257 50.216816 57.376366 56.220608 43.399364 23.281281 39.097366 39.204102 35.295532 31.225544 26.743704 17.862211 2.750738,
 9.700226 18.674610 21.972561 15.413657 6.970269 5.570012 7.951437 20.027092 37.922310 49.816437 42.024902 22.852760 10.664946 8.015262 35.615929 63.763725 92.472893 93.583069 62.814159 32.973015 15.567985 32.428085 63.177090 103.885338 127.995171 103.885338 63.177090 32.428085 15.567985 32.973015 62.814159 93.583069 92.472893 63.763725 35.615929 8.015262 10.664946 22.852760 42.024902 49.816437 37.922310 20.027092 7.951437 5.570012 6.970269 15.413657 21.972561 18.674610 9.700226,
 -7.754530 -7.826075 1.793099 10.451477 6.343565 3.141370 12.094416 -8.294199 -0.044984 19.060572 36.478767 23.993448 9.056969 11.784220 -3.772645 10.717228 40.059238 66.950073 42.965328 15.523590 8.940885 3.123449 17.165955 50.782665 81.638199 50.782665 17.165955 3.123449 8.940885 15.523590 42.965328 66.950073 40.059238 10.717228 -3.772645 11.784220 9.056969 23.993448 36.478767 19.060572 -0.044984 -8.294199 12.094416 3.141370 6.343565 10.451477 1.793099 -7.826075 -7.754530,
 1.633779 2.419785 -3.618863 -2.476763 8.698185 14.072962 10.276295 0.063506 4.650362 8.829271 23.830011 35.007797 26.000551 13.515448 1.776807 13.842460 38.181908 67.705994 66.180229 36.195183 15.707417 10.211788 30.507982 69.411667 93.981567 69.411667 30.507982 10.211788 15.707417 36.195183 66.180229 67.705994 38.181908 13.842460 1.776807 13.515448 26.000551 35.007797 23.830011 8.829271 4.650362 0.063506 10.276295 14.072962 8.698185 -2.476763 -3.618863 2.419785 1.633779,

Pairwise cross-correlations of the modulus of all oriented sub-bands at the same scale (size QxQ)
 172.038422 115.616096 66.876045 117.379211,
 115.616096 179.411362 117.837143 70.785698,
 66.876045 117.837143 172.431427 115.266624,
 117.379211 70.785698 115.266624 181.717972,
 479.468475 406.072754 335.102020 385.727417,
 406.072754 550.982971 420.872437 379.783722,
 335.102020 420.872437 495.666962 398.054413,
 385.727417 379.783722 398.054413 512.999146,
 520.701843 386.636230 322.881470 406.065613,
 386.636230 526.457886 337.564819 309.406525,
 322.881470 337.564819 542.309021 406.836487,
 406.065613 309.406525 406.836487 556.367798,
 157.648682 92.745758 27.299297 72.034363,
 92.745758 127.995178 30.839878 41.637260,
 27.299297 30.839878 81.638199 45.132584,
 72.034363 41.637260 45.132584 93.981567,

Cross-correlations of the modulus of all oriented sub-bands with all oriented sub-bands at the coarser scale (size QxQ)
 241.247925 209.853561 161.602814 209.441696,
 204.422134 265.769135 215.108383 178.852005,
 160.923828 218.800522 249.911865 210.319870,
 205.701752 182.250427 206.720154 257.177307,
 344.004578 334.583862 325.691833 340.717163,
 329.495148 378.113495 367.781555 336.950836,
 307.408142 331.017883 401.217133 346.654785,
 345.109863 309.497314 373.594940 389.929443,
 162.344879 126.751450 91.234825 105.374969,
 176.672363 129.412796 81.439102 107.439354,
 136.112915 145.184891 93.166389 103.971039,
 142.618408 120.892242 97.540184 107.696747,

Cross-correlations of the real part of each oriented sub-band with both the real and imaginary part of all phase-doubled oriented sub-bands at the next coarser scale (Q matrices of size 1x2Q, which are computed and stored in a matrix of size Qx2Q)
 99.894989 44.425365 5.332384 50.940319 1.934956 0.696653 0.419527 -2.419907,
 43.072655 109.779968 49.536968 3.838256 -0.599325 3.137504 2.778340 -0.528666,
 5.293680 52.045223 103.870201 45.738632 -0.543928 3.578684 1.595903 -1.065250,
 49.094151 4.779582 46.614014 109.916466 0.947878 0.707126 -0.612104 -2.627923,
 -164.133759 -65.870659 -8.662107 -85.110458 -1.559185 -4.796647 4.476421 -8.434948,
 -69.237488 -152.917465 -52.326027 -9.693980 2.817997 1.787511 7.156653 1.638261,
 -13.264086 -65.190956 -141.071304 -81.223076 3.075041 2.165402 5.344224 10.110763,
 -87.902290 -7.210864 -77.427444 -182.418732 -2.609578 -1.723303 9.078261 -3.437718,
 -85.483398 -33.366879 -3.531182 -18.224825 68.950012 0.619062 3.713429 -6.304568,
 -47.410908 -40.787601 -35.333397 -4.533854 31.710846 -2.733698 1.988526 -2.749448,
 -3.709376 -16.566784 -78.164520 -14.979304 0.311855 -4.079496 26.567772 25.853638,
 -31.912939 -5.227354 -33.681866 -30.302616 24.242239 0.930740 26.646372 35.393585,
