Low-band skewness and kurtosis
 -2.224771 6.297415,
 -2.285277 7.054610,
 -1.719491 5.163981,
 -1.214971 3.881267,
 -0.910706 2.859343,

High-band variance
 146.565994,

Skewness, kurtosis, variance, mean, maximum and minimum of the reconstructed texture
 -2.211715 6.041444 6557.386230 222.558716 255.000000 0.000000,

Auto-correlations of the low-frequency bands at each scale
 2325.122070 2928.312256 3371.096191 3579.302734 3526.372070 3242.074951 2784.802246 2939.741699 3731.877441 4399.581055 4702.285156 4500.176758 3949.293945 3275.032227 3420.262451 4431.745117 5405.861816 5851.182617 5451.293457 4536.543945 3588.878174 3652.756348 4754.978027 5869.668945 6378.833496 5869.668945 4754.978027 3652.756348 3588.878174 4536.543945 5451.293457 5851.182617 5405.861816 4431.745117 3420.262451 3275.032227 3949.293945 4500.176758 4702.285156 4399.581055 3731.877441 2939.741699 2784.802246 3242.074951 3526.372070 3579.302734 3371.096191 2928.312256 2325.122070,
 544.418030 699.780884 948.781921 1183.371094 1314.350098 1381.975464 1366.540039 604.960327 1193.711182 2077.844727 2637.398926 2439.208984 1877.484619 1488.529419 891.679077 2101.208984 3850.844727 4799.781250 4068.388672 2524.772461 1470.889282 1254.266479 2719.697754 4830.832031 5900.086914 4830.832031 2719.697754 1254.266479 1470.889282 2524.772461 4068.388672 4799.781250 3850.844727 2101.208984 891.679077 1488.529419 1877.484619 2439.208984 2637.398926 2077.844727 1193.711182 604.960327 1366.540039 1381.975464 1314.350098 1183.371094 948.781921 699.780884 544.418030,
 766.997803 558.278564 519.156616 563.970093 737.328735 937.922607 885.644043 481.911072 220.367737 571.017151 1023.149780 1042.361572 889.891052 786.126282 310.748932 370.821747 1731.103271 2870.597168 2276.128662 1094.185913 700.662231 499.099670 964.613525 2871.754639 4126.196289 2871.754639 964.613525 499.099670 700.662231 1094.185913 2276.128662 2870.597168 1731.103271 370.821747 310.748932 786.126282 889.891052 1042.361572 1023.149780 571.017151 220.367737 481.911072 885.644043 937.922607 737.328735 563.970093 519.156616 558.278564 766.997803,
 227.718155 420.774475 492.312073 516.269165 642.254822 571.246887 252.696518 430.627228 495.872528 532.462341 665.838623 739.946594 563.236450 348.709564 499.927307 581.500366 989.303589 1411.256836 1191.942017 685.273804 527.022034 562.336792 725.134705 1442.377441 1952.298950 1442.377441 725.134705 562.336792 527.022034 685.273804 1191.942017 1411.256836 989.303589 581.500366 499.927307 348.709564 563.236450 739.946594 665.838623 532.462341 495.872528 430.627228 252.696518 571.246887 642.254822 516.269165 492.312073 420.774475 227.718155,
 -580.742188 -420.905701 -302.482971 -236.316193 -188.189926 -223.684814 -403.399078 -329.510529 -148.887100 115.693924 289.069855 260.704529 117.354538 -79.971161 -30.941154 212.092926 636.383423 898.196289 725.696533 389.688873 143.675385 160.593018 441.415039 911.776184 1185.484497 911.776184 441.415039 160.593018 143.675385 389.688873 725.696533 898.196289 636.383423 212.092926 -30.941154 -79.971161 117.354538 260.704529 289.069855 115.693924 -148.887100 -329.510529 -403.399078 -223.684814 -188.189926 -236.316193 -302.482971 -420.905701 -580.742188,

Auto-correlations of the modulus of each oriented sub-band
 60.881348 68.612144 75.750633 78.861160 76.630394 70.884636 65.072281 77.764336 89.844383 101.060165 105.955391 102.144485 92.156593 81.329857 95.321304 112.187164 127.761627 134.404037 128.561005 113.729385 97.420395 103.889786 122.972473 140.555664 147.845856 140.555664 122.972473 103.889786 97.420395 113.729385 128.561005 134.404037 127.761627 112.187164 95.321304 81.329857 92.156593 102.144485 105.955391 101.060165 89.844383 77.764336 65.072281 70.884636 76.630394 78.861160 75.750633 68.612144 60.881348,
 91.935883 97.853043 100.677223 98.745003 91.621178 80.764969 69.012756 96.856445 112.475159 123.842468 125.310471 115.629730 98.367126 79.225861 98.847458 123.002892 143.014664 148.983047 137.462997 114.629616 89.195953 96.311569 124.055595 148.605347 158.990295 148.605347 124.055595 96.311569 89.195953 114.629616 137.462997 148.983047 143.014664 123.002892 98.847458 79.225861 98.367126 115.629730 125.310471 123.842468 112.475159 96.856445 69.012756 80.764969 91.621178 98.745003 100.677223 97.853043 91.935883,
 65.385048 85.988136 105.819199 114.151703 105.211243 85.684380 66.533730 73.798828 99.091393 124.018562 134.976013 123.769981 99.149590 74.806854 81.583664 110.876938 140.259293 153.685394 140.221115 111.034637 82.194855 84.985214 115.741074 146.866547 161.372375 146.866547 115.741074 84.985214 82.194855 111.034637 140.221115 153.685394 140.259293 110.876938 81.583664 74.806854 99.149590 123.769981 134.976013 124.018562 99.091393 73.798828 66.533730 85.684380 105.211243 114.151703 105.819199 85.988136 65.385048,
 69.270790 82.258194 94.699158 104.570251 109.464417 108.275085 102.491936 82.384811 102.533691 121.370865 133.390640 133.819595 122.860229 106.437698 93.989113 120.653992 145.169098 158.325729 153.067810 132.433640 106.887337 102.629807 131.875381 157.786499 168.706268 157.786499 131.875381 102.629807 106.887337 132.433640 153.067810 158.325729 145.169098 120.653992 93.989113 106.437698 122.860229 133.819595 133.390640 121.370865 102.533691 82.384811 102.491936 108.275085 109.464417 104.570251 94.699158 82.258194 69.270790,
 149.235474 152.093109 153.496155 152.748047 149.393005 143.234314 133.819275 201.898468 217.561630 230.438385 235.334396 228.960754 213.655045 193.543518 265.045441 302.626282 334.724182 347.242371 332.372620 298.374084 258.644012 291.841736 342.721069 387.839722 407.058044 387.839722 342.721069 291.841736 258.644012 298.374084 332.372620 347.242371 334.724182 302.626282 265.045441 193.543518 213.655045 228.960754 235.334396 230.438385 217.561630 201.898468 133.819275 143.234314 149.393005 152.748047 153.496155 152.093109 149.235474,
 283.276611 308.750244 306.429901 276.110931 231.494949 190.840408 164.501358 299.279205 352.770935 377.872467 356.621460 299.721283 237.349777 192.727264 292.529266 370.113678 432.050293 436.921753 378.486267 295.699066 228.345001 265.526093 348.096130 434.157715 473.391998 434.157715 348.096130 265.526093 228.345001 295.699066 378.486267 436.921753 432.050293 370.113678 292.529266 192.727264 237.349777 299.721283 356.621460 377.872467 352.770935 299.279205 164.501358 190.840408 231.494949 276.110931 306.429901 308.750244 283.276611,
 161.970291 220.424393 276.523041 294.307037 256.533783 194.618973 151.213638 168.461792 240.453430 320.318115 353.514160 306.630859 222.935028 162.727448 173.299179 255.020752 356.330750 405.430969 350.038757 246.560181 171.207443 174.748978 258.264221 369.330536 427.391113 369.330536 258.264221 174.748978 171.207443 246.560181 350.038757 405.430969 356.330750 255.020752 173.299179 162.727448 222.935028 306.630859 353.514160 320.318115 240.453430 168.461792 151.213638 194.618973 256.533783 294.307037 276.523041 220.424393 161.970291,
 148.813477 166.694626 198.696533 238.813797 269.533813 274.389282 252.037689 169.896683 211.162125 270.538666 328.393494 354.438507 334.826569 284.406738 207.234741 274.717804 356.561523 416.870453 417.487915 360.659576 283.960327 251.889526 335.295898 418.777893 456.383270 418.777893 335.295898 251.889526 283.960327 360.659576 417.487915 416.870453 356.561523 274.717804 207.234741 284.406738 334.826569 354.438507 328.393494 270.538666 211.162125 169.896683 252.037689 274.389282 269.533813 238.813797 198.696533 166.694626 148.813477,
 193.278610 192.949036 188.930756 185.118027 181.298584 176.313324 170.012619 228.146500 248.570251 257.386566 253.583405 238.581146 217.432526 195.996323 287.314850 353.388489 402.444458 412.866089 378.574707 317.042664 252.573334 305.175232 398.550293 481.864655 517.150391 481.864655 398.550293 305.175232 252.573334 317.042664 378.574707 412.866089 402.444458 353.388489 287.314850 195.996323 217.432526 238.581146 253.583405 257.386566 248.570251 228.146500 170.012619 176.313324 181.298584 185.118027 188.930756 192.949036 193.278610,
 280.174988 293.601349 294.080170 287.184143 279.460907 267.644012 250.543762 331.663025 385.228333 422.292694 410.664886 366.064545 320.239624 284.026123 370.411499 464.295715 560.701782 576.673401 497.405884 398.118652 325.956543 365.594360 467.136902 595.826660 663.400208 595.826660 467.136902 365.594360 325.956543 398.118652 497.405884 576.673401 560.701782 464.295715 370.411499 284.026123 320.239624 366.064545 410.664886 422.292694 385.228333 331.663025 250.543762 267.644012 279.460907 287.184143 294.080170 293.601349 280.174988,
 113.435249 155.344086 216.982193 248.254425 217.532700 161.495148 122.701881 146.467834 200.292130 294.264648 348.446960 297.507690 204.427139 143.986145 172.254135 241.295868 372.906891 453.675842 376.478241 242.514130 166.509109 179.012772 257.933044 408.498230 501.451355 408.498230 257.933044 179.012772 166.509109 242.514130 376.478241 453.675842 372.906891 241.295868 172.254135 143.986145 204.427139 297.507690 348.446960 294.264648 200.292130 146.467834 122.701881 161.495148 217.532700 248.254425 216.982193 155.344086 113.435249,
 54.049438 81.707901 105.302750 135.430252 165.121140 163.763367 127.329071 63.515648 103.683128 156.724091 224.021088 255.067719 214.774261 145.262573 91.373749 158.018219 258.539490 352.605042 344.435364 245.221832 148.868607 128.616592 222.707001 350.893127 422.027435 350.893127 222.707001 128.616592 148.868607 245.221832 344.435364 352.605042 258.539490 158.018219 91.373749 145.262573 214.774261 255.067719 224.021088 156.724091 103.683128 63.515648 127.329071 163.763367 165.121140 135.430252 105.302750 81.707901 54.049438,
 24.605444 26.664604 30.155197 34.241119 35.211136 34.403152 35.011387 42.720394 50.682648 61.664288 67.541725 61.629002 52.116020 48.397785 57.020947 77.674522 105.337357 119.787941 104.889999 77.631966 61.139904 67.330849 95.451523 135.912445 157.699280 135.912445 95.451523 67.330849 61.139904 77.631966 104.889999 119.787941 105.337357 77.674522 57.020947 48.397785 52.116020 61.629002 67.541725 61.664288 50.682648 42.720394 35.011387 34.403152 35.211136 34.241119 30.155197 26.664604 24.605444,
 16.130299 41.812286 61.302700 64.525124 64.969719 69.850601 70.489380 56.364590 90.447937 123.448349 123.441933 104.405991 92.472031 84.130020 91.669106 130.063538 182.819183 195.013794 157.094513 120.941566 98.668205 107.013100 140.735443 196.753326 232.792969 196.753326 140.735443 107.013100 98.668205 120.941566 157.094513 195.013794 182.819183 130.063538 91.669106 84.130020 92.472031 104.405991 123.441933 123.448349 90.447937 56.364590 70.489380 69.850601 64.969719 64.525124 61.302700 41.812286 16.130299,
 17.032192 26.747223 43.132351 61.799259 60.883358 39.914307 21.233829 33.571278 46.698231 73.568085 100.494316 87.856812 52.865620 33.072025 41.447426 58.162380 99.475388 135.761276 107.304413 60.059605 39.671928 42.524879 61.999981 112.342819 150.884888 112.342819 61.999981 42.524879 39.671928 60.059605 107.304413 135.761276 99.475388 58.162380 41.447426 33.072025 52.865620 87.856812 100.494316 73.568085 46.698231 33.571278 21.233829 39.914307 60.883358 61.799259 43.132351 26.747223 17.032192,
 2.677898 7.635711 18.853260 34.121487 43.198528 32.631050 12.547956 4.489318 17.741215 38.302017 59.920883 61.572090 36.173100 9.658392 7.435771 29.816669 63.615551 93.357361 83.299194 42.621639 10.257765 10.505197 40.670685 86.332001 113.851761 86.332001 40.670685 10.505197 10.257765 42.621639 83.299194 93.357361 63.615551 29.816669 7.435771 9.658392 36.173100 61.572090 59.920883 38.302017 17.741215 4.489318 12.547956 32.631050 43.198528 34.121487 18.853260 7.635711 2.677898,

Pairwise cross-correlations of the modulus of all oriented sub-bands at the same scale (size QxQ)
 147.845901 102.948730 61.303032 107.199615,
 102.948730 158.990295 106.488754 68.135368,
 61.303032 106.488754 161.372391 110.174294,
 107.199615 68.135368 110.174294 168.706284,
 407.058075 335.541809 291.125793 350.549530,
 335.541809 473.392059 373.861023 320.599152,
 291.125793 373.861023 427.391113 341.701630,
 350.549530 320.599152 341.701630 456.383240,
 517.150391 435.130585 312.067139 343.968719,
 435.130585 663.400269 441.360382 304.384583,
 312.067139 441.360382 501.451416 328.875671,
 343.968719 304.384583 328.875671 422.027466,
 157.699265 138.593460 66.377403 61.397804,
 138.593460 232.792999 114.262878 63.171078,
 66.377403 114.262878 150.884888 73.941010,
 61.397804 63.171078 73.941010 113.851776,

Cross-correlations of the modulus of all oriented sub-bands with all oriented sub-bands at the coarser scale (size QxQ)
 206.422592 178.334412 142.886856 190.534729,
 178.993805 231.738922 191.237915 163.390793,
 139.935303 191.664474 223.877930 188.868378,
 181.442169 159.532745 185.350357 239.851181,
 342.307220 347.407043 276.575287 276.037170,
 317.498505 426.918762 315.299561 258.884460,
 285.275177 365.495209 331.896698 288.508820,
 346.200256 358.040527 324.301239 337.389771,
 166.759720 187.404419 159.765076 136.181122,
 202.089600 271.861420 197.675232 138.809265,
 129.721848 175.900146 162.212250 109.514511,
 119.806213 135.059998 119.188599 119.166435,

Cross-correlations of the real part of each oriented sub-band with both the real and imaginary part of all phase-doubled oriented sub-bands at the next coarser scale (Q matrices of size 1x2Q, which are computed and stored in a matrix of size Qx2Q)
 78.503685 38.040024 4.738345 40.826984 3.687424 0.156897 0.679737 -4.058267,
 35.139515 92.315254 40.751015 3.268600 0.626833 1.368634 4.009905 0.163457,
 4.767845 43.493153 95.426712 46.314938 0.228071 1.914712 5.538205 0.455741,
 37.564064 3.771237 46.299896 102.535034 2.487505 0.547017 2.259333 -5.266243,
 -128.173721 -73.188835 -12.025467 -67.635094 11.100221 16.474133 2.272121 -10.282782,
 -65.693192 -181.575912 -93.057640 -6.584269 9.638824 43.486420 29.737160 1.093248,
 -12.674848 -87.636169 -160.353012 -60.832821 2.105818 22.040462 33.413815 -6.212119,
 -65.052544 -8.444045 -62.025383 -142.840637 2.884581 0.500251 1.852279 -28.106819,
 -59.358009 -58.452705 -8.215721 -32.926277 -48.281029 18.242790 3.067273 14.292404,
 -45.772324 -116.217369 -58.402351 1.153320 -11.962484 58.648926 9.543142 -1.963750,
 -9.475430 -55.174011 -62.928963 -20.805193 0.759273 22.673489 -14.399393 -3.849258,
 -25.962835 -8.677740 -10.928844 -70.860229 -25.637638 -1.829086 -6.658239 12.446455,
