Low-band skewness and kurtosis
 -2.100200 5.760871,
 -2.168995 6.569164,
 -1.515934 4.383277,
 -1.031881 3.333292,
 -1.020386 3.071534,

High-band variance
 161.726303,

Skewness, kurtosis, variance, mean, maximum and minimum of the reconstructed texture
 -2.086499 5.504384 6939.830566 220.067139 255.000000 0.000000,

Auto-correlations of the low-frequency bands at each scale
 2279.558105 2848.050537 3270.945801 3452.755859 3344.245605 2968.090576 2395.769043 3013.623047 3788.025391 4462.941406 4766.537109 4519.310547 3872.905273 3085.818848 3574.255859 4609.442871 5641.935059 6118.783203 5671.846191 4652.463379 3608.144043 3802.254395 4972.151855 6185.309082 6742.813965 6185.309082 4972.151855 3802.254395 3608.144043 4652.463379 5671.846191 6118.783203 5641.935059 4609.442871 3574.255859 3085.818848 3872.905273 4519.310547 4766.537109 4462.941406 3788.025391 3013.623047 2395.769043 2968.090576 3344.245605 3452.755859 3270.945801 2848.050537 2279.558105,
 598.740356 470.553345 536.958069 657.407837 665.922546 670.609009 745.821167 788.171875 1070.347168 1833.213501 2327.438477 1969.800171 1215.942139 754.637207 1218.034180 2209.924316 3939.990479 4889.188477 4011.439209 2253.733887 1103.351074 1403.894531 2827.308105 5051.968262 6200.961914 5051.968262 2827.308105 1403.894531 1103.351074 2253.733887 4011.439209 4889.188477 3939.990479 2209.924316 1218.034180 754.637207 1215.942139 1969.800171 2327.438477 1833.213501 1070.347168 788.171875 745.821167 670.609009 665.922546 657.407837 536.958069 470.553345 598.740356,
 896.823364 791.726624 508.228821 361.623962 446.349670 658.524841 672.113159 975.420837 635.400330 422.482941 492.741943 449.451324 426.476501 386.780090 1083.492798 982.764221 1784.888794 2553.385742 1850.088745 754.769470 365.366791 831.676208 1234.789307 2891.208008 4061.148682 2891.208008 1234.789307 831.676208 365.366791 754.769470 1850.088745 2553.385742 1784.888794 982.764221 1083.492798 386.780090 426.476501 449.451324 492.741943 422.482941 635.400330 975.420837 672.113159 658.524841 446.349670 361.623962 508.228821 791.726624 896.823364,
 134.035873 422.395691 538.856262 524.444885 662.041199 780.929260 551.103577 306.602692 497.430481 701.703796 702.408875 587.238953 567.741638 544.724365 575.697632 711.444641 1158.258423 1342.150146 880.281982 450.434143 445.642151 573.452515 693.861694 1353.728394 1832.826172 1353.728394 693.861694 573.452515 445.642151 450.434143 880.281982 1342.150146 1158.258423 711.444641 575.697632 544.724365 567.741638 587.238953 702.408875 701.703796 497.430481 306.602692 551.103577 780.929260 662.041199 524.444885 538.856262 422.395691 134.035873,
 -595.410034 -387.159424 -81.621063 105.518707 27.193207 -229.772079 -476.619965 -325.310150 -93.311012 233.526215 443.674683 343.930939 24.967209 -261.162323 -92.282364 222.639420 655.111328 901.763062 692.987183 219.476395 -129.358322 -57.708771 321.343231 859.331299 1134.235229 859.331299 321.343231 -57.708771 -129.358322 219.476395 692.987183 901.763062 655.111328 222.639420 -92.282364 -261.162323 24.967209 343.930939 443.674683 233.526215 -93.311012 -325.310150 -476.619965 -229.772079 27.193207 105.518707 -81.621063 -387.159424 -595.410034,

Auto-correlations of the modulus of each oriented sub-band
 65.157631 72.273880 78.839592 81.053497 77.367256 69.815857 62.309185 87.168541 98.983971 109.666878 113.601578 108.401253 96.880348 84.747475 107.424072 124.447792 139.873230 145.941589 139.150482 123.267311 106.077789 115.597565 135.229599 153.294220 160.803955 153.294220 135.229599 115.597565 106.077789 123.267311 139.150482 145.941589 139.873230 124.447792 107.424072 84.747475 96.880348 108.401253 113.601578 109.666878 98.983971 87.168541 62.309185 69.815857 77.367256 81.053497 78.839592 72.273880 65.157631,
 109.137512 114.282196 115.058784 109.806686 98.863075 84.320587 68.987808 113.679298 129.867523 141.063232 140.922272 128.409668 107.868782 85.452446 115.062866 140.933792 162.315872 168.165054 154.708176 128.887894 100.483109 110.919525 141.182587 168.159409 179.552872 168.159409 141.182587 110.919525 100.483109 128.887894 154.708176 168.165054 162.315872 140.933792 115.062866 85.452446 107.868782 128.409668 140.922272 141.063232 129.867523 113.679298 68.987808 84.320587 98.863075 109.806686 115.058784 114.282196 109.137512,
 83.106522 105.089699 124.662163 132.245041 122.963814 102.420219 80.699081 93.682625 120.300797 144.895676 155.120422 143.694229 118.267746 91.607185 103.381210 133.966095 163.069580 175.880768 162.462402 132.860718 102.155121 106.938568 139.155334 170.276276 184.407715 170.276276 139.155334 106.938568 102.155121 132.860718 162.462402 175.880768 163.069580 133.966095 103.381210 91.607185 118.267746 143.694229 155.120422 144.895676 120.300797 93.682625 80.699081 102.420219 122.963814 132.245041 124.662163 105.089699 83.106522,
 60.441959 74.589478 89.076920 100.887527 107.475250 107.767731 103.001801 76.303421 98.535492 119.723251 133.514526 134.951950 124.172882 107.299408 91.490952 120.602242 147.359390 161.903122 156.696732 134.946167 107.797379 102.640015 134.149033 161.971069 173.713531 161.971069 134.149033 102.640015 107.797379 134.946167 156.696732 161.903122 147.359390 120.602242 91.490952 107.299408 124.172882 134.951950 133.514526 119.723251 98.535492 76.303421 103.001801 107.767731 107.475250 100.887527 89.076920 74.589478 60.441959,
 144.954056 148.587860 151.235565 150.583862 144.627258 133.791199 121.054916 209.573227 232.677856 251.956161 258.192657 245.616501 218.265961 186.107864 285.170807 333.389587 375.147003 391.375336 370.672577 323.213013 268.656952 314.732086 378.167419 434.300232 458.091858 434.300232 378.167419 314.732086 268.656952 323.213013 370.672577 391.375336 375.147003 333.389587 285.170807 186.107864 218.265961 245.616501 258.192657 251.956161 232.677856 209.573227 121.054916 133.791199 144.627258 150.583862 151.235565 148.587860 144.954056,
 300.071716 322.507751 309.262787 262.593719 205.394196 160.404846 135.035110 322.929871 378.692566 398.654907 363.297485 289.138428 214.184753 161.451889 310.064484 397.135559 462.990723 462.485016 388.933777 290.113953 208.846771 265.586639 362.655884 461.210571 506.576050 461.210571 362.655884 265.586639 208.846771 290.113953 388.933777 462.485016 462.990723 397.135559 310.064484 161.451889 214.184753 289.138428 363.297485 398.654907 378.692566 322.929871 135.035110 160.404846 205.394196 262.593719 309.262787 322.507751 300.071716,
 216.795349 276.030334 345.546143 378.078186 351.986694 295.957520 247.238190 229.295654 304.167786 395.064941 437.924133 397.589844 317.305359 252.114624 242.869873 329.915863 438.977173 492.801208 439.647461 336.580109 255.429443 252.984314 342.934204 457.773712 516.797485 457.773712 342.934204 252.984314 255.429443 336.580109 439.647461 492.801208 438.977173 329.915863 242.869873 252.114624 317.305359 397.589844 437.924133 395.064941 304.167786 229.295654 247.238190 295.957520 351.986694 378.078186 345.546143 276.030334 216.795349,
 115.896889 133.315735 169.326675 218.711121 260.446106 270.131409 242.847870 132.740051 174.601288 242.143921 313.611267 348.834534 325.804871 264.188110 168.953888 241.474792 337.503113 412.715942 413.912537 344.004089 254.321747 216.589172 310.137207 410.626068 458.056183 410.626068 310.137207 216.589172 254.321747 344.004089 413.912537 412.715942 337.503113 241.474792 168.953888 264.188110 325.804871 348.834534 313.611267 242.143921 174.601288 132.740051 242.847870 270.131409 260.446106 218.711121 169.326675 133.315735 115.896889,
 103.030457 93.726204 81.850464 73.461548 67.939941 63.420860 60.902760 137.516602 142.855469 143.437622 134.190369 111.204437 81.846642 59.197884 164.172485 219.213272 270.700958 284.328369 241.264511 167.635971 103.263245 161.749664 253.135620 350.306030 395.445129 350.306030 253.135620 161.749664 103.263245 167.635971 241.264511 284.328369 270.700958 219.213272 164.172485 59.197884 81.846642 111.204437 134.190369 143.437622 142.855469 137.516602 60.902760 63.420860 67.939941 73.461548 81.850464 93.726204 103.030457,
 191.638245 209.136322 214.624847 197.600586 169.225067 143.200226 125.312744 242.240616 298.415100 336.401031 311.771576 240.721405 176.419922 142.187607 254.397064 350.196716 451.230072 460.278717 357.558746 239.673019 173.539215 220.125549 318.464172 460.625000 537.105835 460.625000 318.464172 220.125549 173.539215 239.673019 357.558746 460.278717 451.230072 350.196716 254.397064 142.187607 176.419922 240.721405 311.771576 336.401031 298.415100 242.240616 125.312744 143.200226 169.225067 197.600586 214.624847 209.136322 191.638245,
 204.051163 237.082077 285.655762 314.998474 270.446533 192.704300 136.736038 229.951019 291.502533 394.223267 452.104004 369.401489 237.276779 153.889374 235.542511 327.375183 487.483734 582.924927 468.498688 289.559448 183.618805 216.568237 326.540527 518.608521 639.725952 518.608521 326.540527 216.568237 183.618805 289.559448 468.498688 582.924927 487.483734 327.375183 235.542511 153.889374 237.276779 369.401489 452.104004 394.223267 291.502533 229.951019 136.736038 192.704300 270.446533 314.998474 285.655762 237.082077 204.051163,
 92.676193 82.540611 92.951439 133.413879 166.174652 145.447357 91.559845 110.072533 107.713516 150.439545 234.091278 264.777313 197.447769 114.182838 117.751053 146.889877 252.751938 373.577606 357.172729 227.864090 128.913742 126.416321 201.983963 353.699219 448.451477 353.699219 201.983963 126.416321 128.913742 227.864090 357.172729 373.577606 252.751938 146.889877 117.751053 114.182838 197.447769 264.777313 234.091278 150.439545 107.713516 110.072533 91.559845 145.447357 166.174652 133.413879 92.951439 82.540611 92.676193,
 12.068707 17.362974 23.083447 27.882246 28.902203 25.189466 18.809582 8.909321 14.257845 20.216885 24.232166 23.153580 17.041294 9.131720 19.704662 36.264656 53.745239 64.364632 61.852936 48.306740 31.497875 43.068001 68.421379 92.317924 102.638046 92.317924 68.421379 43.068001 31.497875 48.306740 61.852936 64.364632 53.745239 36.264656 19.704662 9.131720 17.041294 23.153580 24.232166 20.216885 14.257845 8.909321 18.809582 25.189466 28.902203 27.882246 23.083447 17.362974 12.068707,
 1.550865 0.613396 1.214075 1.219475 5.263677 6.746809 3.988518 14.425776 16.240694 24.222782 22.248219 15.747406 12.758326 7.913391 25.598846 31.854023 51.431454 56.597794 37.083546 24.230953 17.160290 25.972221 34.053452 57.109249 76.603561 57.109249 34.053452 25.972221 17.160290 24.230953 37.083546 56.597794 51.431454 31.854023 25.598846 7.913391 12.758326 15.747406 22.248219 24.222782 16.240694 14.425776 3.988518 6.746809 5.263677 1.219475 1.214075 0.613396 1.550865,
 19.690973 13.576239 15.086062 26.911516 34.207706 23.361635 6.867216 28.623123 22.291092 38.530148 63.733849 67.310303 46.774254 24.640869 37.267483 42.148205 79.556839 114.836159 101.831543 63.921970 39.010853 42.740200 61.324924 109.001099 141.046936 109.001099 61.324924 42.740200 39.010853 63.921970 101.831543 114.836159 79.556839 42.148205 37.267483 24.640869 46.774254 67.310303 63.733849 38.530148 22.291092 28.623123 6.867216 23.361635 34.207706 26.911516 15.086062 13.576239 19.690973,
 31.684835 18.488989 8.820019 17.081711 32.872967 38.672508 29.906153 31.387985 14.812157 25.373608 62.268723 88.853455 77.415771 45.332413 23.197212 27.737160 75.739258 133.469025 139.667267 89.025841 38.624695 24.777328 61.626072 132.193726 172.134705 132.193726 61.626072 24.777328 38.624695 89.025841 139.667267 133.469025 75.739258 27.737160 23.197212 45.332413 77.415771 88.853455 62.268723 25.373608 14.812157 31.387985 29.906153 38.672508 32.872967 17.081711 8.820019 18.488989 31.684835,

Pairwise cross-correlations of the modulus of all oriented sub-bands at the same scale (size QxQ)
 160.803986 113.121620 59.527607 107.129143,
 113.121620 179.552902 117.812485 67.181870,
 59.527607 117.812485 184.407715 115.469444,
 107.129143 67.181870 115.469444 173.713577,
 458.091888 375.622253 309.056061 355.798370,
 375.622253 506.576050 371.482635 313.122345,
 309.056061 371.482635 516.797485 377.797943,
 355.798370 313.122345 377.797943 458.056213,
 395.445129 360.230865 284.632477 291.131134,
 360.230865 537.105835 442.086487 328.295074,
 284.632477 442.086487 639.726013 384.038208,
 291.131134 328.295074 384.038208 448.451508,
 102.638054 52.101097 46.112289 73.531769,
 52.101097 76.603561 47.898491 40.008553,
 46.112289 47.898491 141.046936 114.473724,
 73.531769 40.008553 114.473724 172.134735,

Cross-correlations of the modulus of all oriented sub-bands with all oriented sub-bands at the coarser scale (size QxQ)
 231.000961 196.328995 151.939560 186.829056,
 200.413788 256.277618 209.118118 161.838043,
 143.886734 194.523590 264.059204 193.570084,
 194.545364 154.866852 207.437866 242.280090,
 330.063385 347.219482 327.018890 312.166016,
 302.557556 394.262543 338.253754 281.267731,
 276.291595 373.658905 433.740540 326.544006,
 293.421783 315.004059 350.401520 332.923981,
 91.720459 84.317978 96.768356 101.935356,
 124.468147 98.289246 139.771301 155.375107,
 110.515549 92.985687 134.017029 177.284164,
 82.495453 75.546410 117.545448 136.174316,

Cross-correlations of the real part of each oriented sub-band with both the real and imaginary part of all phase-doubled oriented sub-bands at the next coarser scale (Q matrices of size 1x2Q, which are computed and stored in a matrix of size Qx2Q)
 93.806442 47.142574 4.598022 42.916176 -2.138471 0.016896 0.555965 4.448137,
 43.057194 110.522507 51.808537 6.064459 -0.512682 3.446121 1.368850 0.977151,
 3.695066 49.876831 124.638847 50.064747 -0.785739 2.884242 0.026026 -1.369286,
 38.979404 4.733959 54.651314 101.127975 -2.545771 -0.192179 -0.600824 1.589293,
 -131.418243 -60.298248 -10.306782 -59.005302 -17.333714 -2.100711 1.654691 1.205207,
 -60.602676 -150.654251 -97.700859 -13.166837 -15.628036 30.896049 9.203706 -0.607251,
 -6.490782 -79.250839 -223.791641 -84.467949 0.309688 18.389309 11.944584 1.252982,
 -58.529976 -9.589663 -95.993820 -142.434723 2.649911 -2.945378 5.280613 5.404082,
 -71.049347 -24.596415 -6.173802 -48.634472 -37.141640 -39.731564 -1.352563 -11.476779,
 -24.214567 -62.675522 -23.546774 -6.734684 -30.174124 -78.381004 -19.331051 -0.527312,
 -4.438316 -33.491673 -57.339844 -38.598740 -1.368579 -32.068027 -37.073601 3.529202,
 -44.842743 -2.541689 -33.611584 -95.521996 -3.736962 -3.887585 -10.774445 -8.962856,
