Low-band skewness and kurtosis
 -2.212693 6.235844,
 -2.271009 6.980589,
 -1.721150 5.119413,
 -1.672781 5.891793,
 -1.611867 5.336089,

High-band variance
 144.044357,

Skewness, kurtosis, variance, mean, maximum and minimum of the reconstructed texture
 -2.197981 5.980056 6602.931641 222.307312 255.000000 0.000000,

Auto-correlations of the low-frequency bands at each scale
 2565.764893 3089.552734 3481.314697 3649.365967 3543.728760 3202.405273 2706.952393 3172.193604 3869.245850 4476.262695 4749.732910 4523.836914 3948.429932 3263.457275 3614.227783 4542.347656 5466.892578 5897.035156 5497.380859 4590.696289 3668.059326 3799.749023 4844.191406 5927.504883 6427.666016 5927.504883 4844.191406 3799.749023 3668.059326 4590.696289 5497.380859 5897.035156 5466.892578 4542.347656 3614.227783 3263.457275 3948.429932 4523.836914 4749.732910 4476.262695 3869.245850 3172.193604 2706.952393 3202.405273 3543.728760 3649.365967 3481.314697 3089.552734 2565.764893,
 995.017151 1018.911316 1239.102417 1476.259888 1493.993286 1375.250732 1291.767578 1157.276245 1507.330566 2250.552246 2733.493408 2418.991699 1738.589600 1355.445435 1450.394775 2415.284180 3991.320801 4850.499023 4064.619141 2517.501465 1547.828857 1640.371338 2929.971191 4924.874023 5959.450195 4924.874023 2929.971191 1640.371338 1547.828857 2517.501465 4064.619141 4850.499023 3991.320801 2415.284180 1450.394775 1355.445435 1738.589600 2418.991699 2733.493408 2250.552246 1507.330566 1157.276245 1291.767578 1375.250732 1493.993286 1476.259888 1239.102417 1018.911316 995.017151,
 872.491577 985.772278 1014.684692 1041.774292 1061.564331 1002.092957 745.886353 648.642944 702.312317 1030.419067 1385.883423 1241.160522 862.512512 645.052124 640.626648 944.494812 2106.088135 3001.664551 2335.237061 1169.602661 778.156189 812.095520 1353.039062 3030.023926 4127.240723 3030.023926 1353.039062 812.095520 778.156189 1169.602661 2335.237061 3001.664551 2106.088135 944.494812 640.626648 645.052124 862.512512 1241.160522 1385.883423 1030.419067 702.312317 648.642944 745.886353 1002.092957 1061.564331 1041.774292 1014.684692 985.772278 872.491577,
 90.236023 586.020447 892.819580 848.383301 615.427612 441.769226 398.280701 285.149292 612.600952 966.834961 1124.398682 848.050659 502.938965 456.519226 372.106415 564.126465 1266.676392 1795.433594 1313.292114 605.939209 540.755127 511.059998 648.301880 1590.633057 2269.671875 1590.633057 648.301880 511.059998 540.755127 605.939209 1313.292114 1795.433594 1266.676392 564.126465 372.106415 456.519226 502.938965 848.050659 1124.398682 966.834961 612.600952 285.149292 398.280701 441.769226 615.427612 848.383301 892.819580 586.020447 90.236023,
 -608.599548 -475.819031 -262.408203 -194.303345 -246.750015 -253.799515 -332.627136 -475.264099 -279.868042 194.454712 424.209686 261.337646 107.734787 -25.490097 -220.664246 48.554794 730.760559 1121.761963 805.272034 368.437256 135.016541 40.240631 338.739594 1015.062195 1441.474854 1015.062195 338.739594 40.240631 135.016541 368.437256 805.272034 1121.761963 730.760559 48.554794 -220.664246 -25.490097 107.734787 261.337646 424.209686 194.454712 -279.868042 -475.264099 -332.627136 -253.799515 -246.750015 -194.303345 -262.408203 -475.819031 -608.599548,

Auto-correlations of the modulus of each oriented sub-band
 56.183872 64.049614 71.744240 75.726730 74.240868 68.472420 61.480968 76.632927 88.874413 99.993149 104.793991 100.912750 90.474632 78.441978 96.216583 113.383575 128.617157 134.774902 128.628571 113.384216 96.113129 104.344498 124.035683 141.630493 148.834793 141.630493 124.035683 104.344498 96.113129 113.384216 128.628571 134.774902 128.617157 113.383575 96.216583 78.441978 90.474632 100.912750 104.793991 99.993149 88.874413 76.632927 61.480968 68.472420 74.240868 75.726730 71.744240 64.049614 56.183872,
 100.385895 105.150047 106.421051 102.684784 93.978134 81.709969 68.071915 104.491417 119.534317 129.815338 129.943756 119.119812 100.936874 80.489510 105.111412 129.305283 148.828918 153.996002 141.806702 118.438850 92.191292 100.929703 129.127335 153.772430 164.132278 153.772430 129.127335 100.929703 92.191292 118.438850 141.806702 153.996002 148.828918 129.305283 105.111412 80.489510 100.936874 119.119812 129.943756 129.815338 119.534317 104.491417 68.071915 81.709969 93.978134 102.684784 106.421051 105.150047 100.385895,
 66.982536 88.217155 108.456627 117.404358 109.515907 90.580956 70.588936 74.699936 100.162262 124.966232 136.053375 125.730087 101.979034 77.547684 82.182755 111.219070 140.034134 153.162842 140.384598 112.145248 83.706985 85.742912 115.998917 146.284378 160.260345 146.284378 115.998917 85.742912 83.706985 112.145248 140.384598 153.162842 140.034134 111.219070 82.182755 77.547684 101.979034 125.730087 136.053375 124.966232 100.162262 74.699936 70.588936 90.580956 109.515907 117.404358 108.456627 88.217155 66.982536,
 63.666401 76.080994 87.854370 97.057999 101.778656 101.362701 96.986206 76.418358 95.340988 112.777969 123.811050 124.492905 115.311386 101.324196 88.625290 113.275887 135.632843 147.592926 143.026337 124.812141 102.110031 97.791779 124.392548 147.769394 157.616257 147.769394 124.392548 97.791779 102.110031 124.812141 143.026337 147.592926 135.632843 113.275887 88.625290 101.324196 115.311386 124.492905 123.811050 112.777969 95.340988 76.418358 96.986206 101.362701 101.778656 97.057999 87.854370 76.080994 63.666401,
 141.323837 152.493744 160.538422 165.165680 165.838196 162.529175 155.908432 198.439407 226.194611 246.372849 254.794647 249.937820 234.464203 212.878799 262.102448 310.802124 348.835236 363.842072 350.275360 315.162537 270.804169 293.927521 351.864136 399.178772 418.269104 399.178772 351.864136 293.927521 270.804169 315.162537 350.275360 363.842072 348.835236 310.802124 262.102448 212.878799 234.464203 249.937820 254.794647 246.372849 226.194611 198.439407 155.908432 162.529175 165.838196 165.165680 160.538422 152.493744 141.323837,
 245.473053 272.958649 265.410706 230.135574 187.029938 153.650970 135.448151 259.332153 321.217072 342.399780 312.142090 250.269409 189.065735 148.141098 243.087387 333.720001 398.306213 396.630859 330.144226 242.229095 171.675705 207.251541 300.321075 393.729919 435.625702 393.729919 300.321075 207.251541 171.675705 242.229095 330.144226 396.630859 398.306213 333.720001 243.087387 148.141098 189.065735 250.269409 312.142090 342.399780 321.217072 259.332153 135.448151 153.650970 187.029938 230.135574 265.410706 272.958649 245.473053,
 168.457825 241.855576 325.545319 366.918579 336.145660 265.677429 201.680206 182.509476 271.518768 373.813721 424.050537 380.880188 287.352448 204.631210 194.303513 295.029480 412.568176 470.765289 416.304565 303.067566 205.289993 202.211334 306.667664 429.189026 489.731201 429.189026 306.667664 202.211334 205.289993 303.067566 416.304565 470.765289 412.568176 295.029480 194.303513 204.631210 287.352448 380.880188 424.050537 373.813721 271.518768 182.509476 201.680206 265.677429 336.145660 366.918579 325.545319 241.855576 168.457825,
 119.408783 150.447617 196.055466 247.484192 285.828674 291.767700 261.127747 142.045792 194.018616 263.778381 331.038879 362.410828 339.765381 278.394714 179.526642 256.393005 348.150116 416.710083 418.009735 353.807861 265.647736 226.382111 320.072296 413.324158 455.711365 413.324158 320.072296 226.382111 265.647736 353.807861 418.009735 416.710083 348.150116 256.393005 179.526642 278.394714 339.765381 362.410828 331.038879 263.778381 194.018616 142.045792 261.127747 291.767700 285.828674 247.484192 196.055466 150.447617 119.408783,
 55.695541 65.601936 76.990234 82.766586 81.647202 76.537071 67.512497 87.056992 115.178345 145.857697 157.186401 142.177612 113.824585 87.123459 146.444016 211.540451 280.439178 309.487762 278.120087 212.165512 149.983414 184.185699 271.485596 364.043762 406.170898 364.043762 271.485596 184.185699 149.983414 212.165512 278.120087 309.487762 280.439178 211.540451 146.444016 87.123459 113.824585 142.177612 157.186401 145.857697 115.178345 87.056992 67.512497 76.537071 81.647202 82.766586 76.990234 65.601936 55.695541,
 111.031151 152.708221 170.590546 145.865356 103.234772 76.984772 70.062569 127.606079 202.949707 263.997559 248.569595 176.557251 116.516510 93.686401 129.777649 232.287201 355.749481 380.762817 281.423004 166.312042 112.047249 122.409248 215.591537 367.608612 451.284912 367.608612 215.591537 122.409248 112.047249 166.312042 281.423004 380.762817 355.749481 232.287201 129.777649 93.686401 116.516510 176.557251 248.569595 263.997559 202.949707 127.606079 70.062569 76.984772 103.234772 145.865356 170.590546 152.708221 111.031151,
 172.405884 205.815536 237.029785 249.073792 223.675537 177.759354 146.089233 179.355270 236.905777 313.617432 349.441345 295.181274 205.302231 150.841507 176.061996 255.182907 382.106140 450.974091 368.940186 235.035629 157.687119 167.134308 254.544052 406.214539 496.937714 406.214539 254.544052 167.134308 157.687119 235.035629 368.940186 450.974091 382.106140 255.182907 176.061996 150.841507 205.302231 295.181274 349.441345 313.617432 236.905777 179.355270 146.089233 177.759354 223.675537 249.073792 237.029785 205.815536 172.405884,
 41.364891 49.881802 73.101974 111.399078 147.680481 151.984879 123.787041 57.658279 82.060356 128.866119 193.570984 226.532623 193.784668 132.829391 85.856949 135.213364 225.683243 315.669006 313.409180 223.545731 135.447769 117.492439 199.373871 318.927155 385.542145 318.927155 199.373871 117.492439 135.447769 223.545731 313.409180 315.669006 225.683243 135.213364 85.856949 132.829391 193.784668 226.532623 193.570984 128.866119 82.060356 57.658279 123.787041 151.984879 147.680481 111.399078 73.101974 49.881802 41.364891,
 22.109625 34.029106 44.251354 53.026344 58.319798 56.720055 46.985909 39.199047 60.373291 82.661591 98.233879 99.648743 86.178162 63.756687 61.963341 106.149323 150.861954 175.091293 164.440353 126.294891 80.285866 84.833229 144.565308 201.254654 225.805099 201.254654 144.565308 84.833229 80.285866 126.294891 164.440353 175.091293 150.861954 106.149323 61.963341 63.756687 86.178162 99.648743 98.233879 82.661591 60.373291 39.199047 46.985909 56.720055 58.319798 53.026344 44.251354 34.029106 22.109625,
 28.943974 42.124001 38.054729 19.074530 0.410999 -10.117029 -11.034828 39.343163 69.313225 82.136597 62.872414 33.381855 13.687172 2.418175 43.628899 86.681656 127.948509 125.299873 82.300301 43.080051 18.692636 35.216412 74.470612 129.720901 161.284180 129.720901 74.470612 35.216412 18.692636 43.080051 82.300301 125.299873 127.948509 86.681656 43.628899 2.418175 13.687172 33.381855 62.872414 82.136597 69.313225 39.343163 -11.034828 -10.117029 0.410999 19.074530 38.054729 42.124001 28.943974,
 8.587675 17.575157 30.593868 31.914154 24.857861 19.923134 14.255840 18.594971 32.895370 56.126534 65.459503 48.067162 32.474487 23.023922 24.561413 43.318890 77.301247 99.007401 71.516808 42.346943 27.181950 27.247995 46.468357 83.750916 114.096893 83.750916 46.468357 27.247995 27.181950 42.346943 71.516808 99.007401 77.301247 43.318890 24.561413 23.023922 32.474487 48.067162 65.459503 56.126534 32.895370 18.594971 14.255840 19.923134 24.857861 31.914154 30.593868 17.575157 8.587675,
 10.935762 16.670704 20.339699 24.455240 29.216095 27.356956 17.596285 22.140156 29.554699 35.070389 46.372734 53.844040 45.114651 29.591267 33.144295 49.648319 69.765282 93.906570 92.776497 67.836807 43.804710 45.053909 70.623062 103.755379 124.671890 103.755379 70.623062 45.053909 43.804710 67.836807 92.776497 93.906570 69.765282 49.648319 33.144295 29.591267 45.114651 53.844040 46.372734 35.070389 29.554699 22.140156 17.596285 27.356956 29.216095 24.455240 20.339699 16.670704 10.935762,

Pairwise cross-correlations of the modulus of all oriented sub-bands at the same scale (size QxQ)
 148.834793 104.667038 57.741989 101.591156,
 104.667038 164.132309 109.319717 69.113556,
 57.741989 109.319717 160.260345 108.135849,
 101.591156 69.113556 108.135849 157.616287,
 418.269135 338.774689 324.795074 348.081940,
 338.774689 435.625732 368.685852 307.328308,
 324.795074 368.685852 489.731262 388.999146,
 348.081940 307.328308 388.999146 455.711426,
 406.170959 327.775787 254.287506 285.872864,
 327.775787 451.284943 360.657532 269.720703,
 254.287506 360.657532 496.937805 302.142303,
 285.872864 269.720703 302.142303 385.542175,
 225.805115 115.050323 73.569458 124.429230,
 115.050323 161.284180 82.577515 63.872570,
 73.569458 82.577515 114.096893 58.570332,
 124.429230 63.872570 58.570332 124.671906,

Cross-correlations of the modulus of all oriented sub-bands with all oriented sub-bands at the coarser scale (size QxQ)
 215.441849 176.711609 156.744553 180.340714,
 188.674408 235.249710 207.887711 163.194412,
 145.698578 186.166443 242.304016 191.858734,
 186.299805 148.882080 207.027588 231.323257,
 314.636169 302.741608 291.551361 278.166992,
 284.426331 342.051697 336.721100 255.666901,
 264.801971 320.110870 368.565338 297.316406,
 288.901642 280.750702 334.571411 301.751038,
 124.558540 112.792152 104.028351 101.349754,
 119.861221 124.158997 117.333214 96.974396,
 123.077972 103.058441 146.620407 96.151703,
 107.288353 78.312637 91.310806 107.704681,

Cross-correlations of the real part of each oriented sub-band with both the real and imaginary part of all phase-doubled oriented sub-bands at the next coarser scale (Q matrices of size 1x2Q, which are computed and stored in a matrix of size Qx2Q)
 90.598930 42.208549 2.713605 34.757629 0.572370 0.266284 -0.435379 -1.987589,
 42.119133 91.965378 42.083317 3.194511 -0.849132 -0.702669 1.902665 -1.316147,
 3.391767 40.981388 97.582787 42.032967 -0.509038 1.300923 1.477618 -5.104823,
 36.744461 4.240399 42.044060 88.491638 -0.270431 0.730111 -1.966783 -6.107856,
 -155.323715 -80.168846 -4.551114 -56.494839 -23.448814 -0.423798 1.130049 -5.181419,
 -80.136002 -169.625458 -65.926872 -7.136700 -13.888962 26.032951 6.165359 -1.329938,
 -8.924011 -74.259064 -134.454056 -51.155025 -0.155280 17.612333 -16.336199 -19.979374,
 -59.807529 -6.325965 -49.173485 -123.178947 -3.454795 -1.573062 -15.913736 -27.447367,
 -76.519753 -66.222107 -3.221567 -11.042646 -45.107388 -9.668640 0.403764 0.016478,
 -51.975796 -100.686790 4.315178 -0.490891 -3.962070 -23.935049 -4.589807 1.480038,
 -5.025573 -14.141743 -0.202484 -20.880350 2.071241 -12.984691 -12.384325 -8.224753,
 -23.411770 0.082124 -14.420656 -33.965958 -27.192781 -2.952116 -3.665922 -21.276829,
