Low-band skewness and kurtosis
 -2.086724 5.694343,
 -2.156109 6.464044,
 -1.549283 4.485616,
 -1.166852 3.472565,
 -1.149294 3.196302,

High-band variance
 161.453445,

Skewness, kurtosis, variance, mean, maximum and minimum of the reconstructed texture
 -2.074561 5.450541 6989.476562 219.821960 255.000000 0.000000,

Auto-correlations of the low-frequency bands at each scale
 2430.897949 3085.075928 3584.895264 3798.959473 3663.224854 3243.931885 2652.586426 3061.239746 3905.075684 4645.378906 4984.416992 4720.847656 4028.087891 3195.963867 3522.599121 4619.097656 5710.220215 6221.924805 5761.345215 4688.568359 3577.134766 3706.559082 4942.850586 6212.072266 6793.291992 6212.072266 4942.850586 3706.559082 3577.134766 4688.568359 5761.345215 6221.924805 5710.220215 4619.097656 3522.599121 3195.963867 4028.087891 4720.847656 4984.416992 4645.378906 3905.075684 3061.239746 2652.586426 3243.931885 3663.224854 3798.959473 3584.895264 3085.075928 2430.897949,
 981.602783 941.669312 1218.328979 1461.161987 1389.596802 1150.373169 1016.167480 935.331055 1287.142944 2235.943604 2833.208740 2422.474365 1548.628052 1072.791016 1123.856079 2148.154785 4042.246582 5085.321289 4155.906738 2321.782715 1249.453979 1313.632935 2697.890137 5040.364258 6264.788086 5040.364258 2697.890137 1313.632935 1249.453979 2321.782715 4155.906738 5085.321289 4042.246582 2148.154785 1123.856079 1072.791016 1548.628052 2422.474365 2833.208740 2235.943604 1287.142944 935.331055 1016.167480 1150.373169 1389.596802 1461.161987 1218.328979 941.669312 981.602783,
 1235.247314 1078.855713 959.737061 1044.795166 1094.765869 1181.540283 1284.325684 1382.718140 985.995911 984.156067 1277.203369 1079.612305 857.027039 1024.787231 1338.724487 1173.241333 2079.269043 2959.092285 2138.087891 988.477417 895.185181 1087.489258 1298.899536 2941.142090 4165.338867 2941.142090 1298.899536 1087.489258 895.185181 988.477417 2138.087891 2959.092285 2079.269043 1173.241333 1338.724487 1024.787231 857.027039 1079.612305 1277.203369 984.156067 985.995911 1382.718140 1284.325684 1181.540283 1094.765869 1044.795166 959.737061 1078.855713 1235.247314,
 550.452209 719.266479 690.641907 743.560547 922.149841 925.869141 592.033630 721.273071 932.203308 1010.314819 1072.593262 1068.093140 923.004456 640.401855 734.558228 1038.146484 1487.334839 1732.065308 1421.448853 917.831970 623.511353 666.955811 1016.099609 1721.476196 2146.146484 1721.476196 1016.099609 666.955811 623.511353 917.831970 1421.448853 1732.065308 1487.334839 1038.146484 734.558228 640.401855 923.004456 1068.093140 1072.593262 1010.314819 932.203308 721.273071 592.033630 925.869141 922.149841 743.560547 690.641907 719.266479 550.452209,
 -761.672485 -378.065247 36.634552 236.829407 80.113190 -344.668030 -752.239136 -546.487244 -79.672249 424.636108 670.518066 505.638367 39.099960 -449.851257 -328.723907 269.362854 937.787476 1251.595947 998.570679 390.309143 -210.470428 -185.860657 478.662933 1209.717529 1542.178101 1209.717529 478.662933 -185.860657 -210.470428 390.309143 998.570679 1251.595947 937.787476 269.362854 -328.723907 -449.851257 39.099960 505.638367 670.518066 424.636108 -79.672249 -546.487244 -752.239136 -344.668030 80.113190 236.829407 36.634552 -378.065247 -761.672485,

Auto-correlations of the modulus of each oriented sub-band
 74.616722 80.355370 85.950645 88.093811 85.156624 78.539589 71.527077 95.787659 106.279190 115.774803 119.122742 114.043221 102.977646 91.246399 115.387253 131.530273 146.171616 151.656830 144.554153 128.628235 111.675400 122.233658 141.471313 159.478851 167.043182 159.478851 141.471313 122.233658 111.675400 128.628235 144.554153 151.656830 146.171616 131.530273 115.387253 91.246399 102.977646 114.043221 119.122742 115.774803 106.279190 95.787659 71.527077 78.539589 85.156624 88.093811 85.950645 80.355370 74.616722,
 115.243042 119.126770 120.020515 116.131332 107.467491 95.593018 82.506897 120.870964 135.141388 145.325058 145.570953 134.786423 116.872704 97.012825 123.021423 146.940948 166.754517 172.233185 159.881958 136.220093 110.147980 119.458328 147.736115 172.959641 183.629974 172.959641 147.736115 119.458328 110.147980 136.220093 159.881958 172.233185 166.754517 146.940948 123.021423 97.012825 116.872704 134.786423 145.570953 145.325058 135.141388 120.870964 82.506897 95.593018 107.467491 116.131332 120.020515 119.126770 115.243042,
 73.515633 93.736298 113.628822 122.345520 113.874992 94.777252 75.295860 80.087891 105.071640 130.591934 142.337296 131.423569 107.047302 82.944366 87.487831 116.424210 146.654877 161.024780 147.394440 117.948624 89.540688 91.458481 121.785629 153.638748 168.863220 153.638748 121.785629 91.458481 89.540688 117.948624 147.394440 161.024780 146.654877 116.424210 87.487831 82.944366 107.047302 131.423569 142.337296 130.591934 105.071640 80.087891 75.295860 94.777252 113.874992 122.345520 113.628822 93.736298 73.515633,
 67.967834 80.283340 92.796021 102.761246 107.715775 106.834518 101.445221 79.275085 99.634796 119.440712 132.240189 132.955338 122.075500 105.758728 91.329979 118.757149 144.726257 158.866913 153.538330 132.206970 106.170021 101.145607 131.260818 158.573380 170.167633 158.573380 131.260818 101.145607 106.170021 132.206970 153.538330 158.866913 144.726257 118.757149 91.329979 105.758728 122.075500 132.955338 132.240189 119.440712 99.634796 79.275085 101.445221 106.834518 107.715775 102.761246 92.796021 80.283340 67.967834,
 254.374237 256.659729 256.229675 252.590622 245.095871 234.301834 221.894135 314.503876 334.851929 349.336945 351.948792 339.348053 315.709351 288.669403 381.858429 426.699738 463.341339 476.480225 457.517914 416.402252 369.440521 410.270721 467.792603 517.727783 538.845764 517.727783 467.792603 410.270721 369.440521 416.402252 457.517914 476.480225 463.341339 426.699738 381.858429 288.669403 315.709351 339.348053 351.948792 349.336945 334.851929 314.503876 221.894135 234.301834 245.095871 252.590622 256.229675 256.659729 254.374237,
 308.955780 329.203003 318.953979 278.445251 226.737686 183.059860 158.435638 339.244263 390.304260 407.769867 373.584106 304.520355 234.053299 184.515945 330.271362 413.843445 476.758789 473.826447 401.541626 306.488464 229.459961 285.477478 378.985504 475.579987 520.338867 475.579987 378.985504 285.477478 229.459961 306.488464 401.541626 473.826447 476.758789 413.843445 330.271362 184.515945 234.053299 304.520355 373.584106 407.769867 390.304260 339.244263 158.435638 183.059860 226.737686 278.445251 318.953979 329.203003 308.955780,
 218.115982 278.607422 345.741608 371.644135 329.553253 251.726639 187.648819 222.672546 301.193451 392.885376 432.354340 378.638733 278.128693 197.356018 222.402359 316.033447 430.383575 484.313568 421.474640 302.312500 207.856857 217.026688 316.859833 442.267700 506.057190 442.267700 316.859833 217.026688 207.856857 302.312500 421.474640 484.313568 430.383575 316.033447 222.402359 197.356018 278.128693 378.638733 432.354340 392.885376 301.193451 222.672546 187.648819 251.726639 329.553253 371.644135 345.741608 278.607422 218.115982,
 154.821976 171.094849 202.038605 243.297745 278.051727 285.735077 260.912048 178.469421 213.003845 269.495667 330.957520 363.387390 344.674500 289.036072 212.392410 274.363037 359.035492 427.991943 431.765778 368.538818 285.839539 253.685562 338.353912 430.755493 474.937805 430.755493 338.353912 253.685562 285.839539 368.538818 431.765778 427.991943 359.035492 274.363037 212.392410 289.036072 344.674500 363.387390 330.957520 269.495667 213.003845 178.469421 260.912048 285.735077 278.051727 243.297745 202.038605 171.094849 154.821976,
 171.731171 175.395599 180.558258 185.082825 188.165863 191.720978 194.408997 198.219589 219.954010 240.223236 250.637924 246.065277 232.915375 219.822403 257.966980 322.326843 384.651367 411.359192 382.741272 321.238586 262.985657 292.122864 380.705658 473.413910 516.205688 473.413910 380.705658 292.122864 262.985657 321.238586 382.741272 411.359192 384.651367 322.326843 257.966980 219.822403 232.915375 246.065277 250.637924 240.223236 219.954010 198.219589 194.408997 191.720978 188.165863 185.082825 180.558258 175.395599 171.731171,
 208.404861 250.798523 253.036453 215.533844 182.463547 175.561157 182.906357 241.360153 314.024170 357.607483 313.956390 234.308777 190.227417 183.549057 249.479980 346.979675 456.221741 457.248535 343.194031 239.856873 195.435883 225.320984 311.077087 451.470886 535.265747 451.470886 311.077087 225.320984 195.435883 239.856873 343.194031 457.248535 456.221741 346.979675 249.479980 183.549057 190.227417 234.308777 313.956390 357.607483 314.024170 241.360153 182.906357 175.561157 182.463547 215.533844 253.036453 250.798523 208.404861,
 184.412674 213.646576 269.592224 287.346130 241.139038 193.581696 181.011032 190.489075 229.797791 320.478302 369.777130 305.700897 222.368164 194.046814 198.360153 250.237366 377.058716 458.291748 373.377258 251.607788 204.301773 204.985809 261.971710 403.067596 498.895691 403.067596 261.971710 204.985809 204.301773 251.607788 373.377258 458.291748 377.058716 250.237366 198.360153 194.046814 222.368164 305.700897 369.777130 320.478302 229.797791 190.489075 181.011032 193.581696 241.139038 287.346130 269.592224 213.646576 184.412674,
 117.557587 132.077057 153.171021 179.098083 192.826355 182.723389 158.879303 113.376045 142.717407 195.365524 259.892548 290.418396 254.114685 190.377991 128.006592 185.742645 285.765625 385.989685 386.887207 287.531891 189.421417 159.856110 250.187729 382.708557 457.867188 382.708557 250.187729 159.856110 189.421417 287.531891 386.887207 385.989685 285.765625 185.742645 128.006592 190.377991 254.114685 290.418396 259.892548 195.365524 142.717407 113.376045 158.879303 182.723389 192.826355 179.098083 153.171021 132.077057 117.557587,
 25.436996 27.634790 25.863411 25.170294 27.437027 29.176695 24.338661 34.755516 36.136002 34.592346 33.945587 34.635368 34.229362 30.811935 36.724525 45.881210 57.939278 63.571442 55.721611 40.182404 27.727791 35.395687 53.818291 79.596497 93.131516 79.596497 53.818291 35.395687 27.727791 40.182404 55.721611 63.571442 57.939278 45.881210 36.724525 30.811935 34.229362 34.635368 33.945587 34.592346 36.136002 34.755516 24.338661 29.176695 27.437027 25.170294 25.863411 27.634790 25.436996,
 6.608632 14.814766 22.863575 29.506983 32.357716 30.441338 27.265678 18.921608 36.182758 47.704937 49.553051 44.794529 37.121243 28.734673 29.356071 55.557026 79.834801 83.784576 67.150398 47.266933 31.483303 33.555462 57.745930 88.179443 104.488358 88.179443 57.745930 33.555462 31.483303 47.266933 67.150398 83.784576 79.834801 55.557026 29.356071 28.734673 37.121243 44.794529 49.553051 47.704937 36.182758 18.921608 27.265678 30.441338 32.357716 29.506983 22.863575 14.814766 6.608632,
 0.097140 3.849131 19.803978 40.829762 51.354004 33.822205 2.622100 -1.809026 5.092287 33.452095 61.392639 63.033012 34.643852 -1.097369 -4.436556 10.600315 53.986000 88.889236 72.750893 29.851368 -4.675196 -5.976877 20.177906 70.744156 103.220680 70.744156 20.177906 -5.976877 -4.675196 29.851368 72.750893 88.889236 53.986000 10.600315 -4.436556 -1.097369 34.643852 63.033012 61.392639 33.452095 5.092287 -1.809026 2.622100 33.822205 51.354004 40.829762 19.803978 3.849131 0.097140,
 12.956425 14.925201 35.957493 66.182518 81.237091 66.548836 28.480228 14.115297 26.159195 62.615944 101.159027 108.516685 76.653519 27.567904 16.411251 45.391010 98.615570 140.383392 130.797607 78.937729 24.946163 20.715296 66.921799 128.540619 160.080292 128.540619 66.921799 20.715296 24.946163 78.937729 130.797607 140.383392 98.615570 45.391010 16.411251 27.567904 76.653519 108.516685 101.159027 62.615944 26.159195 14.115297 28.480228 66.548836 81.237091 66.182518 35.957493 14.925201 12.956425,

Pairwise cross-correlations of the modulus of all oriented sub-bands at the same scale (size QxQ)
 167.043198 117.297157 64.746284 111.059128,
 117.297157 183.629974 116.380157 74.217285,
 64.746284 116.380157 168.863251 117.287529,
 111.059128 74.217285 117.287529 170.167664,
 538.845825 412.796387 373.478058 398.107605,
 412.796387 520.338867 396.922272 326.251495,
 373.478058 396.922272 506.057251 392.627686,
 398.107605 326.251495 392.627686 474.937866,
 516.205750 415.990295 330.461365 328.401733,
 415.990295 535.265808 377.102173 274.044128,
 330.461365 377.102173 498.895691 361.479614,
 328.401733 274.044128 361.479614 457.867188,
 93.131516 61.134617 41.705772 70.687027,
 61.134617 104.488365 49.423004 49.284966,
 41.705772 49.423004 103.220688 100.025803,
 70.687027 49.284966 100.025803 160.080292,

Cross-correlations of the modulus of all oriented sub-bands with all oriented sub-bands at the coarser scale (size QxQ)
 255.785248 201.958374 165.341553 191.085831,
 223.825836 269.281830 213.520035 168.578079,
 169.701843 203.074600 248.055313 196.655807,
 217.114838 167.532761 214.367020 239.271683,
 396.251678 350.185822 325.958984 308.676971,
 356.801392 390.432343 364.782196 283.643066,
 321.081329 325.959686 365.307251 288.944824,
 337.150208 270.343353 308.755280 322.868927,
 109.733559 121.081116 96.182693 121.104736,
 104.009926 119.794769 96.462555 112.542175,
 98.589798 103.370880 93.662369 127.462944,
 90.443344 97.216499 100.521599 151.808960,

Cross-correlations of the real part of each oriented sub-band with both the real and imaginary part of all phase-doubled oriented sub-bands at the next coarser scale (Q matrices of size 1x2Q, which are computed and stored in a matrix of size Qx2Q)
 105.316284 46.972538 4.970313 44.635052 -2.584501 -0.872237 -0.593785 -2.314511,
 46.095505 108.003197 48.349400 4.344677 -0.708446 0.234693 1.547678 -0.458437,
 3.885520 47.081970 106.512421 46.279579 0.455880 1.652637 2.013690 -2.887756,
 45.372540 3.991755 46.433914 102.861183 -1.152989 0.368137 -1.338135 -4.873356,
 -137.119354 -56.711784 -7.688185 -68.629524 -51.996136 -6.840487 1.024376 -7.015169,
 -54.721973 -131.208710 -66.378845 -6.213311 -26.717293 13.239742 6.751324 2.217575,
 -5.595429 -66.045158 -126.694359 -61.324780 2.899295 5.211775 13.621285 -3.036296,
 -62.847912 -8.702154 -50.710720 -147.130737 -8.106870 -5.476841 5.762738 -16.361481,
 -70.794914 -49.968884 -3.854796 -18.589508 -27.700415 -18.039473 5.913843 4.260788,
 -56.948902 -54.322601 -18.775379 -2.318898 -27.653139 -16.242458 13.316181 1.656627,
 -6.212547 -15.592585 -75.708984 -34.900330 -2.419568 -1.586364 48.042625 20.568829,
 -16.899454 -8.164745 -50.561974 -60.167381 2.134992 -3.017674 37.483120 27.079170,
