Low-band skewness and kurtosis
 -2.072595 5.645299,
 -2.154264 6.502710,
 -1.446946 4.133423,
 -1.237816 4.122371,
 -1.308706 4.145547,

High-band variance
 165.171631,

Skewness, kurtosis, variance, mean, maximum and minimum of the reconstructed texture
 -2.057999 5.385858 7021.894531 219.503784 255.000000 0.000000,

Auto-correlations of the low-frequency bands at each scale
 2463.530029 3031.816895 3422.868652 3531.925781 3323.315918 2867.164551 2268.260986 3107.362061 3908.710205 4583.482910 4841.386719 4510.349121 3787.840576 2962.278076 3585.158936 4669.839844 5732.626953 6196.388672 5688.155273 4596.787109 3498.559814 3738.303223 4967.838867 6237.617188 6821.339844 6237.617188 4967.838867 3738.303223 3498.559814 4596.787109 5688.155273 6196.388672 5732.626953 4669.839844 3585.158936 2962.278076 3787.840576 4510.349121 4841.386719 4583.482910 3908.710205 3107.362061 2268.260986 2867.164551 3323.315918 3531.925781 3422.868652 3031.816895 2463.530029,
 1010.124695 924.220947 901.521606 798.038940 594.124146 565.841187 794.749207 1052.466064 1380.233643 2105.345215 2422.293701 1864.342285 1102.780518 882.132324 1187.205200 2249.156494 4056.307861 4963.109375 3937.298096 2111.413330 1092.515259 1248.506592 2696.340820 5050.687012 6276.907227 5050.687012 2696.340820 1248.506592 1092.515259 2111.413330 3937.298096 4963.109375 4056.307861 2249.156494 1187.205200 882.132324 1102.780518 1864.342285 2422.293701 2105.345215 1380.233643 1052.466064 794.749207 565.841187 594.124146 798.038940 901.521606 924.220947 1010.124695,
 569.519043 723.843567 605.305176 460.640259 496.346649 647.525818 694.820923 801.161011 807.938110 768.356323 714.147461 522.720825 495.386139 660.806641 769.225586 1035.696045 1999.965454 2628.761719 1826.274292 836.242554 700.163818 714.983154 1207.841553 2884.785156 4026.097656 2884.785156 1207.841553 714.983154 700.163818 836.242554 1826.274292 2628.761719 1999.965454 1035.696045 769.225586 660.806641 495.386139 522.720825 714.147461 768.356323 807.938110 801.161011 694.820923 647.525818 496.346649 460.640259 605.305176 723.843567 569.519043,
 -16.751923 -59.812698 51.416794 329.790405 430.580994 339.505188 369.455353 383.696869 227.011429 345.844025 591.217529 535.299683 422.231384 628.045471 605.586609 580.908142 1038.367798 1411.679932 1022.254822 557.862488 700.404846 670.673523 719.373169 1450.874023 1992.928467 1450.874023 719.373169 670.673523 700.404846 557.862488 1022.254822 1411.679932 1038.367798 580.908142 605.586609 628.045471 422.231384 535.299683 591.217529 345.844025 227.011429 383.696869 369.455353 339.505188 430.580994 329.790405 51.416794 -59.812698 -16.751923,
 -442.201019 -488.049622 -525.116516 -490.877502 -413.864960 -378.881470 -418.744476 -165.059311 -221.868881 -178.480560 -30.649643 92.266541 108.960220 3.922165 189.181946 241.639771 459.968903 702.704529 738.826904 610.561707 411.949219 486.148438 678.877869 954.290466 1113.380249 954.290466 678.877869 486.148438 411.949219 610.561707 738.826904 702.704529 459.968903 241.639771 189.181946 3.922165 108.960220 92.266541 -30.649643 -178.480560 -221.868881 -165.059311 -418.744476 -378.881470 -413.864960 -490.877502 -525.116516 -488.049622 -442.201019,

Auto-correlations of the modulus of each oriented sub-band
 62.413139 69.443771 75.886391 77.858055 73.913200 66.280533 58.999641 85.356911 97.227852 107.934631 111.775146 106.429962 94.850883 82.875053 107.788506 124.833832 140.263382 146.290909 139.479446 123.618240 106.510353 117.188805 136.740173 154.731232 162.201050 154.731232 136.740173 117.188805 106.510353 123.618240 139.479446 146.290909 140.263382 124.833832 107.788506 82.875053 94.850883 106.429962 111.775146 107.934631 97.227852 85.356911 58.999641 66.280533 73.913200 77.858055 75.886391 69.443771 62.413139,
 101.301865 106.304825 105.896767 98.547852 85.586266 70.140305 55.459675 105.659134 122.281815 132.854538 130.792755 115.790924 93.433914 70.536636 105.144775 132.183029 154.035156 159.057663 143.531769 115.639938 85.878845 98.302017 130.154648 158.674759 170.879196 158.674759 130.154648 98.302017 85.878845 115.639938 143.531769 159.057663 154.035156 132.183029 105.144775 70.536636 93.433914 115.790924 130.792755 132.854538 122.281815 105.659134 55.459675 70.140305 85.586266 98.547852 105.896767 106.304825 101.301865,
 75.723381 99.367935 121.237999 130.023315 119.492226 96.369125 72.490334 84.675911 113.761208 141.256668 152.865356 140.013168 111.717674 82.711052 93.099899 126.842461 159.302582 173.643097 158.693207 125.880318 92.270554 96.380676 131.917450 166.483292 182.182465 166.483292 131.917450 96.380676 92.270554 125.880318 158.693207 173.643097 159.302582 126.842461 93.099899 82.711052 111.717674 140.013168 152.865356 141.256668 113.761208 84.675911 72.490334 96.369125 119.492226 130.023315 121.237999 99.367935 75.723381,
 62.381912 76.416992 90.841751 103.137184 110.517731 111.630493 107.689346 76.783554 99.460808 121.176361 135.576721 137.480988 127.359215 111.493652 91.574600 121.382828 148.922958 163.948303 158.850143 137.273972 110.576660 103.704628 135.546875 163.851776 175.814728 163.851776 135.546875 103.704628 110.576660 137.273972 158.850143 163.948303 148.922958 121.382828 91.574600 111.493652 127.359215 137.480988 135.576721 121.176361 99.460808 76.783554 107.689346 111.630493 110.517731 103.137184 90.841751 76.416992 62.381912,
 145.762466 157.501160 166.302826 170.338501 167.819214 158.870911 145.350052 221.425583 253.130951 277.408844 287.282776 278.439789 254.339478 222.285568 307.797607 365.573914 411.917542 430.518921 412.122009 366.148499 308.957642 348.995453 419.853485 478.390839 502.427856 478.390839 419.853485 348.995453 308.957642 366.148499 412.122009 430.518921 411.917542 365.573914 307.797607 222.285568 254.339478 278.439789 287.282776 277.408844 253.130951 221.425583 145.350052 158.870911 167.819214 170.338501 166.302826 157.501160 145.762466,
 256.753540 286.752289 277.456329 228.997498 166.496918 117.134735 91.424118 292.315430 353.581360 374.805634 334.673798 252.394928 170.679672 117.194672 287.694946 382.206024 450.827576 446.546722 364.702209 256.587860 170.162674 237.704681 343.441315 450.067078 498.419006 450.067078 343.441315 237.704681 170.162674 256.587860 364.702209 446.546722 450.827576 382.206024 287.694946 117.194672 170.679672 252.394928 334.673798 374.805634 353.581360 292.315430 91.424118 117.134735 166.496918 228.997498 277.456329 286.752289 256.753540,
 161.945770 224.540573 299.422913 334.911224 295.874695 212.669083 140.840546 173.294373 253.755402 354.072571 404.279846 353.689941 248.169891 161.191742 181.200745 277.819733 401.690796 465.599792 402.688110 276.437164 176.427460 183.105576 287.503052 422.189819 491.871216 422.189819 287.503052 183.105576 176.427460 276.437164 402.688110 465.599792 401.690796 277.819733 181.200745 161.191742 248.169891 353.689941 404.279846 354.072571 253.755402 173.294373 140.840546 212.669083 295.874695 334.911224 299.422913 224.540573 161.945770,
 106.887451 131.525360 180.458725 244.713394 297.840454 314.559113 287.753235 131.922974 186.208069 269.379578 353.998016 398.030823 379.283875 312.347107 177.794968 268.345215 380.260040 464.285583 470.078339 398.130188 294.110168 239.909958 353.431610 464.853271 513.948364 464.853271 353.431610 239.909958 294.110168 398.130188 470.078339 464.285583 380.260040 268.345215 177.794968 312.347107 379.283875 398.030823 353.998016 269.379578 186.208069 131.922974 287.753235 314.559113 297.840454 244.713394 180.458725 131.525360 106.887451,
 27.572073 28.564453 32.563980 36.347691 39.644722 44.368050 50.306633 41.847927 57.317879 73.595551 80.513573 75.701126 65.679192 58.119877 91.108482 143.573898 199.719727 224.794281 199.645172 145.127731 96.323555 126.494110 204.870514 292.315247 333.515106 292.315247 204.870514 126.494110 96.323555 145.127731 199.645172 224.794281 199.719727 143.573898 91.108482 58.119877 65.679192 75.701126 80.513573 73.595551 57.317879 41.847927 50.306633 44.368050 39.644722 36.347691 32.563980 28.564453 27.572073,
 87.498024 108.014160 103.122223 56.583405 3.151508 -17.868561 -1.016991 121.270493 182.547318 220.885849 177.014587 81.391037 9.964706 -6.192570 112.190536 215.480927 326.687683 331.479584 210.729202 80.386688 16.655960 64.995239 168.579651 324.043396 409.615265 324.043396 168.579651 64.995239 16.655960 80.386688 210.729202 331.479584 326.687683 215.480927 112.190536 -6.192570 9.964706 81.391037 177.014587 220.885849 182.547318 121.270493 -1.016991 -17.868561 3.151508 56.583405 103.122223 108.014160 87.498024,
 82.988396 105.447502 166.039261 199.147217 160.650375 103.114067 82.284782 107.698280 146.221481 251.610809 316.808899 251.885406 144.931168 100.319389 126.141335 186.254196 339.212128 437.543518 343.067169 187.476669 120.987358 131.798920 204.826019 380.263977 491.660278 380.263977 204.826019 131.798920 120.987358 187.476669 343.067169 437.543518 339.212128 186.254196 126.141335 100.319389 144.931168 251.885406 316.808899 251.610809 146.221481 107.698280 82.284782 103.114067 160.650375 199.147217 166.039261 105.447502 82.988396,
 33.326195 68.431244 119.543770 165.314789 176.764252 140.684738 86.547539 51.110935 108.027130 199.296753 282.267395 287.311218 201.032623 102.659180 74.866241 166.781830 319.081177 438.167908 401.031616 243.509186 108.375641 96.681053 226.130814 416.898163 519.948242 416.898163 226.130814 96.681053 108.375641 243.509186 401.031616 438.167908 319.081177 166.781830 74.866241 102.659180 201.032623 287.311218 282.267395 199.296753 108.027130 51.110935 86.547539 140.684738 176.764252 165.314789 119.543770 68.431244 33.326195,
 -8.136986 -13.712318 -10.403484 -0.607712 10.007465 17.145624 20.613365 18.318977 24.308802 33.401093 41.522408 45.447243 45.398941 43.084763 46.251762 70.653122 93.900650 103.992683 95.272858 76.430634 58.070770 61.205387 93.078133 125.114670 139.826294 125.114670 93.078133 61.205387 58.070770 76.430634 95.272858 103.992683 93.900650 70.653122 46.251762 43.084763 45.398941 45.447243 41.522408 33.401093 24.308802 18.318977 20.613365 17.145624 10.007465 -0.607712 -10.403484 -13.712318 -8.136986,
 -13.503687 -7.218221 3.250349 9.023911 7.164145 0.071410 -11.563435 5.745135 15.513661 21.373365 18.396048 11.321516 7.063750 0.007357 9.931113 39.979095 65.634506 61.752903 31.953735 8.689935 1.365897 0.875064 27.072515 70.502075 95.855881 70.502075 27.072515 0.875064 1.365897 8.689935 31.953735 61.752903 65.634506 39.979095 9.931113 0.007357 7.063750 11.321516 18.396048 21.373365 15.513661 5.745135 -11.563435 0.071410 7.164145 9.023911 3.250349 -7.218221 -13.503687,
 -1.051326 -7.201815 2.606746 22.323032 15.117863 -14.837023 -24.180618 -2.286458 -0.960116 26.869661 56.828156 37.357201 -5.418484 -15.668650 -2.025818 8.107847 58.536411 100.771469 65.256310 6.491310 -7.287241 -2.857987 12.262850 76.222794 122.688049 76.222794 12.262850 -2.857987 -7.287241 6.491310 65.256310 100.771469 58.536411 8.107847 -2.025818 -15.668650 -5.418484 37.357201 56.828156 26.869661 -0.960116 -2.286458 -24.180618 -14.837023 15.117863 22.323032 2.606746 -7.201815 -1.051326,
 11.767618 3.749385 3.309526 14.558533 20.422235 13.185101 8.463902 12.797535 9.842834 20.503822 40.962521 45.362701 29.455406 18.256870 24.065748 32.465508 63.583256 97.417084 90.625793 52.967476 30.097666 33.991501 55.810524 104.517365 135.597260 104.517365 55.810524 33.991501 30.097666 52.967476 90.625793 97.417084 63.583256 32.465508 24.065748 18.256870 29.455406 45.362701 40.962521 20.503822 9.842834 12.797535 8.463902 13.185101 20.422235 14.558533 3.309526 3.749385 11.767618,

Pairwise cross-correlations of the modulus of all oriented sub-bands at the same scale (size QxQ)
 162.201050 109.040169 61.414776 109.556023,
 109.040169 170.879196 114.750435 65.159515,
 61.414776 114.750435 182.182449 118.528938,
 109.556023 65.159515 118.528938 175.814743,
 502.427856 388.481903 334.477692 398.629547,
 388.481903 498.419006 386.766663 333.604004,
 334.477692 386.766663 491.871277 390.833496,
 398.629547 333.604004 390.833496 513.948425,
 333.515137 246.582535 242.725388 271.329987,
 246.582535 409.615326 327.395569 208.328857,
 242.725388 327.395569 491.660339 357.819794,
 271.329987 208.328857 357.819794 519.948242,
 139.826294 66.256630 42.075558 72.036789,
 66.256630 95.855881 46.504036 24.440788,
 42.075558 46.504036 122.688049 59.664940,
 72.036789 24.440788 59.664940 135.597260,

Cross-correlations of the modulus of all oriented sub-bands with all oriented sub-bands at the coarser scale (size QxQ)
 244.547974 197.480011 154.005356 198.741409,
 205.080933 251.256042 203.044617 161.938065,
 160.946732 204.540741 256.354736 205.179688,
 206.543884 163.609802 205.894012 256.549500,
 296.514832 282.259338 291.566589 306.685150,
 253.275604 321.086151 334.976044 279.356750,
 224.313034 297.351135 356.070892 293.335571,
 265.251129 265.853485 334.746521 374.457794,
 67.354935 47.146156 56.353565 86.640465,
 74.145950 70.562874 88.197632 94.632614,
 109.608047 84.350861 120.332672 126.969704,
 111.301819 72.555222 80.209129 116.020630,

Cross-correlations of the real part of each oriented sub-band with both the real and imaginary part of all phase-doubled oriented sub-bands at the next coarser scale (Q matrices of size 1x2Q, which are computed and stored in a matrix of size Qx2Q)
 110.935715 47.451801 5.328746 53.579113 -1.039310 0.440853 -0.024099 2.853035,
 46.542442 113.280403 53.531506 5.507097 -0.832683 1.105936 0.851168 0.269352,
 4.236125 51.104668 123.573128 54.311451 -0.489914 1.709708 2.044570 0.754740,
 50.976711 4.502262 55.594254 120.587570 -0.774581 0.623790 0.078280 3.681802,
 -180.462555 -69.981041 -11.710784 -100.619789 1.196026 -0.600289 -2.088039 17.372776,
 -73.570618 -173.369949 -81.693703 -9.539394 5.508209 4.956731 4.768286 -1.207262,
 -14.121560 -77.809875 -193.810684 -101.656898 -2.146731 3.690924 5.253913 -0.838027,
 -100.570457 -7.443531 -96.871887 -228.947235 -8.955915 -1.477848 -5.547528 23.461357,
 -49.823624 -39.801369 -4.247508 -32.688892 -18.626118 -11.866082 0.694196 17.380299,
 -29.212440 -92.560806 -66.014618 -0.177319 -5.184415 -7.805934 -14.421698 2.866444,
 -4.732660 -56.165890 -118.309921 -37.445068 -2.779605 -5.866900 -45.876156 22.687649,
 -23.213375 -8.520821 -37.927650 -86.486458 -17.240459 -5.968757 -16.846502 44.626854,
