Low-band skewness and kurtosis
 -2.304660 6.658475,
 -2.372003 7.446688,
 -1.814746 5.281572,
 -1.363218 3.785583,
 -1.236697 3.528718,

High-band variance
 138.850952,

Skewness, kurtosis, variance, mean, maximum and minimum of the reconstructed texture
 -2.291660 6.401761 6331.429688 224.003662 255.000000 0.000000,

Auto-correlations of the low-frequency bands at each scale
 2472.234375 2951.380615 3349.639160 3582.707275 3598.586426 3410.921143 3064.232422 3017.923584 3675.700195 4284.546875 4611.713867 4495.431641 4051.022949 3478.495361 3466.288086 4338.212891 5227.529297 5672.648438 5355.820312 4556.587891 3719.307617 3721.733643 4693.890137 5699.511230 6161.846680 5699.511230 4693.890137 3721.733643 3719.307617 4556.587891 5355.820312 5672.648438 5227.529297 4338.212891 3466.288086 3478.495361 4051.022949 4495.431641 4611.713867 4284.546875 3675.700195 3017.923584 3064.232422 3410.921143 3598.586426 3582.707275 3349.639160 2951.380615 2472.234375,
 1301.852539 1218.068115 1264.844360 1431.694336 1619.638306 1784.173096 1853.205078 1356.614136 1566.991821 2201.299805 2739.146973 2689.734375 2292.099121 2022.203247 1558.019287 2340.265625 3800.577881 4704.891602 4148.000977 2852.157227 2038.044189 1854.259521 2948.476562 4762.540527 5711.171875 4762.540527 2948.476562 1854.259521 2038.044189 2852.157227 4148.000977 4704.891602 3800.577881 2340.265625 1558.019287 2022.203247 2292.099121 2689.734375 2739.146973 2201.299805 1566.991821 1356.614136 1853.205078 1784.173096 1619.638306 1431.694336 1264.844360 1218.068115 1301.852539,
 1040.667480 1164.509033 1020.617188 818.269531 882.342651 1127.852539 1298.344727 894.686707 978.097046 1086.660522 1253.966309 1329.441772 1385.471802 1496.518311 906.321777 1269.875000 2177.659180 2925.609863 2591.316895 1864.592773 1583.864746 1294.449829 1866.438232 3190.750488 4033.381348 3190.750488 1866.438232 1294.449829 1583.864746 1864.592773 2591.316895 2925.609863 2177.659180 1269.875000 906.321777 1496.518311 1385.471802 1329.441772 1253.966309 1086.660522 978.097046 894.686707 1298.344727 1127.852539 882.342651 818.269531 1020.617188 1164.509033 1040.667480,
 -383.220093 48.658813 341.514648 488.538452 709.254395 942.835083 968.814087 -72.022400 364.029236 748.774780 963.282959 1084.406128 1190.047852 1208.753906 332.308167 789.840820 1441.142334 1838.962036 1657.945557 1295.893555 1113.247314 756.022034 1187.795166 1949.650879 2395.524902 1949.650879 1187.795166 756.022034 1113.247314 1295.893555 1657.945557 1838.962036 1441.142334 789.840820 332.308167 1208.753906 1190.047852 1084.406128 963.282959 748.774780 364.029236 -72.022400 968.814087 942.835083 709.254395 488.538452 341.514648 48.658813 -383.220093,
 -493.702026 -657.549133 -687.134888 -539.783691 -200.647064 119.890564 116.410721 -737.829468 -744.943298 -368.744690 129.512054 511.244080 613.714661 298.665680 -685.904724 -319.150330 489.291901 1170.195435 1269.762817 856.366760 191.923355 -259.667786 451.466888 1314.802368 1728.253174 1314.802368 451.466888 -259.667786 191.923355 856.366760 1269.762817 1170.195435 489.291901 -319.150330 -685.904724 298.665680 613.714661 511.244080 129.512054 -368.744690 -744.943298 -737.829468 116.410721 119.890564 -200.647064 -539.783691 -687.134888 -657.549133 -493.702026,

Auto-correlations of the modulus of each oriented sub-band
 70.428574 76.496788 82.685928 86.073807 85.041504 80.566963 75.336594 85.563393 95.130760 104.235214 108.383263 105.298996 96.780266 87.237968 100.392479 114.478615 127.514687 132.917969 127.505028 114.350319 100.012123 106.370438 122.938568 138.381409 144.872879 138.381409 122.938568 106.370438 100.012123 114.350319 127.505028 132.917969 127.514687 114.478615 100.392479 87.237968 96.780266 105.298996 108.383263 104.235214 95.130760 85.563393 75.336594 80.566963 85.041504 86.073807 82.685928 76.496788 70.428574,
 114.045738 117.415459 117.898956 114.830032 108.247620 99.212929 89.578957 119.253372 131.808945 140.226685 140.348602 131.524292 116.835007 100.756577 121.179634 142.397415 159.601166 164.237747 153.571381 133.294662 111.128807 118.395035 143.133789 165.256927 174.679688 165.256927 143.133789 118.395035 111.128807 133.294662 153.571381 164.237747 159.601166 142.397415 121.179634 100.756577 116.835007 131.524292 140.348602 140.226685 131.808945 119.253372 89.578957 99.212929 108.247620 114.830032 117.898956 117.415459 114.045738,
 78.437424 92.687325 107.317749 114.495872 109.146011 96.208778 83.527557 85.844124 104.257767 123.788498 133.529007 125.679337 107.648849 90.325981 93.386116 115.406830 139.167496 151.068939 140.422745 117.532364 96.041451 97.441116 120.758232 145.964691 158.366791 145.964691 120.758232 97.441116 96.041451 117.532364 140.422745 151.068939 139.167496 115.406830 93.386116 90.325981 107.648849 125.679337 133.529007 123.788498 104.257767 85.844124 83.527557 96.208778 109.146011 114.495872 107.317749 92.687325 78.437424,
 72.495766 81.193474 90.742355 98.903152 103.006851 101.933296 97.150490 82.879005 98.019760 113.577446 124.264168 124.880989 115.297684 101.444557 92.573265 113.799187 134.844498 146.903061 142.320724 124.138710 102.748543 99.714996 123.772171 146.470657 156.448959 146.470657 123.772171 99.714996 102.748543 124.138710 142.320724 146.903061 134.844498 113.799187 92.573265 101.444557 115.297684 124.880989 124.264168 113.577446 98.019760 82.879005 97.150490 101.933296 103.006851 98.903152 90.742355 81.193474 72.495766,
 205.580063 213.163940 217.777191 219.523773 218.288788 214.258362 208.140579 268.132935 286.256104 298.699982 302.103149 295.175140 280.567688 262.491211 332.932922 369.095703 397.214600 406.771545 392.657776 361.627686 324.638611 357.985168 405.968872 446.103333 462.586792 446.103333 405.968872 357.985168 324.638611 361.627686 392.657776 406.771545 397.214600 369.095703 332.932922 262.491211 280.567688 295.175140 302.103149 298.699982 286.256104 268.132935 208.140579 214.258362 218.288788 219.523773 217.777191 213.163940 205.580063,
 368.585449 395.148987 389.576904 358.331390 318.099487 282.473816 256.830872 388.271057 440.536011 461.671722 439.679230 387.557037 330.922791 287.526917 384.136902 458.837585 517.164734 520.470093 465.167816 387.725403 322.866943 358.600769 438.056061 519.784790 557.555176 519.784790 438.056061 358.600769 322.866943 387.725403 465.167816 520.470093 517.164734 458.837585 384.136902 287.526917 330.922791 387.557037 439.679230 461.671722 440.536011 388.271057 256.830872 282.473816 318.099487 358.331390 389.576904 395.148987 368.585449,
 212.079498 251.900635 300.414032 320.380524 292.348663 249.411713 218.506378 222.238953 271.477020 336.945892 367.437653 329.487518 270.036469 229.291229 230.302811 286.761475 367.191956 409.471954 362.335144 285.982483 235.115768 235.187561 292.483978 377.753662 427.397400 377.753662 292.483978 235.187561 235.115768 285.982483 362.335144 409.471954 367.191956 286.761475 230.302811 229.291229 270.036469 329.487518 367.437653 336.945892 271.477020 222.238953 218.506378 249.411713 292.348663 320.380524 300.414032 251.900635 212.079498,
 157.653275 180.230331 212.348572 248.969254 278.300049 288.293060 276.356445 184.820831 225.664566 277.453064 326.691528 351.482971 339.825623 301.735657 223.567200 284.573730 354.536743 406.402100 408.808838 362.524780 298.134338 266.695190 339.569672 411.084778 443.391998 411.084778 339.569672 266.695190 298.134338 362.524780 408.808838 406.402100 354.536743 284.573730 223.567200 301.735657 339.825623 351.482971 326.691528 277.453064 225.664566 184.820831 276.356445 288.293060 278.300049 248.969254 212.348572 180.230331 157.653275,
 78.735962 92.826714 106.515610 121.108589 134.166595 142.333618 143.362793 117.507774 142.150330 161.433014 170.738907 168.206665 156.698700 140.575729 152.607925 207.759079 259.621307 282.104126 260.634369 208.844009 155.006638 166.179779 243.513687 322.503326 358.182465 322.503326 243.513687 166.179779 155.006638 208.844009 260.634369 282.104126 259.621307 207.759079 152.607925 140.575729 156.698700 168.206665 170.738907 161.433014 142.150330 117.507774 143.362793 142.333618 134.166595 121.108589 106.515610 92.826714 78.735962,
 208.185410 253.220245 295.466919 303.425537 287.112610 281.703217 289.625061 276.227173 340.089813 405.433136 412.610596 362.877777 317.581329 297.561768 319.069794 400.032745 499.597839 529.058228 455.621887 365.783051 312.808624 327.360046 405.460480 519.773926 584.448364 519.773926 405.460480 327.360046 312.808624 365.783051 455.621887 529.058228 499.597839 400.032745 319.069794 297.561768 317.581329 362.877777 412.610596 405.433136 340.089813 276.227173 289.625061 281.703217 287.112610 303.425537 295.466919 253.220245 208.185410,
 148.119843 213.474197 280.099030 312.041870 302.061859 279.293884 263.508972 196.949295 281.874847 375.325165 416.847778 375.402130 308.511078 267.003967 234.608444 330.531006 454.007019 515.530945 446.304871 335.623047 266.703796 257.689301 347.238861 480.692139 558.134033 480.692139 347.238861 257.689301 266.703796 335.623047 446.304871 515.530945 454.007019 330.531006 234.608444 267.003967 308.511078 375.402130 416.847778 375.325165 281.874847 196.949295 263.508972 279.293884 302.061859 312.041870 280.099030 213.474197 148.119843,
 113.329056 127.846001 148.923294 179.204315 202.400558 204.310974 198.767776 128.514664 150.889099 193.472778 245.197647 263.528931 239.212646 212.384750 154.303055 196.845306 269.321625 336.462616 327.091583 263.195496 210.976425 187.388046 246.668076 333.720367 385.667053 333.720367 246.668076 187.388046 210.976425 263.195496 327.091583 336.462616 269.321625 196.845306 154.303055 212.384750 239.212646 263.528931 245.197647 193.472778 150.889099 128.514664 198.767776 204.310974 202.400558 179.204315 148.923294 127.846001 113.329056,
 -7.973361 0.988030 6.941879 8.386930 6.015587 2.710445 0.995915 -4.100738 7.702125 19.538273 28.147196 31.332577 29.934952 25.320965 11.242045 31.909523 54.034782 67.742004 66.338463 53.404282 36.563488 31.826527 59.600368 87.240463 99.754196 87.240463 59.600368 31.826527 36.563488 53.404282 66.338463 67.742004 54.034782 31.909523 11.242045 25.320965 29.934952 31.332577 28.147196 19.538273 7.702125 -4.100738 0.995915 2.710445 6.015587 8.386930 6.941879 0.988030 -7.973361,
 -5.074075 4.263986 13.889136 18.543259 24.734261 34.198952 36.203720 0.687166 17.443365 38.974339 45.067200 39.021999 37.848663 39.267830 6.575768 29.303068 65.408981 78.641800 56.934280 34.248714 27.157875 13.718885 33.199745 72.778473 97.596786 72.778473 33.199745 13.718885 27.157875 34.248714 56.934280 78.641800 65.408981 29.303068 6.575768 39.267830 37.848663 39.021999 45.067200 38.974339 17.443365 0.687166 36.203720 34.198952 24.734261 18.543259 13.889136 4.263986 -5.074075,
 -42.636204 -14.824346 13.978292 28.435717 27.955828 31.573498 40.873638 -38.878002 -3.515661 43.707424 71.409737 59.513004 43.992424 45.124981 -19.892952 18.422392 79.021255 117.248466 89.768173 49.081024 33.546272 8.606695 40.156967 99.474060 138.758652 99.474060 40.156967 8.606695 33.546272 49.081024 89.768173 117.248466 79.021255 18.422392 -19.892952 45.124981 43.992424 59.513004 71.409737 43.707424 -3.515661 -38.878002 40.873638 31.573498 27.955828 28.435717 13.978292 -14.824346 -42.636204,
 -22.690701 -12.895164 -2.279549 13.134399 26.071671 29.612469 29.157513 -15.825768 4.114992 29.570499 57.952713 72.746536 67.531441 55.508415 6.488964 40.732944 83.023453 119.541626 121.570862 93.851425 62.378666 40.042847 81.156364 126.836502 151.235367 126.836502 81.156364 40.042847 62.378666 93.851425 121.570862 119.541626 83.023453 40.732944 6.488964 55.508415 67.531441 72.746536 57.952713 29.570499 4.114992 -15.825768 29.157513 29.612469 26.071671 13.134399 -2.279549 -12.895164 -22.690701,

Pairwise cross-correlations of the modulus of all oriented sub-bands at the same scale (size QxQ)
 144.872894 110.516655 69.786827 105.679527,
 110.516655 174.679672 116.058975 75.551781,
 69.786827 116.058975 158.366806 108.644920,
 105.679527 75.551781 108.644920 156.448975,
 462.586792 409.848663 316.610962 368.116699,
 409.848663 557.555237 384.822784 354.722015,
 316.610962 384.822784 427.397430 344.047668,
 368.116699 354.722015 344.047668 443.391998,
 358.182495 322.932220 274.101410 277.022705,
 322.932220 584.448425 477.359863 299.785339,
 274.101410 477.359863 558.134033 345.659180,
 277.022705 299.785339 345.659180 385.667053,
 99.754196 48.819736 47.390488 93.910118,
 48.819736 97.596786 71.303230 49.243637,
 47.390488 71.303230 138.758652 88.930557,
 93.910118 49.243637 88.930557 151.235382,

Cross-correlations of the modulus of all oriented sub-bands with all oriented sub-bands at the coarser scale (size QxQ)
 223.479965 207.223129 146.413605 187.587723,
 206.893036 267.456024 192.527863 171.003296,
 166.356720 211.624466 222.599533 190.734528,
 195.436829 182.268143 180.642456 227.402328,
 320.488617 352.425232 338.949249 307.806549,
 307.867584 418.374878 390.550751 310.935669,
 247.413361 359.072021 372.667542 282.435791,
 271.186462 335.210724 349.906616 302.318390,
 102.691650 87.803177 102.099632 131.848328,
 121.309860 149.766098 149.044815 148.075592,
 122.659309 136.190796 156.360550 155.983246,
 107.281403 96.589752 121.161079 148.438568,

Cross-correlations of the real part of each oriented sub-band with both the real and imaginary part of all phase-doubled oriented sub-bands at the next coarser scale (Q matrices of size 1x2Q, which are computed and stored in a matrix of size Qx2Q)
 83.267082 52.446560 6.888046 37.020397 1.572164 0.710752 0.630012 0.282650,
 46.506588 115.614456 45.898567 2.906227 0.744844 0.811092 -2.465811 -0.371813,
 6.721459 47.676918 92.171288 38.975983 -0.385824 0.906273 -3.800415 -0.906385,
 34.687824 4.490026 41.850376 88.897041 -0.463318 0.360460 1.480183 0.104196,
 -74.703568 -34.763882 -6.474232 -32.722591 5.375848 -8.066412 2.813439 7.173288,
 -35.438259 -74.494225 -48.717110 -7.105608 -3.177626 -8.452899 18.372404 2.170674,
 -4.158604 -41.885578 -98.535927 -53.168941 -0.668139 5.480278 19.078693 -0.538418,
 -31.661148 -6.861165 -41.131397 -93.965164 5.586637 1.492173 2.997723 1.530621,
 -33.877029 -31.939981 -7.797757 -22.365353 -45.886887 -11.861738 -2.867924 -11.718660,
 -22.920620 -75.179405 -45.443466 -2.270435 -20.093004 -17.832277 -13.101099 1.563586,
 -2.890693 -36.865719 -77.479645 -41.773350 -0.885566 -3.671529 -10.753345 -1.492678,
 -9.934625 -3.327830 -33.926678 -74.125816 -14.820100 -1.975684 -2.095420 -21.162554,
