Low-band skewness and kurtosis
 -2.221672 6.286866,
 -2.281207 7.058067,
 -1.679779 4.844521,
 -1.180339 3.485986,
 -0.799169 2.476339,

High-band variance
 148.279175,

Skewness, kurtosis, variance, mean, maximum and minimum of the reconstructed texture
 -2.207721 6.025565 6561.601074 222.494873 255.000000 0.000000,

Auto-correlations of the low-frequency bands at each scale
 2512.836182 3107.916504 3529.948486 3683.195801 3520.400146 3090.715820 2499.468506 3018.235107 3801.444580 4471.220703 4757.422852 4478.454102 3803.177979 3009.760010 3390.140381 4401.912109 5406.704590 5868.305664 5418.435059 4409.384766 3382.990967 3527.741699 4660.745605 5837.035156 6380.570312 5837.035156 4660.745605 3527.741699 3382.990967 4409.384766 5418.435059 5868.305664 5406.704590 4401.912109 3390.140381 3009.760010 3803.177979 4478.454102 4757.422852 4471.220703 3801.444580 3018.235107 2499.468506 3090.715820 3520.400146 3683.195801 3529.948486 3107.916504 2512.836182,
 933.593018 1077.685303 1300.594238 1422.815186 1303.786377 1104.085693 1043.636963 944.065063 1476.428955 2339.774414 2790.794434 2326.000977 1472.891602 1036.022095 1059.689575 2176.711914 3934.765137 4840.068359 3925.066895 2172.083008 1120.451294 1166.199951 2561.997070 4762.424316 5893.741211 4762.424316 2561.997070 1166.199951 1120.451294 2172.083008 3925.066895 4840.068359 3934.765137 2176.711914 1059.689575 1036.022095 1472.891602 2326.000977 2790.794434 2339.774414 1476.428955 944.065063 1043.636963 1104.085693 1303.786377 1422.815186 1300.594238 1077.685303 933.593018,
 567.257568 693.403442 638.117981 617.214722 668.899841 807.416138 962.582764 601.255188 605.867065 834.502197 1085.745483 943.270752 824.886963 899.273621 540.573608 788.705505 1988.303955 2870.116211 2087.424561 990.501526 737.516846 587.781860 1056.170654 2822.473633 4038.469727 2822.473633 1056.170654 587.781860 737.516846 990.501526 2087.424561 2870.116211 1988.303955 788.705505 540.573608 899.273621 824.886963 943.270752 1085.745483 834.502197 605.867065 601.255188 962.582764 807.416138 668.899841 617.214722 638.117981 693.403442 567.257568,
 -321.547729 31.614441 388.758118 545.815186 612.895996 811.213440 878.369873 -121.858093 196.124298 602.464905 842.597778 759.257751 755.541992 814.296631 164.146179 424.276703 1078.934082 1541.342285 1155.458496 675.860779 595.377991 394.431702 624.258850 1439.304199 2027.694458 1439.304199 624.258850 394.431702 595.377991 675.860779 1155.458496 1541.342285 1078.934082 424.276703 164.146179 814.296631 755.541992 759.257751 842.597778 602.464905 196.124298 -121.858093 878.369873 811.213440 612.895996 545.815186 388.758118 31.614441 -321.547729,
 -291.911377 -486.699036 -477.621460 -245.359344 109.884033 338.209778 270.861755 -612.242676 -601.715515 -237.873169 272.877502 601.424438 552.904358 157.778946 -707.208008 -354.831360 344.771606 932.141113 938.887573 444.666077 -187.664093 -538.410400 84.653000 869.912720 1258.428223 869.912720 84.653000 -538.410400 -187.664093 444.666077 938.887573 932.141113 344.771606 -354.831360 -707.208008 157.778946 552.904358 601.424438 272.877502 -237.873169 -601.715515 -612.242676 270.861755 338.209778 109.884033 -245.359344 -477.621460 -486.699036 -291.911377,

Auto-correlations of the modulus of each oriented sub-band
 75.744843 83.853874 91.617096 95.212372 92.785873 85.882881 78.174347 93.894875 106.126389 117.523567 122.550552 118.571022 107.913116 96.013542 113.098763 129.954269 145.400436 151.900345 145.925919 130.880447 114.228645 122.007645 141.095627 158.585815 165.824341 158.585815 141.095627 122.007645 114.228645 130.880447 145.925919 151.900345 145.400436 129.954269 113.098763 96.013542 107.913116 118.571022 122.550552 117.523567 106.126389 93.894875 78.174347 85.882881 92.785873 95.212372 91.617096 83.853874 75.744843,
 103.851028 109.555573 112.827995 110.791397 102.685738 90.001663 75.417953 109.317192 124.956406 136.714233 138.121063 127.493103 108.577499 87.077065 111.188324 136.223755 156.888000 162.855362 150.445679 125.947540 98.461853 107.284637 136.718246 162.589844 173.410568 162.589844 136.718246 107.284637 98.461853 125.947540 150.445679 162.855362 156.888000 136.223755 111.188324 87.077065 108.577499 127.493103 138.121063 136.714233 124.956406 109.317192 75.417953 90.001663 102.685738 110.791397 112.827995 109.555573 103.851028,
 67.872314 87.030388 105.154190 111.731300 101.868118 82.637856 64.924667 75.634132 99.462044 122.687996 131.843292 119.696922 95.558891 72.970299 82.430389 110.085770 137.902054 149.951965 136.075089 107.754883 80.831833 84.635361 113.542183 143.393082 157.377457 143.393082 113.542183 84.635361 80.831833 107.754883 136.075089 149.951965 137.902054 110.085770 82.430389 72.970299 95.558891 119.696922 131.843292 122.687996 99.462044 75.634132 64.924667 82.637856 101.868118 111.731300 105.154190 87.030388 67.872314,
 69.740784 81.577080 92.930969 101.788429 106.134338 105.564400 101.771423 82.067467 100.235733 117.393089 128.501205 129.115067 119.808151 106.204842 94.041786 118.058464 140.531982 152.923843 148.253204 129.656128 107.180855 103.059212 129.299469 153.148743 163.410370 153.148743 129.299469 103.059212 107.180855 129.656128 148.253204 152.923843 140.531982 118.058464 94.041786 106.204842 119.808151 129.115067 128.501205 117.393089 100.235733 82.067467 101.771423 105.564400 106.134338 101.788429 92.930969 81.577080 69.740784,
 215.995224 228.747955 237.628052 242.486740 242.294464 236.251312 225.270920 263.131653 291.396820 314.195465 325.969543 322.095673 304.086090 278.638977 332.615845 380.336700 420.457031 439.207397 427.321045 391.256744 345.904968 374.529480 431.685730 479.805542 499.619110 479.805542 431.685730 374.529480 345.904968 391.256744 427.321045 439.207397 420.457031 380.336700 332.615845 278.638977 304.086090 322.095673 325.969543 314.195465 291.396820 263.131653 225.270920 236.251312 242.294464 242.486740 237.628052 228.747955 215.995224,
 268.808350 296.776886 291.389496 257.046753 213.556961 178.458771 158.687103 286.892670 342.556183 363.743103 334.450989 273.548889 213.646210 174.209137 277.408020 357.592499 418.505219 417.418945 352.998016 269.388580 204.487122 244.321075 327.940918 415.633209 456.355835 415.633209 327.940918 244.321075 204.487122 269.388580 352.998016 417.418945 418.505219 357.592499 277.408020 174.209137 213.646210 273.548889 334.450989 363.743103 342.556183 286.892670 158.687103 178.458771 213.556961 257.046753 291.389496 296.776886 268.808350,
 185.950714 229.857407 286.553314 316.903320 288.182220 225.380020 174.280914 192.903030 252.120956 330.581482 372.061462 332.275818 248.962082 182.701157 196.296478 269.648529 368.618835 420.898071 369.832031 268.308929 190.710297 195.672150 276.364258 384.967896 441.796753 384.967896 276.364258 195.672150 190.710297 268.308929 369.832031 420.898071 368.618835 269.648529 196.296478 182.701157 248.962082 332.275818 372.061462 330.581482 252.120956 192.903030 174.280914 225.380020 288.182220 316.903320 286.553314 229.857407 185.950714,
 187.721878 205.635742 235.794189 273.405884 304.750977 316.563416 304.904938 205.377258 244.186249 300.583984 356.834106 385.344116 372.954376 331.579468 241.599167 306.742981 386.741486 447.005035 449.922699 397.916870 326.385010 289.518860 370.439178 452.039307 489.038574 452.039307 370.439178 289.518860 326.385010 397.916870 449.922699 447.005035 386.741486 306.742981 241.599167 331.579468 372.954376 385.344116 356.834106 300.583984 244.186249 205.377258 304.904938 316.563416 304.750977 273.405884 235.794189 205.635742 187.721878,
 126.199646 172.158157 199.361237 204.690460 194.407074 177.947952 161.190643 165.612030 230.005859 278.757996 293.855286 271.243591 225.118469 174.614349 204.711014 301.686646 390.945618 427.258728 387.065735 296.691589 201.147812 221.225845 341.302429 459.156219 511.234436 459.156219 341.302429 221.225845 201.147812 296.691589 387.065735 427.258728 390.945618 301.686646 204.711014 174.614349 225.118469 271.243591 293.855286 278.757996 230.005859 165.612030 161.190643 177.947952 194.407074 204.690460 199.361237 172.158157 126.199646,
 225.655762 274.155609 287.718109 262.780731 223.717743 188.305847 157.215271 254.368622 337.946381 387.850952 365.652161 294.987915 225.627609 174.734131 259.081818 375.641785 481.383789 493.986145 400.296021 283.470093 196.683380 232.030502 350.023254 488.687378 559.601318 488.687378 350.023254 232.030502 196.683380 283.470093 400.296021 493.986145 481.383789 375.641785 259.081818 174.734131 225.627609 294.987915 365.652161 387.850952 337.946381 254.368622 157.215271 188.305847 223.717743 262.780731 287.718109 274.155609 225.655762,
 144.325806 220.211823 283.314178 295.736206 246.661652 185.175568 153.716522 164.712906 248.733948 345.282410 388.010437 316.866394 219.150421 166.890793 179.391235 268.378082 401.732697 480.885315 387.129852 252.746170 179.917419 185.137634 271.391327 421.745667 522.723694 421.745667 271.391327 185.137634 179.917419 252.746170 387.129852 480.885315 401.732697 268.378082 179.391235 166.890793 219.150421 316.866394 388.010437 345.282410 248.733948 164.712906 153.716522 185.175568 246.661652 295.736206 283.314178 220.211823 144.325806,
 104.493271 160.283203 202.786987 239.436951 254.856812 236.773834 205.967911 136.207733 205.339462 275.093201 336.284119 341.466858 285.998108 222.657166 174.874023 262.635590 371.093872 453.938873 428.386597 324.389130 229.050385 211.374054 315.143250 444.830414 514.904358 444.830414 315.143250 211.374054 229.050385 324.389130 428.386597 453.938873 371.093872 262.635590 174.874023 222.657166 285.998108 341.466858 336.284119 275.093201 205.339462 136.207733 205.967911 236.773834 254.856812 239.436951 202.786987 160.283203 104.493271,
 -35.066277 -12.229206 15.921043 42.593140 57.122818 54.215565 38.105812 -6.184488 25.406649 57.306576 80.762833 87.551842 76.982132 55.047417 23.265348 68.041801 110.651993 132.517883 123.935516 94.359642 59.702881 48.703156 97.292931 144.432617 165.108505 144.432617 97.292931 48.703156 59.702881 94.359642 123.935516 132.517883 110.651993 68.041801 23.265348 55.047417 76.982132 87.551842 80.762833 57.306576 25.406649 -6.184488 38.105812 54.215565 57.122818 42.593140 15.921043 -12.229206 -35.066277,
 -2.014493 10.623830 23.380955 33.677155 37.062786 30.490826 19.298817 10.482560 34.807426 55.062801 61.454918 58.644444 49.113152 32.200539 26.122118 60.350525 97.553741 106.950211 87.363922 63.877487 42.393013 40.130219 71.368156 113.488770 137.243774 113.488770 71.368156 40.130219 42.393013 63.877487 87.363922 106.950211 97.553741 60.350525 26.122118 32.200539 49.113152 58.644444 61.454918 55.062801 34.807426 10.482560 19.298817 30.490826 37.062786 33.677155 23.380955 10.623830 -2.014493,
 12.455202 19.966625 43.157597 53.726646 47.126881 44.609425 30.844694 35.204750 47.311142 77.138451 100.779251 85.536186 71.881775 56.491875 58.206486 75.119888 112.833145 148.471130 119.071457 90.690262 73.323967 73.422966 92.254364 131.083481 170.290497 131.083481 92.254364 73.422966 73.323967 90.690262 119.071457 148.471130 112.833145 75.119888 58.206486 56.491875 71.881775 85.536186 100.779251 77.138451 47.311142 35.204750 30.844694 44.609425 47.126881 53.726646 43.157597 19.966625 12.455202,
 -33.498653 -21.433603 3.076885 30.611700 51.286396 57.693985 46.849606 -35.589844 -5.611481 37.032005 76.357315 95.533257 81.745163 44.456413 -20.409935 27.564058 88.024902 136.857025 137.689362 88.943199 29.579613 4.844310 66.375755 136.100693 171.600052 136.100693 66.375755 4.844310 29.579613 88.943199 137.689362 136.857025 88.024902 27.564058 -20.409935 44.456413 81.745163 95.533257 76.357315 37.032005 -5.611481 -35.589844 46.849606 57.693985 51.286396 30.611700 3.076885 -21.433603 -33.498653,

Pairwise cross-correlations of the modulus of all oriented sub-bands at the same scale (size QxQ)
 165.824387 116.946861 64.811699 113.548744,
 116.946861 173.410568 111.776840 74.337662,
 64.811699 111.776840 157.377487 106.878914,
 113.548744 74.337662 106.878914 163.410355,
 499.619110 388.648926 333.745239 400.797302,
 388.648926 456.355896 359.885773 345.685760,
 333.745239 359.885773 441.796814 371.575653,
 400.797302 345.685760 371.575653 489.038635,
 511.234497 411.086548 269.766266 362.126007,
 411.086548 559.601379 384.959503 338.899902,
 269.766266 384.959503 522.723694 384.867950,
 362.126007 338.899902 384.867950 514.904419,
 165.108521 82.613091 77.168304 125.808029,
 82.613091 137.243790 109.942535 58.421341,
 77.168304 109.942535 170.290527 79.622391,
 125.808029 58.421341 79.622391 171.600067,

Cross-correlations of the modulus of all oriented sub-bands with all oriented sub-bands at the coarser scale (size QxQ)
 247.524170 196.958679 155.272827 205.595123,
 210.189423 241.942505 195.521393 174.506866,
 162.148239 191.382019 223.382324 194.599152,
 211.131195 165.782425 192.752243 244.225311,
 381.673645 368.169067 304.470032 367.706085,
 319.328461 364.200562 315.114471 314.405945,
 286.819305 333.614044 336.794495 341.669495,
 337.907562 323.033936 320.034637 382.963623,
 169.860840 144.949661 119.731377 172.142014,
 153.690491 153.279938 129.257828 168.030258,
 143.339203 131.273010 169.330048 158.069763,
 163.497513 118.661636 138.469498 170.016159,

Cross-correlations of the real part of each oriented sub-band with both the real and imaginary part of all phase-doubled oriented sub-bands at the next coarser scale (Q matrices of size 1x2Q, which are computed and stored in a matrix of size Qx2Q)
 99.239441 46.758240 3.705482 40.778667 0.381392 3.409316 0.559371 3.807643,
 46.265030 97.323738 40.443592 2.839133 3.645526 3.426885 -2.962793 0.013651,
 4.733285 40.502804 90.208038 37.563099 0.337624 -2.914433 -6.045403 1.728679,
 43.429882 4.788614 37.405060 90.972252 -2.656804 -0.819682 -0.717840 6.599083,
 -140.732895 -59.136490 -6.544613 -55.957310 -4.827144 -3.540029 -1.078029 15.683411,
 -70.210716 -129.428162 -74.449829 -9.399516 8.113679 -27.439734 -20.158333 1.070551,
 -9.574014 -63.025257 -153.275650 -56.377464 -0.917195 -18.757441 -30.214056 4.117125,
 -63.407570 -7.877973 -60.187206 -113.911324 -10.329042 -0.484731 -6.971459 22.619146,
 -65.517212 -13.745805 -3.231711 -40.090137 34.228085 -5.566300 -7.020355 -37.525391,
 -16.451813 -32.372463 -11.509314 -2.218569 22.030771 -43.826927 -26.095268 -3.859785,
 -2.203306 -17.911678 -17.433023 -21.703876 3.792903 -39.445564 -32.185211 -17.919672,
 -38.880020 -3.665902 -12.789762 -67.406654 22.681356 -5.175487 -16.509035 -59.037952,
