Low-band skewness and kurtosis
 -2.108223 5.802341,
 -2.177484 6.613978,
 -1.497346 4.404590,
 -1.230310 4.608612,
 -1.196825 4.260555,

High-band variance
 165.037231,

Skewness, kurtosis, variance, mean, maximum and minimum of the reconstructed texture
 -2.093872 5.537940 6905.101074 220.221985 255.000000 0.000000,

Auto-correlations of the low-frequency bands at each scale
 2191.162598 2873.394531 3391.238281 3629.348633 3506.481934 3061.142578 2417.312988 2844.093750 3723.331055 4491.395508 4853.051758 4588.875977 3864.227051 2989.281250 3327.177490 4466.215820 5590.840820 6119.737305 5645.463867 4537.202148 3389.433838 3522.547852 4799.931641 6106.080078 6704.381348 6106.080078 4799.931641 3522.547852 3389.433838 4537.202148 5645.463867 6119.737305 5590.840820 4466.215820 3327.177490 2989.281250 3864.227051 4588.875977 4853.051758 4491.395508 3723.331055 2844.093750 2417.312988 3061.142578 3506.481934 3629.348633 3391.238281 2873.394531 2191.162598,
 503.772827 594.079224 881.097107 1110.840332 1062.317505 885.545532 794.560181 529.267456 990.563538 1967.019043 2591.831543 2192.610840 1287.754883 731.041626 722.657288 1896.398438 3863.443359 4950.186523 3999.396484 2056.290283 794.270447 858.140259 2447.238770 4906.092773 6172.058105 4906.092773 2447.238770 858.140259 794.270447 2056.290283 3999.396484 4950.186523 3863.443359 1896.398438 722.657288 731.041626 1287.754883 2192.610840 2591.831543 1967.019043 990.563538 529.267456 794.560181 885.545532 1062.317505 1110.840332 881.097107 594.079224 503.772827,
 612.966736 535.863586 504.544128 557.508667 542.468689 576.228943 585.295349 493.554169 278.364319 548.731628 951.477051 761.105530 529.923523 603.844727 386.431976 435.837006 1698.016846 2760.768311 1890.923584 651.122192 497.481903 387.802368 733.922668 2645.633789 4022.585693 2645.633789 733.922668 387.802368 497.481903 651.122192 1890.923584 2760.768311 1698.016846 435.837006 386.431976 603.844727 529.923523 761.105530 951.477051 548.731628 278.364319 493.554169 585.295349 576.228943 542.468689 557.508667 504.544128 535.863586 612.966736,
 272.008453 403.222076 324.623230 179.046356 186.983200 319.761749 339.107513 441.414673 461.365601 390.914307 383.315613 352.881958 336.674561 250.368759 401.474152 492.085236 888.223694 1269.598389 950.844666 430.766571 166.435394 248.941803 516.299072 1288.944824 1847.514648 1288.944824 516.299072 248.941803 166.435394 430.766571 950.844666 1269.598389 888.223694 492.085236 401.474152 250.368759 336.674561 352.881958 383.315613 390.914307 461.365601 441.414673 339.107513 319.761749 186.983200 179.046356 324.623230 403.222076 272.008453,
 -348.348022 -94.099190 64.740005 35.104889 -38.629501 -125.211861 -297.096985 -277.520844 -5.108932 292.049622 350.389771 183.387360 -20.488304 -201.958862 -216.184265 68.870621 533.060120 741.705322 472.238495 64.286102 -169.779785 -183.799103 103.064499 643.567871 950.555115 643.567871 103.064499 -183.799103 -169.779785 64.286102 472.238495 741.705322 533.060120 68.870621 -216.184265 -201.958862 -20.488304 183.387360 350.389771 292.049622 -5.108932 -277.520844 -297.096985 -125.211861 -38.629501 35.104889 64.740005 -94.099190 -348.348022,

Auto-correlations of the modulus of each oriented sub-band
 60.909103 69.087502 78.011757 82.975754 81.169151 73.844353 65.094055 84.784042 98.440437 111.967911 118.568520 114.603622 102.375496 88.166672 107.639275 126.865242 144.907700 152.917709 146.445084 129.110168 109.553001 118.041801 139.991669 160.110138 168.443497 160.110138 139.991669 118.041801 109.553001 129.110168 146.445084 152.917709 144.907700 126.865242 107.639275 88.166672 102.375496 114.603622 118.568520 111.967911 98.440437 84.784042 65.094055 73.844353 81.169151 82.975754 78.011757 69.087502 60.909103,
 106.509781 111.069221 110.137558 102.945122 90.612091 75.594688 60.547470 110.171371 127.351685 137.831085 135.886520 121.342140 99.078598 75.586472 109.383354 137.601288 159.707657 164.710815 149.550827 121.513374 90.798424 102.841316 135.933441 164.767334 176.775024 164.767334 135.933441 102.841316 90.798424 121.513374 149.550827 164.710815 159.707657 137.601288 109.383354 75.586472 99.078598 121.342140 135.886520 137.831085 127.351685 110.171371 60.547470 75.594688 90.612091 102.945122 110.137558 111.069221 106.509781,
 58.130939 82.860886 106.161461 116.684265 107.862740 85.544510 60.741131 66.354736 95.842049 124.251808 137.229843 125.907555 98.317253 68.431244 74.513092 108.286880 141.081284 156.092773 142.136856 109.821442 75.705322 78.324646 113.968628 148.374115 163.877213 148.374115 113.968628 78.324646 75.705322 109.821442 142.136856 156.092773 141.081284 108.286880 74.513092 68.431244 98.317253 125.907555 137.229843 124.251808 95.842049 66.354736 60.741131 85.544510 107.862740 116.684265 106.161461 82.860886 58.130939,
 56.329018 70.569489 84.084808 94.558723 100.478058 101.810104 99.457939 72.027679 94.326416 114.483391 126.813126 127.661842 118.189911 103.656708 86.690125 115.720200 141.573959 154.969971 149.686600 129.183105 103.539612 97.793365 128.706787 155.574066 166.751648 155.574066 128.706787 97.793365 103.539612 129.183105 149.686600 154.969971 141.573959 115.720200 86.690125 103.656708 118.189911 127.661842 126.813126 114.483391 94.326416 72.027679 99.457939 101.810104 100.478058 94.558723 84.084808 70.569489 56.329018,
 132.694382 144.114578 154.204300 160.271606 160.052780 154.020493 144.530533 212.633484 242.326309 266.648224 277.016571 268.377411 245.203232 216.990601 296.316986 350.328705 396.202057 414.637817 394.397552 347.262115 293.916534 331.105774 397.654480 456.903168 482.488220 456.903168 397.654480 331.105774 293.916534 347.262115 394.397552 414.637817 396.202057 350.328705 296.316986 216.990601 245.203232 268.377411 277.016571 266.648224 242.326309 212.633484 144.530533 154.020493 160.052780 160.271606 154.204300 144.114578 132.694382,
 251.866318 282.697144 276.226074 233.947052 177.008926 130.125916 104.331589 285.938110 349.431458 373.638367 339.145782 262.841858 184.660812 132.843613 278.796082 372.849548 443.715179 442.502319 365.053558 260.820984 178.463150 234.727692 336.119385 440.897949 488.563751 440.897949 336.119385 234.727692 178.463150 260.820984 365.053558 442.502319 443.715179 372.849548 278.796082 132.843613 184.660812 262.841858 339.145782 373.638367 349.431458 285.938110 104.331589 130.125916 177.008926 233.947052 276.226074 282.697144 251.866318,
 138.456131 208.633926 290.804962 325.936890 287.369354 209.034348 145.601608 146.401764 235.744705 344.201019 391.968689 338.985260 235.976608 154.772522 153.121414 255.904007 385.672333 446.606659 381.216583 255.553940 158.526474 157.655670 263.298462 400.068542 469.061584 400.068542 263.298462 157.655670 158.526474 255.553940 381.216583 446.606659 385.672333 255.904007 153.121414 154.772522 235.976608 338.985260 391.968689 344.201019 235.744705 146.401764 145.601608 209.034348 287.369354 325.936890 290.804962 208.633926 138.456131,
 88.219543 106.451904 145.355469 198.801422 247.858398 269.362915 253.266968 113.687454 158.968048 231.213135 307.361908 350.310669 337.968475 281.851074 159.057129 237.077698 337.893402 416.477966 423.736359 359.087463 267.246826 217.651505 317.305420 419.434387 465.764832 419.434387 317.305420 217.651505 267.246826 359.087463 423.736359 416.477966 337.893402 237.077698 159.057129 281.851074 337.968475 350.310669 307.361908 231.213135 158.968048 113.687454 253.266968 269.362915 247.858398 198.801422 145.355469 106.451904 88.219543,
 114.918976 108.795074 105.972069 109.065346 113.049751 113.323303 108.374649 146.329269 170.318253 196.258896 208.704010 196.459427 167.108688 134.733963 200.288925 277.349915 357.745728 392.914368 355.659302 274.725891 196.000687 232.395050 339.871552 453.921143 506.488464 453.921143 339.871552 232.395050 196.000687 274.725891 355.659302 392.914368 357.745728 277.349915 200.288925 134.733963 167.108688 196.459427 208.704010 196.258896 170.318253 146.329269 108.374649 113.323303 113.049751 109.065346 105.972069 108.795074 114.918976,
 107.541489 114.415070 108.524887 93.313805 79.077316 66.511292 52.862026 134.290833 198.157379 243.455704 222.085724 161.275040 112.641502 84.695946 144.672714 253.166077 377.263733 394.987488 289.752869 174.101624 112.444473 133.553940 236.552048 396.355286 484.620483 396.355286 236.552048 133.553940 112.444473 174.101624 289.752869 394.987488 377.263733 253.166077 144.672714 84.695946 112.641502 161.275040 222.085724 243.455704 198.157379 134.290833 52.862026 66.511292 79.077316 93.313805 108.524887 114.415070 107.541489,
 84.404182 106.661926 154.882309 178.944717 149.433517 118.004730 100.901482 85.016502 129.588470 226.222260 275.565979 213.255707 137.553833 102.861992 88.740562 149.479019 288.619598 370.867859 277.578461 153.923569 100.656319 95.119751 159.048035 309.711426 412.645264 309.711426 159.048035 95.119751 100.656319 153.923569 277.578461 370.867859 288.619598 149.479019 88.740562 102.861992 137.553833 213.255707 275.565979 226.222260 129.588470 85.016502 100.901482 118.004730 149.433517 178.944717 154.882309 106.661926 84.404182,
 81.162598 73.895447 74.915756 93.940636 113.682755 110.675308 92.047043 86.693771 92.823547 129.596588 190.383026 216.428436 178.600006 119.856247 91.610069 139.114487 241.732758 342.872925 336.552399 233.046707 132.131393 112.658104 208.286346 350.254272 428.652344 350.254272 208.286346 112.658104 132.131393 233.046707 336.552399 342.872925 241.732758 139.114487 91.610069 119.856247 178.600006 216.428436 190.383026 129.596588 92.823547 86.693771 92.047043 110.675308 113.682755 93.940636 74.915756 73.895447 81.162598,
 8.951830 4.564463 -0.416390 0.713940 6.014845 8.721434 4.239444 16.111597 18.525152 18.608385 21.359737 23.165014 18.885176 12.079968 34.350155 57.813725 82.381294 95.434418 85.707481 59.391773 36.539928 49.952858 86.808670 131.328506 153.883606 131.328506 86.808670 49.952858 36.539928 59.391773 85.707481 95.434418 82.381294 57.813725 34.350155 12.079968 18.885176 23.165014 21.359737 18.608385 18.525152 16.111597 4.239444 8.721434 6.014845 0.713940 -0.416390 4.564463 8.951830,
 -18.695124 10.778772 37.965981 42.533890 26.276848 2.443918 -14.143877 6.372087 50.694992 95.721939 100.951935 68.557892 29.734695 4.617136 25.032974 78.097740 146.774094 166.694366 117.971725 57.908199 21.518826 29.979601 78.097542 154.398849 199.593903 154.398849 78.097542 29.979601 21.518826 57.908199 117.971725 166.694366 146.774094 78.097740 25.032974 4.617136 29.734695 68.557892 100.951935 95.721939 50.694992 6.372087 -14.143877 2.443918 26.276848 42.533890 37.965981 10.778772 -18.695124,
 6.734317 11.739189 18.085089 24.617994 26.805479 21.628033 4.666988 11.857855 15.018545 32.630085 53.340691 49.569210 27.036428 1.145201 8.747926 19.780619 56.042747 89.241493 69.885094 28.050032 -0.685291 2.412354 24.984060 72.986526 106.604568 72.986526 24.984060 2.412354 -0.685291 28.050032 69.885094 89.241493 56.042747 19.780619 8.747926 1.145201 27.036428 49.569210 53.340691 32.630085 15.018545 11.857855 4.666988 21.628033 26.805479 24.617994 18.085089 11.739189 6.734317,
 6.651222 -3.152344 1.306044 24.899044 30.240038 10.839481 2.514449 17.737131 7.769419 27.833437 65.784348 61.492142 25.729818 13.346507 23.526558 19.531240 60.984776 110.473961 87.384621 33.555740 20.226196 23.802483 30.067371 87.424973 132.262573 87.424973 30.067371 23.802483 20.226196 33.555740 87.384621 110.473961 60.984776 19.531240 23.526558 13.346507 25.729818 61.492142 65.784348 27.833437 7.769419 17.737131 2.514449 10.839481 30.240038 24.899044 1.306044 -3.152344 6.651222,

Pairwise cross-correlations of the modulus of all oriented sub-bands at the same scale (size QxQ)
 168.443512 111.940567 56.664326 109.541077,
 111.940567 176.775055 107.947418 62.567135,
 56.664326 107.947418 163.877213 106.613869,
 109.541077 62.567135 106.613869 166.751648,
 482.488251 381.487061 323.285645 375.784332,
 381.487061 488.563782 366.405212 308.184937,
 323.285645 366.405212 469.061615 367.977051,
 375.784332 308.184937 367.977051 465.764832,
 506.488525 372.531372 249.878220 328.066559,
 372.531372 484.620483 278.878662 239.941132,
 249.878220 278.878662 412.645264 275.977203,
 328.066559 239.941132 275.977203 428.652374,
 153.883621 112.938812 35.715603 39.119297,
 112.938812 199.593918 52.591549 6.035709,
 35.715603 52.591549 106.604584 60.734318,
 39.119297 6.035709 60.734318 132.262589,

Cross-correlations of the modulus of all oriented sub-bands with all oriented sub-bands at the coarser scale (size QxQ)
 241.617020 196.367493 151.178955 190.074936,
 204.096542 253.242554 199.416000 152.954865,
 150.492416 187.181564 236.044891 186.308411,
 202.054810 155.612656 197.568420 239.924820,
 374.229919 310.143127 263.433746 291.359406,
 362.031464 367.011749 291.253174 264.650787,
 311.508850 303.494995 317.759125 296.312653,
 316.381409 276.763885 290.429718 315.996674,
 112.057663 103.475388 100.487427 104.083229,
 111.767967 131.923248 106.103531 75.451569,
 36.822021 45.179569 85.531204 77.648109,
 62.329144 18.750994 65.719597 96.663414,

Cross-correlations of the real part of each oriented sub-band with both the real and imaginary part of all phase-doubled oriented sub-bands at the next coarser scale (Q matrices of size 1x2Q, which are computed and stored in a matrix of size Qx2Q)
 112.203049 52.427155 4.134587 46.699177 1.075578 2.010237 -0.248002 -1.186218,
 52.059135 118.375557 48.788273 4.959618 0.859047 2.398843 0.619744 -0.122857,
 4.349789 48.797169 111.681839 46.314835 -0.175012 1.072590 -1.019596 -2.951122,
 46.518837 3.677045 48.027275 102.742867 -0.207865 0.387060 -2.568653 -4.296742,
 -207.536285 -106.569984 -11.248706 -75.723488 -21.869848 24.461424 0.611593 6.685372,
 -97.591560 -211.345169 -83.442146 -9.275027 4.306346 46.368633 13.274058 4.115151,
 -8.552748 -82.600685 -160.259720 -71.594742 3.573714 12.930230 31.868408 -1.335941,
 -84.133347 -8.498372 -68.078194 -163.295944 -14.445155 -0.062314 7.575678 -5.105507,
 -107.608513 -57.326149 -15.993496 -28.306572 16.618294 1.294469 -7.096873 -11.113821,
 -61.171211 -135.404388 -72.068916 -1.659178 11.171886 14.303593 14.582320 -3.164808,
 -8.789949 -64.034424 -118.237267 -43.376553 3.373971 20.689232 4.367195 -28.881451,
 -39.506413 -6.694444 -55.749817 -93.577248 9.347843 3.127091 -24.403057 -45.975388,
