Low-band skewness and kurtosis
 -2.131785 5.874747,
 -2.188704 6.586180,
 -1.653611 4.840429,
 -1.212136 3.733721,
 -0.804944 2.501275,

High-band variance
 150.274673,

Skewness, kurtosis, variance, mean, maximum and minimum of the reconstructed texture
 -2.118791 5.633193 6859.535156 220.757446 255.000000 0.000000,

Auto-correlations of the low-frequency bands at each scale
 2506.554932 3074.071777 3528.572510 3753.440186 3684.182373 3349.708008 2824.009521 3150.579346 3908.574707 4593.545898 4930.473145 4723.426758 4114.472656 3362.671143 3625.534424 4628.060547 5640.881836 6127.452148 5715.397461 4737.000000 3727.533936 3831.666748 4962.631348 6136.327637 6676.395996 6136.327637 4962.631348 3831.666748 3727.533936 4737.000000 5715.397461 6127.452148 5640.881836 4628.060547 3625.534424 3362.671143 4114.472656 4723.426758 4930.473145 4593.545898 3908.574707 3150.579346 2824.009521 3349.708008 3684.182373 3753.440186 3528.572510 3074.071777 2506.554932,
 1026.651245 889.896667 972.466064 1209.251221 1346.023193 1329.723877 1244.088257 1123.202759 1429.228760 2177.916260 2736.414795 2496.316650 1790.683838 1287.724976 1364.448975 2354.061768 4046.557617 5019.541016 4232.593750 2563.012451 1456.824463 1537.211426 2909.327637 5059.517578 6173.917969 5059.517578 2909.327637 1537.211426 1456.824463 2563.012451 4232.593750 5019.541016 4046.557617 2354.061768 1364.448975 1287.724976 1790.683838 2496.316650 2736.414795 2177.916260 1429.228760 1123.202759 1244.088257 1329.723877 1346.023193 1209.251221 972.466064 889.896667 1026.651245,
 801.901672 831.143372 693.403137 804.584106 961.666199 988.171814 986.050354 956.764221 797.457825 829.629150 1167.633423 1173.421753 988.871033 957.743103 990.342102 1053.143311 2033.672241 2935.814697 2280.491943 1164.647217 880.742737 939.101624 1346.610596 3040.226562 4211.665527 3040.226562 1346.610596 939.101624 880.742737 1164.647217 2280.491943 2935.814697 2033.672241 1053.143311 990.342102 957.743103 988.871033 1173.421753 1167.633423 829.629150 797.457825 956.764221 986.050354 988.171814 961.666199 804.584106 693.403137 831.143372 801.901672,
 69.272736 115.357697 258.453369 558.793518 772.392944 796.503540 636.419678 298.372070 302.574524 503.879700 827.604553 877.162781 794.281311 731.601074 553.362000 638.529175 1192.846924 1666.731201 1331.321045 818.410278 718.713562 679.010071 860.504822 1679.171631 2260.451660 1679.171631 860.504822 679.010071 718.713562 818.410278 1331.321045 1666.731201 1192.846924 638.529175 553.362000 731.601074 794.281311 877.162781 827.604553 503.879700 302.574524 298.372070 636.419678 796.503540 772.392944 558.793518 258.453369 115.357697 69.272736,
 -592.163574 -522.833069 -287.340576 -58.702362 6.249100 -105.820190 -297.915955 -542.129517 -393.117737 -2.194763 385.538086 495.188110 283.815857 -83.437714 -364.597351 -5.927795 578.026611 1021.609253 977.811035 520.285522 -20.069199 -154.706238 406.510010 1059.231567 1366.062500 1059.231567 406.510010 -154.706238 -20.069199 520.285522 977.811035 1021.609253 578.026611 -5.927795 -364.597351 -83.437714 283.815857 495.188110 385.538086 -2.194763 -393.117737 -542.129517 -297.915955 -105.820190 6.249100 -58.702362 -287.340576 -522.833069 -592.163574,

Auto-correlations of the modulus of each oriented sub-band
 69.005646 76.936493 84.630325 88.434631 86.478745 80.138641 72.931488 89.983681 102.723984 114.353745 119.334152 115.027802 103.776352 91.129097 110.140068 128.200287 144.432648 151.053268 144.403412 128.047211 109.803322 118.435623 139.274170 158.149384 165.936691 158.149384 139.274170 118.435623 109.803322 128.047211 144.403412 151.053268 144.432648 128.200287 110.140068 91.129097 103.776352 115.027802 119.334152 114.353745 102.723984 89.983681 72.931488 80.138641 86.478745 88.434631 84.630325 76.936493 69.005646,
 109.736389 114.143112 115.117867 111.177246 102.576637 91.183121 79.313293 114.895309 129.911118 140.371902 140.579742 129.722824 111.882668 92.547821 116.951111 141.393906 161.523804 167.020355 154.579529 130.878464 104.974335 113.730637 142.151184 167.562271 178.331985 167.562271 142.151184 113.730637 104.974335 130.878464 154.579529 167.020355 161.523804 141.393906 116.951111 92.547821 111.882668 129.722824 140.579742 140.371902 129.911118 114.895309 79.313293 91.183121 102.576637 111.177246 115.117867 114.143112 109.736389,
 69.765480 88.149300 107.128632 115.832428 108.375656 90.653862 72.420815 77.357323 100.333153 124.331596 135.409973 125.267433 102.198067 79.081627 84.472702 111.589699 140.029205 153.337280 140.513458 112.542107 85.243790 87.591476 116.466125 146.588562 160.766174 146.588562 116.466125 87.591476 85.243790 112.542107 140.513458 153.337280 140.029205 111.589699 84.472702 79.081627 102.198067 125.267433 135.409973 124.331596 100.333153 77.357323 72.420815 90.653862 108.375656 115.832428 107.128632 88.149300 69.765480,
 70.132652 80.965691 91.398155 99.394165 103.198982 102.327492 98.066139 82.737122 100.445808 117.058495 127.439911 127.547874 117.760582 103.316528 94.326996 118.507271 140.896561 152.848419 147.891953 128.829193 105.379044 102.450470 129.419128 153.532196 163.700043 153.532196 129.419128 102.450470 105.379044 128.829193 147.891953 152.848419 140.896561 118.507271 94.326996 103.316528 117.760582 127.547874 127.439911 117.058495 100.445808 82.737122 98.066139 102.327492 103.198982 99.394165 91.398155 80.965691 70.132652,
 174.624237 184.295578 191.927383 194.532867 191.153610 185.067978 179.974854 229.320755 254.798386 276.573334 285.184235 276.609467 256.855499 235.051590 294.786743 343.131927 385.863861 403.623871 386.064056 344.746063 298.694580 327.307648 387.288879 441.833405 465.394653 441.833405 387.288879 327.307648 298.694580 344.746063 386.064056 403.623871 385.863861 343.131927 294.786743 235.051590 256.855499 276.609467 285.184235 276.573334 254.798386 229.320755 179.974854 185.067978 191.153610 194.532867 191.927383 184.295578 174.624237,
 313.825684 340.422394 335.174957 302.612152 260.508026 227.043365 208.598557 340.848999 397.685852 419.484741 392.158081 331.552612 270.462097 228.276978 335.569794 419.638733 482.432465 483.443604 419.050934 332.709045 262.347321 303.566833 392.684143 483.185822 524.745300 483.185822 392.684143 303.566833 262.347321 332.709045 419.050934 483.443604 482.432465 419.638733 335.569794 228.276978 270.462097 331.552612 392.158081 419.484741 397.685852 340.848999 208.598557 227.043365 260.508026 302.612152 335.174957 340.422394 313.825684,
 199.439453 244.083832 308.138062 344.801819 321.276001 260.881195 205.787781 209.681793 270.293457 355.637573 402.095612 364.399414 282.179810 213.378754 217.855835 292.595001 396.287445 452.040558 400.591949 298.798798 219.732941 221.755280 303.572693 414.306549 473.182251 414.306549 303.572693 221.755280 219.732941 298.798798 400.591949 452.040558 396.287445 292.595001 217.855835 213.378754 282.179810 364.399414 402.095612 355.637573 270.293457 209.681793 205.787781 260.881195 321.276001 344.801819 308.138062 244.083832 199.439453,
 167.421783 194.610565 230.843323 268.982605 294.445984 293.838531 267.173615 190.563339 236.057266 295.235413 348.161499 366.182922 339.237915 287.014465 222.936066 289.026489 369.480225 426.603210 419.658630 357.288513 283.198029 257.924744 336.894379 421.592468 461.571777 421.592468 336.894379 257.924744 283.198029 357.288513 419.658630 426.603210 369.480225 289.026489 222.936066 287.014465 339.237915 366.182922 348.161499 295.235413 236.057266 190.563339 267.173615 293.838531 294.445984 268.982605 230.843323 194.610565 167.421783,
 84.659042 110.661552 135.411728 147.980103 145.103897 131.543060 115.821594 121.996719 163.197388 205.165314 228.170883 220.855865 190.645874 155.459671 168.525406 243.399628 320.853241 359.247925 333.852386 264.182953 191.558731 201.702911 299.969482 401.083801 446.476227 401.083801 299.969482 201.702911 191.558731 264.182953 333.852386 359.247925 320.853241 243.399628 168.525406 155.459671 190.645874 220.855865 228.170883 205.165314 163.197388 121.996719 115.821594 131.543060 145.103897 147.980103 135.411728 110.661552 84.659042,
 160.545319 211.340714 243.245087 240.286346 227.525970 222.332138 217.551971 217.583725 297.205994 353.173309 336.459473 280.017731 242.643250 228.806076 246.555725 358.154999 468.874664 479.171692 382.561676 281.963776 229.462769 239.230515 340.929688 482.147156 558.612305 482.147156 340.929688 239.230515 229.462769 281.963776 382.561676 479.171692 468.874664 358.154999 246.555725 228.806076 242.643250 280.017731 336.459473 353.173309 297.205994 217.583725 217.551971 222.332138 227.525970 240.286346 243.245087 211.340714 160.545319,
 152.761307 186.146500 239.666824 263.910583 235.194901 206.925613 199.943314 179.835083 235.473892 325.922180 373.228149 314.231262 245.279831 215.526062 209.137070 282.976166 410.011292 487.096802 398.988220 285.547394 228.516006 227.894348 303.190979 441.570618 538.635010 441.570618 303.190979 227.894348 228.516006 285.547394 398.988220 487.096802 410.011292 282.976166 209.137070 215.526062 245.279831 314.231262 373.228149 325.922180 235.473892 179.835083 199.943314 206.925613 235.194901 263.910583 239.666824 186.146500 152.761307,
 89.958115 105.076096 128.359879 160.685272 183.806503 179.206406 153.164963 102.786896 137.515930 192.196808 255.695801 281.785187 250.831512 197.609558 141.858917 206.831635 300.578217 384.731445 380.212433 299.884247 216.285065 190.974701 279.532104 392.142639 453.557068 392.142639 279.532104 190.974701 216.285065 299.884247 380.212433 384.731445 300.578217 206.831635 141.858917 197.609558 250.831512 281.785187 255.695801 192.196808 137.515930 102.786896 153.164963 179.206406 183.806503 160.685272 128.359879 105.076096 89.958115,
 -25.489668 -18.449715 -10.568853 0.270140 13.595430 24.669910 26.868555 0.789501 12.564318 26.593344 40.368046 50.853477 54.075615 45.900272 45.948231 75.871094 103.835800 118.326126 113.671249 93.132965 63.428509 70.137741 112.913864 150.429092 166.079163 150.429092 112.913864 70.137741 63.428509 93.132965 113.671249 118.326126 103.835800 75.871094 45.948231 45.900272 54.075615 50.853477 40.368046 26.593344 12.564318 0.789501 26.868555 24.669910 13.595430 0.270140 -10.568853 -18.449715 -25.489668,
 1.857710 23.587662 35.819225 41.475857 46.155445 52.897720 56.426193 19.035950 55.539536 78.620926 76.972351 62.121662 47.383652 36.774895 28.808121 82.886002 134.012177 140.597168 102.442413 57.407734 23.173172 25.162891 78.523941 144.099823 179.510696 144.099823 78.523941 25.162891 23.173172 57.407734 102.442413 140.597168 134.012177 82.886002 28.808121 36.774895 47.383652 62.121662 76.972351 78.620926 55.539536 19.035950 56.426193 52.897720 46.155445 41.475857 35.819225 23.587662 1.857710,
 -4.806012 16.020115 46.656059 77.519501 88.670601 66.827499 26.474686 -4.507438 29.043495 78.946587 115.971619 109.886421 70.160759 26.028076 1.257112 46.575699 116.846489 160.722473 131.119675 68.549469 21.053314 11.381310 61.007420 137.512436 182.408112 137.512436 61.007420 11.381310 21.053314 68.549469 131.119675 160.722473 116.846489 46.575699 1.257112 26.028076 70.160759 109.886421 115.971619 78.946587 29.043495 -4.507438 26.474686 66.827499 88.670601 77.519501 46.656059 16.020115 -4.806012,
 28.532608 15.556528 4.388294 20.211727 56.090771 72.726021 50.781616 12.141307 6.035282 27.401859 76.326836 111.404846 92.459320 39.100056 -1.793288 19.988087 80.674110 144.967941 149.044281 86.721619 16.834358 -1.486477 54.757076 137.122833 180.679810 137.122833 54.757076 -1.486477 16.834358 86.721619 149.044281 144.967941 80.674110 19.988087 -1.793288 39.100056 92.459320 111.404846 76.326836 27.401859 6.035282 12.141307 50.781616 72.726021 56.090771 20.211727 4.388294 15.556528 28.532608,

Pairwise cross-correlations of the modulus of all oriented sub-bands at the same scale (size QxQ)
 165.936707 117.202515 66.122307 113.001328,
 117.202515 178.331970 112.787109 75.119781,
 66.122307 112.787109 160.766220 110.626450,
 113.001328 75.119781 110.626450 163.700043,
 465.394684 391.750061 327.112732 363.363007,
 391.750061 524.745300 386.297211 345.883728,
 327.112732 386.297211 473.182281 396.173584,
 363.363007 345.883728 396.173584 461.571777,
 446.476288 363.838684 309.777618 331.606445,
 363.838684 558.612366 397.135742 330.210205,
 309.777618 397.135742 538.635071 355.332123,
 331.606445 330.210205 355.332123 453.557159,
 166.079193 118.401237 65.854721 82.542030,
 118.401237 179.510712 98.383759 61.269260,
 65.854721 98.383759 182.408142 117.026031,
 82.542030 61.269260 117.026031 180.679810,

Cross-correlations of the modulus of all oriented sub-bands with all oriented sub-bands at the coarser scale (size QxQ)
 235.632736 209.032211 157.252899 191.886780,
 207.372604 263.706726 199.576096 167.653534,
 155.189011 201.349335 236.500473 194.239014,
 198.570877 173.471085 204.243729 237.491165,
 329.607941 347.322174 316.437836 325.888672,
 335.772675 410.245667 361.595917 306.036835,
 292.837494 360.927002 387.567322 328.035858,
 300.826324 321.094482 345.720276 336.951996,
 166.361801 138.091599 128.904572 145.832138,
 145.156906 158.082764 165.183273 148.605682,
 127.738846 126.250793 163.501251 168.269760,
 127.523186 101.187714 137.940384 152.755157,

Cross-correlations of the real part of each oriented sub-band with both the real and imaginary part of all phase-doubled oriented sub-bands at the next coarser scale (Q matrices of size 1x2Q, which are computed and stored in a matrix of size Qx2Q)
 99.626816 46.362816 3.755821 42.006336 -2.182706 1.822183 0.282685 2.686231,
 48.382729 99.552864 37.602852 3.618916 0.798162 3.031034 0.813465 0.246736,
 4.652733 39.120686 85.983749 39.756699 0.349364 0.841453 -1.495949 -1.612095,
 41.294861 3.121292 38.584595 92.671455 -1.277786 0.058910 -2.216640 1.660802,
 -96.401466 -30.080313 -5.491104 -44.092720 -32.798897 -12.739442 1.320321 9.237730,
 -34.308361 -92.462402 -53.682320 -8.539219 -16.240194 -0.604280 21.681635 -0.127108,
 -2.877280 -53.134525 -149.813843 -75.899376 -1.735768 13.060977 14.736522 -10.941605,
 -44.036747 -5.992849 -74.965027 -129.499573 -10.543426 -1.322577 -8.171755 2.519512,
 -134.437622 -66.438599 -5.875821 -28.821598 4.327104 1.384131 -4.918972 3.782037,
 -79.934967 -108.053642 -46.334782 -3.188570 15.254841 3.688823 5.525397 -5.630281,
 -5.876450 -37.181137 -89.446243 -21.242249 1.533969 -8.077559 6.473183 -35.071499,
 -38.409042 -7.772748 -35.114056 -56.863647 -10.982456 -4.847533 -19.492872 -28.384621,
