Low-band skewness and kurtosis
 -2.287835 6.529940,
 -2.324724 7.050652,
 -1.946278 5.600247,
 -1.759188 4.921758,
 -1.303243 3.507864,

High-band variance
 123.600533,

Skewness, kurtosis, variance, mean, maximum and minimum of the reconstructed texture
 -2.276779 6.317192 6433.257324 223.746338 255.000000 0.000000,

Auto-correlations of the low-frequency bands at each scale
 3553.587402 3925.935547 4188.235840 4259.542969 4119.613770 3832.717773 3478.719238 3916.719482 4435.420410 4875.672852 5031.479004 4796.244141 4328.116699 3832.303467 4162.922852 4865.603516 5575.272461 5879.730469 5523.325195 4797.046875 4112.727539 4239.033203 5027.145020 5882.115234 6282.647461 5882.115234 5027.145020 4239.033203 4112.727539 4797.046875 5523.325195 5879.730469 5575.272461 4865.603516 4162.922852 3832.303467 4328.116699 4796.244141 5031.479004 4875.672852 4435.420410 3916.719482 3478.719238 3832.717773 4119.613770 4259.542969 4188.235840 3925.935547 3553.587402,
 2164.361572 2304.037109 2532.939209 2672.963135 2648.853760 2649.791504 2740.705811 2506.282959 2834.579834 3385.984863 3652.871094 3330.669434 2867.997314 2733.528076 2696.617920 3388.965088 4532.865723 5104.882812 4446.265137 3326.786865 2770.593506 2787.112793 3629.312256 5086.766113 5866.262695 5086.766113 3629.312256 2787.112793 2770.593506 3326.786865 4446.265137 5104.882812 4532.865723 3388.965088 2696.617920 2733.528076 2867.997314 3330.669434 3652.871094 3385.984863 2834.579834 2506.282959 2740.705811 2649.791504 2648.853760 2672.963135 2532.939209 2304.037109 2164.361572,
 766.701172 1004.017761 1271.748779 1739.404419 2168.619629 2430.294189 2584.417969 1366.729980 1526.777710 1872.771729 2328.958740 2438.302490 2424.683105 2545.182617 1924.161499 2277.830078 3089.886719 3725.197754 3322.603516 2694.071289 2567.913086 2374.218262 2793.803467 3868.784180 4598.863281 3868.784180 2793.803467 2374.218262 2567.913086 2694.071289 3322.603516 3725.197754 3089.886719 2277.830078 1924.161499 2545.182617 2424.683105 2438.302490 2328.958740 1872.771729 1526.777710 1366.729980 2584.417969 2430.294189 2168.619629 1739.404419 1271.748779 1004.017761 766.701172,
 -976.052124 -864.782166 -499.171997 204.475037 1120.869751 1870.033447 2115.740723 -693.736694 -276.333618 424.056396 1323.603882 2124.508789 2481.076172 2229.575684 -75.446960 796.674072 1849.705200 2682.125488 2882.568359 2466.593018 1684.551514 784.160889 1860.936279 2904.415771 3370.743164 2904.415771 1860.936279 784.160889 1684.551514 2466.593018 2882.568359 2682.125488 1849.705200 796.674072 -75.446960 2229.575684 2481.076172 2124.508789 1323.603882 424.056396 -276.333618 -693.736694 2115.740723 1870.033447 1120.869751 204.475037 -499.171997 -864.782166 -976.052124,
 -307.128235 -908.215088 -1229.680786 -1068.948975 -389.029205 395.442291 696.424438 -849.917725 -1250.437134 -1082.444336 -200.597473 926.053223 1395.226929 884.475952 -1266.593018 -960.152588 161.441895 1565.913330 2157.688477 1471.128662 176.876282 -884.936646 297.790405 1834.654297 2577.076660 1834.654297 297.790405 -884.936646 176.876282 1471.128662 2157.688477 1565.913330 161.441895 -960.152588 -1266.593018 884.475952 1395.226929 926.053223 -200.597473 -1082.444336 -1250.437134 -849.917725 696.424438 395.442291 -389.029205 -1068.948975 -1229.680786 -908.215088 -307.128235,

Auto-correlations of the modulus of each oriented sub-band
 82.831154 87.559944 91.583321 92.899071 90.895790 86.942070 83.204033 93.834709 102.238617 109.757805 112.669250 109.429176 102.012634 94.260567 105.429214 118.443626 130.407257 135.359863 130.497498 118.687584 105.960892 110.979980 126.289627 140.610519 146.629517 140.610519 126.289627 110.979980 105.960892 118.687584 130.497498 135.359863 130.407257 118.443626 105.429214 94.260567 102.012634 109.429176 112.669250 109.757805 102.238617 93.834709 83.204033 86.942070 90.895790 92.899071 91.583321 87.559944 82.831154,
 83.282661 87.895218 91.940308 93.293968 91.803253 88.588562 84.506157 89.651581 101.393616 111.446449 113.979324 108.471825 99.030487 89.368073 94.246941 112.182999 128.865860 134.246674 125.213219 108.973022 93.130455 95.234612 114.722244 134.297958 143.220306 134.297958 114.722244 95.234612 93.130455 108.973022 125.213219 134.246674 128.865860 112.182999 94.246941 89.368073 99.030487 108.471825 113.979324 111.446449 101.393616 89.651581 84.506157 88.588562 91.803253 93.293968 91.940308 87.895218 83.282661,
 77.902664 88.276581 101.559441 109.135071 105.302238 94.577866 84.908951 86.076286 101.001770 119.184509 128.878204 121.854797 105.344360 90.644051 93.863693 112.890053 135.399979 146.941696 136.784744 115.091057 96.075439 97.697571 118.409744 142.459320 154.412552 142.459320 118.409744 97.697571 96.075439 115.091057 136.784744 146.941696 135.399979 112.890053 93.863693 90.644051 105.344360 121.854797 128.878204 119.184509 101.001770 86.076286 84.908951 94.577866 105.302238 109.135071 101.559441 88.276581 77.902664,
 95.916451 102.511040 109.225922 114.326859 116.077698 114.277336 110.778618 102.006027 114.397362 127.281250 135.647430 134.927490 125.744286 113.994095 108.154358 126.680717 145.732971 156.466171 151.643311 134.513855 115.461243 113.313606 134.918335 156.221146 165.684143 156.221146 134.918335 113.313606 115.461243 134.513855 151.643311 156.466171 145.732971 126.680717 108.154358 113.994095 125.744286 134.927490 135.647430 127.281250 114.397362 102.006027 110.778618 114.277336 116.077698 114.326859 109.225922 102.511040 95.916451,
 195.113342 214.140732 229.545074 239.562195 243.365936 241.907181 236.846130 251.757050 277.335114 297.687378 306.734955 301.759399 286.493988 267.313629 305.541534 343.103973 375.455109 388.828949 375.669586 344.321686 308.604584 329.250732 373.792908 413.920990 431.202515 413.920990 373.792908 329.250732 308.604584 344.321686 375.669586 388.828949 375.455109 343.103973 305.541534 267.313629 286.493988 301.759399 306.734955 297.687378 277.335114 251.757050 236.846130 241.907181 243.365936 239.562195 229.545074 214.140732 195.113342,
 189.855133 204.866608 208.930557 203.942551 196.384171 189.232758 182.196716 222.273285 249.834747 262.661774 254.219421 234.169846 214.448944 198.083282 237.161224 278.381836 310.555603 311.150085 281.215515 244.621094 215.495575 231.065262 272.669037 317.922211 339.858154 317.922211 272.669037 231.065262 215.495575 244.621094 281.215515 311.150085 310.555603 278.381836 237.161224 198.083282 214.448944 234.169846 254.219421 262.661774 249.834747 222.273285 182.196716 189.232758 196.384171 203.942551 208.930557 204.866608 189.855133,
 173.496063 188.427139 216.403000 241.544708 245.938736 232.847153 214.753754 185.051346 208.129135 250.622284 283.429565 275.376862 243.954056 216.472275 196.981918 228.278748 283.722748 322.129456 298.438507 248.697174 214.296951 207.499298 243.485855 302.873566 339.028259 302.873566 243.485855 207.499298 214.296951 248.697174 298.438507 322.129456 283.722748 228.278748 196.981918 216.472275 243.954056 275.376862 283.429565 250.622284 208.129135 185.051346 214.753754 232.847153 245.938736 241.544708 216.403000 188.427139 173.496063,
 235.208679 263.254364 290.194916 317.194366 340.171783 351.474457 348.300720 269.088776 301.324890 337.446198 373.480713 394.801971 391.151550 369.989960 305.796326 347.492676 396.844055 436.878693 441.280518 410.038208 368.623596 342.855957 391.418793 443.007294 467.880676 443.007294 391.418793 342.855957 368.623596 410.038208 441.280518 436.878693 396.844055 347.492676 305.796326 369.989960 391.151550 394.801971 373.480713 337.446198 301.324890 269.088776 348.300720 351.474457 340.171783 317.194366 290.194916 263.254364 235.208679,
 60.894501 106.894920 151.699982 192.311066 223.534515 239.224670 236.983765 111.194038 162.391785 208.133011 241.277649 257.356659 257.174561 244.716064 182.893921 247.446838 304.323029 332.975464 324.845306 291.877991 252.115601 241.183868 306.398010 366.416931 392.315735 366.416931 306.398010 241.183868 252.115601 291.877991 324.845306 332.975464 304.323029 247.446838 182.893921 244.716064 257.174561 257.356659 241.277649 208.133011 162.391785 111.194038 236.983765 239.224670 223.534515 192.311066 151.699982 106.894920 60.894501,
 80.159958 125.465179 145.886703 155.632980 174.418900 193.589355 200.477158 107.738464 174.853027 216.538803 205.753265 185.409866 186.989166 196.167175 127.173737 199.177521 277.565277 283.645538 225.156082 180.639984 172.573242 146.337204 191.117081 275.841858 327.262421 275.841858 191.117081 146.337204 172.573242 180.639984 225.156082 283.645538 277.565277 199.177521 127.173737 196.167175 186.989166 185.409866 205.753265 216.538803 174.853027 107.738464 200.477158 193.589355 174.418900 155.632980 145.886703 125.465179 80.159958,
 49.621979 128.571930 225.767181 300.928833 332.090485 335.967804 315.056885 105.343285 192.775375 303.088318 379.496643 381.458435 348.937073 304.097870 165.921799 256.347778 371.299896 443.978882 412.898712 340.761108 272.828186 224.576248 308.875946 411.591736 470.039185 411.591736 308.875946 224.576248 272.828186 340.761108 412.898712 443.978882 371.299896 256.347778 165.921799 304.097870 348.937073 381.458435 379.496643 303.088318 192.775375 105.343285 315.056885 335.967804 332.090485 300.928833 225.767181 128.571930 49.621979,
 48.678848 104.503021 173.851364 242.797333 287.570129 292.865540 269.106384 93.667892 156.405029 237.149384 314.095032 341.936859 309.855835 257.149841 141.680267 217.170761 319.166840 400.902771 392.468170 313.202454 233.367279 191.418030 279.236542 388.377686 445.932037 388.377686 279.236542 191.418030 233.367279 313.202454 392.468170 400.902771 319.166840 217.170761 141.680267 257.149841 309.855835 341.936859 314.095032 237.149384 156.405029 93.667892 269.106384 292.865540 287.570129 242.797333 173.851364 104.503021 48.678848,
 -10.970364 -6.420727 2.430315 12.901186 19.937075 20.586046 16.816051 -3.232599 4.505885 14.014407 21.359678 24.846004 24.393120 19.243101 1.763438 15.685539 32.298336 38.347065 30.779150 21.397072 15.027010 6.348368 19.663422 40.925198 53.167648 40.925198 19.663422 6.348368 15.027010 21.397072 30.779150 38.347065 32.298336 15.685539 1.763438 19.243101 24.393120 24.846004 21.359678 14.014407 4.505885 -3.232599 16.816051 20.586046 19.937075 12.901186 2.430315 -6.420727 -10.970364,
 -9.064964 8.051228 35.099789 63.536503 80.383148 83.423630 77.441605 21.828323 44.883640 76.523026 104.199875 113.318680 105.489792 90.095543 51.485451 82.621895 119.931534 143.499924 137.818649 113.425011 87.143669 73.767990 107.055359 143.913879 161.716095 143.913879 107.055359 73.767990 87.143669 113.425011 137.818649 143.499924 119.931534 82.621895 51.485451 90.095543 105.489792 113.318680 104.199875 76.523026 44.883640 21.828323 77.441605 83.423630 80.383148 63.536503 35.099789 8.051228 -9.064964,
 -37.225929 6.400744 39.398155 47.340240 41.274994 37.732685 38.712906 -22.267567 33.376343 85.158493 94.094498 68.466217 45.946358 38.343128 -5.463346 51.895660 123.382698 145.965714 101.569420 50.820206 27.790606 11.666619 55.554974 128.936768 171.964325 128.936768 55.554974 11.666619 27.790606 50.820206 101.569420 145.965714 123.382698 51.895660 -5.463346 38.343128 45.946358 68.466217 94.094498 85.158493 33.376343 -22.267567 38.712906 37.732685 41.274994 47.340240 39.398155 6.400744 -37.225929,
 -39.252300 -16.559517 10.689648 35.275764 48.609379 46.035015 32.223614 -11.200577 22.329538 58.621498 85.305206 90.135170 71.919357 42.255802 17.716423 61.031425 105.680565 132.462723 124.645363 89.234291 46.492470 38.613075 86.492157 132.707260 153.549835 132.707260 86.492157 38.613075 46.492470 89.234291 124.645363 132.462723 105.680565 61.031425 17.716423 42.255802 71.919357 90.135170 85.305206 58.621498 22.329538 -11.200577 32.223614 46.035015 48.609379 35.275764 10.689648 -16.559517 -39.252300,

Pairwise cross-correlations of the modulus of all oriented sub-bands at the same scale (size QxQ)
 146.629501 106.172409 82.973457 117.357758,
 106.172409 143.220306 108.682243 83.905197,
 82.973457 108.682243 154.412552 119.710587,
 117.357758 83.905197 119.710587 165.684143,
 431.202515 298.952240 269.202484 365.384460,
 298.952240 339.858185 263.706848 286.522247,
 269.202484 263.706848 339.028351 317.576202,
 365.384460 286.522247 317.576202 467.880737,
 392.315826 275.445618 303.001373 325.740479,
 275.445618 327.262482 288.512238 262.420044,
 303.001373 288.512238 470.039185 385.587311,
 325.740479 262.420044 385.587311 445.932129,
 53.167648 69.057350 32.377945 36.053608,
 69.057350 161.716095 92.938538 77.478973,
 32.377945 92.938538 171.964355 133.442810,
 36.053608 77.478973 133.442810 153.549866,

Cross-correlations of the modulus of all oriented sub-bands with all oriented sub-bands at the coarser scale (size QxQ)
 215.983047 164.667648 141.031387 198.601532,
 181.301956 188.578308 163.129593 169.830185,
 156.398621 164.784821 194.004044 200.340424,
 195.619064 147.495224 175.041260 241.358322,
 318.699585 253.086029 287.615021 292.549622,
 279.971344 262.178009 277.339844 245.085800,
 259.418823 230.507141 286.618500 274.740753,
 318.679382 266.422699 327.329803 341.252258,
 76.079132 134.980194 120.512436 155.094955,
 72.890991 143.235428 105.020180 123.621277,
 69.957802 130.655548 126.270111 152.871780,
 63.139076 108.071152 128.058945 165.369110,

Cross-correlations of the real part of each oriented sub-band with both the real and imaginary part of all phase-doubled oriented sub-bands at the next coarser scale (Q matrices of size 1x2Q, which are computed and stored in a matrix of size Qx2Q)
 81.668793 34.050186 5.019298 42.827671 -0.874183 -2.309004 0.538738 -2.174032,
 32.606243 68.647804 29.789137 3.674081 -2.972891 2.855929 6.237517 0.395365,
 4.052522 28.607376 71.063522 36.794758 0.180979 6.216497 6.355948 -1.478830,
 41.666672 3.560189 37.501949 89.731934 2.412013 0.569117 0.637006 -5.906909,
 -39.976498 -19.862122 -2.645117 -37.341621 -17.991163 -7.552757 -0.405271 3.529702,
 -9.673916 -54.403870 -16.933180 -3.115621 -13.307518 -5.552781 -8.050135 1.760565,
 -1.829150 -22.101906 -52.637932 -31.356358 -0.108813 6.489124 -17.361198 -6.558165,
 -25.901644 -1.006809 -29.744820 -79.255386 -0.873507 0.695881 -4.540691 -8.746966,
 -15.283131 -9.747480 6.006639 7.921737 -12.751094 -27.651245 1.227895 -4.499275,
 -16.592150 -1.894950 3.649826 0.687719 -23.443386 -57.423195 9.893790 1.200544,
 -1.921510 -1.254858 2.338151 12.097394 -2.269332 -9.371078 40.268002 -11.004589,
 2.701077 -0.886675 6.403890 24.303429 1.922466 3.538795 16.913122 -21.686975,
