Low-band skewness and kurtosis
 -2.129334 5.864064,
 -2.188495 6.580800,
 -1.637485 4.814203,
 -1.309463 4.363736,
 -1.507434 4.585909,

High-band variance
 149.405441,

Skewness, kurtosis, variance, mean, maximum and minimum of the reconstructed texture
 -2.117704 5.630551 6863.675293 220.711853 255.000000 0.000000,

Auto-correlations of the low-frequency bands at each scale
 2586.458740 3196.222900 3649.410400 3844.711914 3711.548584 3282.792236 2675.923584 3171.718262 3967.527588 4660.724609 4981.459961 4731.332031 4060.815674 3254.373047 3617.871582 4644.604980 5664.905273 6146.672363 5715.147461 4708.328613 3667.894531 3806.409668 4955.595215 6137.844727 6681.665039 6137.844727 4955.595215 3806.409668 3667.894531 4708.328613 5715.147461 6146.672363 5664.905273 4644.604980 3617.871582 3254.373047 4060.815674 4731.332031 4981.459961 4660.724609 3967.527588 3171.718262 2675.923584 3282.792236 3711.548584 3844.711914 3649.410400 3196.222900 2586.458740,
 1047.063110 1061.238159 1290.854004 1457.128052 1296.783691 988.897095 818.083923 1070.799194 1490.316406 2360.721680 2887.241699 2451.245117 1571.304688 1053.504517 1218.004761 2328.203125 4108.937988 5069.671875 4179.754395 2412.514648 1269.230103 1339.696777 2815.960938 5045.204102 6191.270996 5045.204102 2815.960938 1339.696777 1269.230103 2412.514648 4179.754395 5069.671875 4108.937988 2328.203125 1218.004761 1053.504517 1571.304688 2451.245117 2887.241699 2360.721680 1490.316406 1070.799194 818.083923 988.897095 1296.783691 1457.128052 1290.854004 1061.238159 1047.063110,
 716.790161 942.099609 1006.791016 924.160706 818.188477 845.190918 966.256714 697.805908 785.990479 1093.690918 1231.301514 826.469910 566.578247 880.900391 536.105408 862.438171 2178.523682 3025.367188 2040.025635 776.930969 731.237854 537.875916 1027.003052 2996.146484 4312.330566 2996.146484 1027.003052 537.875916 731.237854 776.930969 2040.025635 3025.367188 2178.523682 862.438171 536.105408 880.900391 566.578247 826.469910 1231.301514 1093.690918 785.990479 697.805908 966.256714 845.190918 818.188477 924.160706 1006.791016 942.099609 716.790161,
 218.764786 470.957397 656.695984 765.847473 722.934143 621.322876 516.551636 301.808838 442.517700 684.110352 892.446045 844.848389 727.909302 573.964478 352.001587 547.292297 1156.800537 1604.413086 1269.337402 794.339539 579.761230 485.936523 756.048645 1555.937012 2121.585449 1555.937012 756.048645 485.936523 579.761230 794.339539 1269.337402 1604.413086 1156.800537 547.292297 352.001587 573.964478 727.909302 844.848389 892.446045 684.110352 442.517700 301.808838 516.551636 621.322876 722.934143 765.847473 656.695984 470.957397 218.764786,
 -586.747437 -360.917267 -70.832016 122.360352 98.694565 -130.369537 -436.837280 -523.622314 -251.356613 201.506866 531.174927 448.190155 74.042282 -319.588989 -318.241089 40.346916 657.876953 1068.702759 837.145996 268.906250 -181.059723 -152.641296 284.424927 961.623352 1336.610474 961.623352 284.424927 -152.641296 -181.059723 268.906250 837.145996 1068.702759 657.876953 40.346916 -318.241089 -319.588989 74.042282 448.190155 531.174927 201.506866 -251.356613 -523.622314 -436.837280 -130.369537 98.694565 122.360352 -70.832016 -360.917267 -586.747437,

Auto-correlations of the modulus of each oriented sub-band
 63.038986 70.678398 77.969879 81.172943 78.599182 71.845772 64.471062 83.766930 96.347359 107.602638 112.117432 107.551277 96.353477 83.878899 103.885086 121.622238 137.157425 143.209167 136.660324 120.914810 103.222443 112.111282 132.338501 150.322693 157.653336 150.322693 132.338501 112.111282 103.222443 120.914810 136.660324 143.209167 137.157425 121.622238 103.885086 83.878899 96.353477 107.551277 112.117432 107.602638 96.347359 83.766930 64.471062 71.845772 78.599182 81.172943 77.969879 70.678398 63.038986,
 103.195068 108.769165 110.249481 106.446198 97.966400 86.489990 73.799179 107.721367 123.731476 134.803177 135.237610 124.497665 106.695862 87.102226 109.130913 134.120789 154.621017 160.349243 148.086441 124.465607 98.504585 106.155876 134.719055 160.128174 170.828751 160.128174 134.719055 106.155876 98.504585 124.465607 148.086441 160.349243 154.621017 134.120789 109.130913 87.102226 106.695862 124.497665 135.237610 134.803177 123.731476 107.721367 73.799179 86.489990 97.966400 106.446198 110.249481 108.769165 103.195068,
 65.712700 87.234291 106.140656 113.123375 103.931854 84.729851 65.146645 73.455818 99.835228 123.954086 133.479919 121.792328 97.255959 72.279289 80.346382 110.836960 139.705856 152.019012 138.287308 109.126389 79.388283 82.758118 114.638435 145.578552 159.682770 145.578552 114.638435 82.758118 79.388283 109.126389 138.287308 152.019012 139.705856 110.836960 80.346382 72.279289 97.255959 121.792328 133.479919 123.954086 99.835228 73.455818 65.146645 84.729851 103.931854 113.123375 106.140656 87.234291 65.712700,
 56.578529 68.635864 80.286385 88.689590 91.904076 90.148773 85.643456 69.547165 87.998344 105.337006 115.884964 115.383347 105.088478 91.302704 81.548477 105.651863 128.303299 140.412338 134.924362 115.674370 93.319595 90.035568 116.178291 140.349518 150.874878 140.349518 116.178291 90.035568 93.319595 115.674370 134.924362 140.412338 128.303299 105.651863 81.548477 91.302704 105.088478 115.383347 115.884964 105.337006 87.998344 69.547165 85.643456 90.148773 91.904076 88.689590 80.286385 68.635864 56.578529,
 157.143600 170.112549 178.209122 180.418106 176.642380 168.095612 156.959579 220.701233 250.454849 273.141357 281.615234 272.088745 248.387405 218.935303 286.672516 338.897217 381.766449 398.740356 380.716095 336.964600 284.879730 315.196899 378.596436 432.533447 454.850433 432.533447 378.596436 315.196899 284.879730 336.964600 380.716095 398.740356 381.766449 338.897217 286.672516 218.935303 248.387405 272.088745 281.615234 273.141357 250.454849 220.701233 156.959579 168.095612 176.642380 180.418106 178.209122 170.112549 157.143600,
 255.322678 283.464661 277.627869 239.903107 187.926392 139.819275 105.688644 284.041992 344.894379 367.560699 335.576263 265.494049 190.013824 132.496216 272.756592 365.005005 432.664062 431.768219 359.586060 260.350342 175.653152 228.978806 330.131104 430.246277 475.237549 430.246277 330.131104 228.978806 175.653152 260.350342 359.586060 431.768219 432.664062 365.005005 272.756592 132.496216 190.013824 265.494049 335.576263 367.560699 344.894379 284.041992 105.688644 139.819275 187.926392 239.903107 277.627869 283.464661 255.322678,
 141.969040 202.846222 274.032410 302.111938 259.722473 185.212006 125.847786 149.899780 227.372299 321.336639 361.293945 307.857391 213.219376 140.712402 155.351883 245.086380 359.054108 412.764679 350.445892 236.636948 151.099014 156.122986 248.857925 371.101410 434.579193 371.101410 248.857925 156.122986 151.099014 236.636948 350.445892 412.764679 359.054108 245.086380 155.351883 140.712402 213.219376 307.857391 361.293945 321.336639 227.372299 149.899780 125.847786 185.212006 259.722473 302.111938 274.032410 202.846222 141.969040,
 110.700195 131.382935 160.433472 195.277924 223.302063 228.999268 208.519806 126.950607 164.791855 218.470413 272.988831 300.777527 285.479858 237.848190 156.861847 220.600479 299.730408 360.827148 364.893372 310.806488 234.716766 199.869308 282.355530 365.790894 403.570068 365.790894 282.355530 199.869308 234.716766 310.806488 364.893372 360.827148 299.730408 220.600479 156.861847 237.848190 285.479858 300.777527 272.988831 218.470413 164.791855 126.950607 208.519806 228.999268 223.302063 195.277924 160.433472 131.382935 110.700195,
 67.539856 82.874718 108.001129 134.727661 155.134094 167.610199 173.546234 132.621735 171.372665 216.268387 250.864502 261.922211 250.500259 229.141785 224.182236 301.846069 381.648895 426.162384 407.996002 341.632812 268.569641 276.874451 378.255371 481.471344 528.466370 481.471344 378.255371 276.874451 268.569641 341.632812 407.996002 426.162384 381.648895 301.846069 224.182236 229.141785 250.500259 261.922211 250.864502 216.268387 171.372665 132.621735 173.546234 167.610199 155.134094 134.727661 108.001129 82.874718 67.539856,
 110.678085 133.422775 134.892792 116.748726 101.185059 99.878410 105.514450 153.311371 220.137878 250.885651 213.174896 143.066986 97.472404 90.867317 162.128052 276.602234 377.843079 373.512329 263.169006 145.468964 87.959877 123.240356 235.971222 386.440430 462.967712 386.440430 235.971222 123.240356 87.959877 145.468964 263.169006 373.512329 377.843079 276.602234 162.128052 90.867317 97.472404 143.066986 213.174896 250.885651 220.137878 153.311371 105.514450 99.878410 101.185059 116.748726 134.892792 133.422775 110.678085,
 128.268814 139.119385 182.175323 227.811890 198.637665 119.623833 73.181549 137.712555 161.321442 252.795120 334.942383 278.351013 148.778656 78.792984 128.977539 176.466599 323.285126 437.645630 344.324738 171.293442 90.404884 109.292389 180.732162 361.819641 482.264099 361.819641 180.732162 109.292389 90.404884 171.293442 344.324738 437.645630 323.285126 176.466599 128.977539 78.792984 148.778656 278.351013 334.942383 252.795120 161.321442 137.712555 73.181549 119.623833 198.637665 227.811890 182.175323 139.119385 128.268814,
 85.923584 112.673042 151.867569 191.151245 208.818466 194.075470 167.220734 116.531723 160.591614 227.786118 298.156311 322.661774 281.550354 214.508377 155.066650 230.927307 347.046143 446.134827 441.007812 337.989563 224.896423 196.013260 309.261536 453.201538 526.366699 453.201538 309.261536 196.013260 224.896423 337.989563 441.007812 446.134827 347.046143 230.927307 155.066650 214.508377 281.550354 322.661774 298.156311 227.786118 160.591614 116.531723 167.220734 194.075470 208.818466 191.151245 151.867569 112.673042 85.923584,
 7.219353 17.865223 23.875788 21.101013 9.086699 -3.842029 -10.433177 5.658715 22.752558 37.802177 39.856209 25.669621 6.444773 -6.718858 7.792377 36.709980 71.366135 86.185158 67.946777 34.832104 9.167213 17.805986 54.894196 102.559631 126.649483 102.559631 54.894196 17.805986 9.167213 34.832104 67.946777 86.185158 71.366135 36.709980 7.792377 -6.718858 6.444773 25.669621 39.856209 37.802177 22.752558 5.658715 -10.433177 -3.842029 9.086699 21.101013 23.875788 17.865223 7.219353,
 -4.576460 17.742794 33.867317 33.021618 23.741730 14.443146 8.708832 -2.220002 26.883003 55.400780 53.843933 32.178078 13.156723 1.810469 1.922877 36.594219 84.624680 94.257713 55.763351 16.920559 -3.943772 -0.799334 30.439228 85.492310 119.541664 85.492310 30.439228 -0.799334 -3.943772 16.920559 55.763351 94.257713 84.624680 36.594219 1.922877 1.810469 13.156723 32.178078 53.843933 55.400780 26.883003 -2.220002 8.708832 14.443146 23.741730 33.021618 33.867317 17.742794 -4.576460,
 5.220687 11.015200 30.535679 44.963310 30.080051 1.349560 -3.038105 7.262593 12.717138 45.673153 69.935020 43.434391 4.490161 -0.118874 7.000552 13.970673 60.329262 96.130219 58.235619 8.908962 2.217954 4.710083 12.720394 66.099884 108.546867 66.099884 12.720394 4.710083 2.217954 8.908962 58.235619 96.130219 60.329262 13.970673 7.000552 -0.118874 4.490161 43.434391 69.935020 45.673153 12.717138 7.262593 -3.038105 1.349560 30.080051 44.963310 30.535679 11.015200 5.220687,
 11.492440 20.490744 18.196285 17.262871 17.202290 15.356090 12.824908 17.291443 19.744331 26.822664 45.294388 52.456360 36.058216 11.914572 12.554192 22.421099 57.608341 97.782242 93.505737 48.033829 7.800601 6.944216 38.114590 96.196083 130.968414 96.196083 38.114590 6.944216 7.800601 48.033829 93.505737 97.782242 57.608341 22.421099 12.554192 11.914572 36.058216 52.456360 45.294388 26.822664 19.744331 17.291443 12.824908 15.356090 17.202290 17.262871 18.196285 20.490744 11.492440,

Pairwise cross-correlations of the modulus of all oriented sub-bands at the same scale (size QxQ)
 157.653336 109.704132 58.492207 101.839470,
 109.704132 170.828781 111.754944 65.473465,
 58.492207 111.754944 159.682785 99.559082,
 101.839470 65.473465 99.559082 150.874878,
 454.850464 373.038940 312.348999 341.766724,
 373.038940 475.237579 360.058014 296.417297,
 312.348999 360.058014 434.579163 331.328430,
 341.766724 296.417297 331.328430 403.570129,
 528.466431 345.489807 280.149841 381.627197,
 345.489807 462.967773 357.581177 303.304962,
 280.149841 357.581177 482.264099 355.746002,
 381.627197 303.304962 355.746002 526.366821,
 126.649483 57.597717 36.540615 74.929321,
 57.597717 119.541664 56.829567 38.688156,
 36.540615 56.829567 108.546875 63.217884,
 74.929321 38.688156 63.217884 130.968414,

Cross-correlations of the modulus of all oriented sub-bands with all oriented sub-bands at the coarser scale (size QxQ)
 225.635681 191.749573 142.816315 172.164658,
 203.106171 246.964584 193.687302 148.011444,
 156.711853 189.616440 225.971680 171.195480,
 188.855698 149.911270 180.898834 210.474594,
 358.372650 322.310272 295.275848 337.763611,
 317.551331 361.830414 325.415558 310.117279,
 271.987305 294.224976 342.030304 333.735077,
 292.811554 269.640839 314.999146 346.768036,
 144.552826 95.430870 79.715164 127.937141,
 103.618256 121.392433 88.458939 83.761459,
 119.960175 121.347961 93.157898 107.771530,
 133.821976 100.548805 106.503395 138.638367,

Cross-correlations of the real part of each oriented sub-band with both the real and imaginary part of all phase-doubled oriented sub-bands at the next coarser scale (Q matrices of size 1x2Q, which are computed and stored in a matrix of size Qx2Q)
 102.745506 45.456264 2.882727 37.910633 -1.022489 -0.306292 0.168083 0.490967,
 48.393017 101.795296 46.217400 4.096104 -1.938744 -3.693074 -2.306665 -0.395000,
 4.446357 44.840015 96.284042 35.709316 -0.587381 -2.154386 -2.925277 -0.700565,
 41.692280 4.104141 36.496468 81.158920 -0.815403 0.322837 0.373994 0.799495,
 -179.893570 -74.465294 -9.303532 -76.850929 -2.431019 3.452233 -1.028743 16.251842,
 -74.990265 -156.187256 -67.117905 -9.098532 8.991764 -17.744711 -18.053112 2.436031,
 -7.298542 -68.653023 -148.221710 -59.833122 -2.335069 -17.827560 -31.297621 -0.005672,
 -83.629326 -8.167310 -69.809357 -148.353973 -13.749978 -0.973085 -9.695961 12.067739,
 -28.716631 -48.630363 -8.430141 -42.050720 -4.260180 -4.645406 2.727908 0.726536,
 -29.073795 -95.083649 -38.109116 -4.197004 -3.925178 8.294069 7.021680 1.835976,
 -7.597764 -39.869461 -50.265770 -47.864841 3.699483 6.080828 18.503155 8.627031,
 -6.923078 -5.248308 -19.658510 -107.796135 11.298002 -1.899782 13.721684 10.496987,
