Low-band skewness and kurtosis
 -2.149471 5.948757,
 -2.208584 6.652690,
 -1.638926 4.634058,
 -1.494262 4.739896,
 -1.230705 3.951139,

High-band variance
 150.191925,

Skewness, kurtosis, variance, mean, maximum and minimum of the reconstructed texture
 -2.135891 5.706410 6811.450195 221.096375 255.000000 0.000000,

Auto-correlations of the low-frequency bands at each scale
 2862.455322 3388.892334 3753.144043 3873.252441 3711.526367 3316.251221 2787.696045 3387.944580 4114.108398 4720.171875 4958.894531 4680.425781 4055.897461 3341.489990 3775.967529 4736.245605 5680.579102 6099.674805 5660.125977 4709.554199 3759.557861 3921.406006 4993.442871 6111.287109 6628.408203 6111.287109 4993.442871 3921.406006 3759.557861 4709.554199 5660.125977 6099.674805 5680.579102 4736.245605 3775.967529 3341.489990 4055.897461 4680.425781 4958.894531 4720.171875 4114.108398 3387.944580 2787.696045 3316.251221 3711.526367 3873.252441 3753.144043 3388.892334 2862.455322,
 1398.181641 1520.202759 1669.244385 1723.668701 1602.936035 1471.923706 1486.461182 1449.571777 1892.641968 2621.410156 2987.707520 2560.806641 1833.272095 1472.991211 1621.765991 2626.537842 4232.386230 5054.488281 4191.959473 2576.182861 1600.519409 1714.244141 3016.208008 5074.909180 6140.133789 5074.909180 3016.208008 1714.244141 1600.519409 2576.182861 4191.959473 5054.488281 4232.386230 2626.537842 1621.765991 1472.991211 1833.272095 2560.806641 2987.707520 2621.410156 1892.641968 1449.571777 1486.461182 1471.923706 1602.936035 1723.668701 1669.244385 1520.202759 1398.181641,
 1250.332153 1256.785278 1155.288696 1056.457520 1138.133667 1391.685425 1441.791382 1200.734619 1155.178101 1380.667969 1558.835205 1410.364014 1360.987183 1353.256836 971.252869 1261.907715 2414.419434 3184.820068 2440.026367 1432.586426 1111.447510 951.113525 1509.463379 3182.443848 4293.316406 3182.443848 1509.463379 951.113525 1111.447510 1432.586426 2440.026367 3184.820068 2414.419434 1261.907715 971.252869 1353.256836 1360.987183 1410.364014 1558.835205 1380.667969 1155.178101 1200.734619 1441.791382 1391.685425 1138.133667 1056.457520 1155.288696 1256.785278 1250.332153,
 -249.486725 37.294006 233.746948 463.865753 840.503662 1136.456299 1052.010376 157.894318 493.074738 807.410706 1008.804077 1075.318115 1130.854126 1107.702271 453.858917 848.747559 1561.579468 1960.962280 1563.557251 1030.094727 899.518555 650.172058 989.399902 1922.933716 2519.525146 1922.933716 989.399902 650.172058 899.518555 1030.094727 1563.557251 1960.962280 1561.579468 848.747559 453.858917 1107.702271 1130.854126 1075.318115 1008.804077 807.410706 493.074738 157.894318 1052.010376 1136.456299 840.503662 463.865753 233.746948 37.294006 -249.486725,
 -458.461670 -832.684265 -909.420044 -593.770996 -93.949219 236.940125 232.267502 -715.136108 -794.455872 -453.498840 155.753174 636.100037 672.395325 261.271515 -629.394043 -226.341827 538.425537 1191.870972 1262.174194 775.594116 58.357758 -292.123871 446.221649 1304.994873 1712.601318 1304.994873 446.221649 -292.123871 58.357758 775.594116 1262.174194 1191.870972 538.425537 -226.341827 -629.394043 261.271515 672.395325 636.100037 155.753174 -453.498840 -794.455872 -715.136108 232.267502 236.940125 -93.949219 -593.770996 -909.420044 -832.684265 -458.461670,

Auto-correlations of the modulus of each oriented sub-band
 69.176880 76.813011 83.982162 87.417664 85.568680 79.880959 73.633698 86.850273 98.645966 109.461082 114.376808 111.026756 101.499161 90.739265 105.995422 122.620331 137.672318 144.187668 138.782516 124.549118 108.505829 115.636658 134.510742 151.563385 158.594299 151.563385 134.510742 115.636658 108.505829 124.549118 138.782516 144.187668 137.672318 122.620331 105.995422 90.739265 101.499161 111.026756 114.376808 109.461082 98.645966 86.850273 73.633698 79.880959 85.568680 87.417664 83.982162 76.813011 69.176880,
 95.338875 101.328880 104.367241 102.194328 95.129463 85.224892 74.676582 99.942894 115.074783 126.680489 128.167969 118.612129 102.362366 84.707924 102.568253 125.871681 146.067047 152.195251 140.551239 118.259132 94.211502 100.789154 127.424950 151.937729 162.564468 151.937729 127.424950 100.789154 94.211502 118.259132 140.551239 152.195251 146.067047 125.871681 102.568253 84.707924 102.362366 118.612129 128.167969 126.680489 115.074783 99.942894 74.676582 85.224892 95.129463 102.194328 104.367241 101.328880 95.338875,
 73.699883 92.423935 112.376205 122.085678 114.666931 96.363602 78.371025 81.380829 104.961349 130.159302 142.266785 131.842377 107.811264 84.804626 88.549095 116.330681 146.138855 160.463745 147.026367 117.814491 90.384193 92.052628 121.390343 152.908081 167.958710 152.908081 121.390343 92.052628 90.384193 117.814491 147.026367 160.463745 146.138855 116.330681 88.549095 84.804626 107.811264 131.842377 142.266785 130.159302 104.961349 81.380829 78.371025 96.363602 114.666931 122.085678 112.376205 92.423935 73.699883,
 81.544754 93.205269 103.664177 111.432182 114.600197 112.843834 108.242004 93.508034 111.824265 128.346558 138.342133 137.586182 127.017624 112.837608 104.070358 128.435654 150.765228 162.565323 156.896210 137.426834 114.578812 111.597778 138.233185 162.433670 172.931503 162.433670 138.233185 111.597778 114.578812 137.426834 156.896210 162.565323 150.765228 128.435654 104.070358 112.837608 127.017624 137.586182 138.342133 128.346558 111.824265 93.508034 108.242004 112.843834 114.600197 111.432182 103.664177 93.205269 81.544754,
 196.586151 215.965912 235.257217 250.957932 260.259888 263.114899 260.613556 241.556396 273.277954 302.292969 320.955322 323.970215 313.404358 294.606323 306.770996 355.643494 397.942535 419.041107 409.808380 376.874878 333.731079 348.108032 405.645813 453.916626 473.785675 453.916626 405.645813 348.108032 333.731079 376.874878 409.808380 419.041107 397.942535 355.643494 306.770996 294.606323 313.404358 323.970215 320.955322 302.292969 273.277954 241.556396 260.613556 263.114899 260.259888 250.957932 235.257217 215.965912 196.586151,
 262.147125 288.328766 287.319885 261.510681 229.920975 207.846619 197.714233 285.672302 336.208374 358.238953 333.810120 281.094116 232.162354 202.330658 281.844177 353.466675 411.309937 411.279663 351.618530 276.628052 221.634796 253.945770 327.507202 408.902405 447.737488 408.902405 327.507202 253.945770 221.634796 276.628052 351.618530 411.279663 411.309937 353.466675 281.844177 202.330658 232.162354 281.094116 333.810120 358.238953 336.208374 285.672302 197.714233 207.846619 229.920975 261.510681 287.319885 288.328766 262.147125,
 206.405670 264.922333 327.431396 355.086334 328.491455 278.235321 243.026459 223.814468 294.599487 377.476501 417.520447 378.898743 304.774109 249.202927 238.657318 319.273193 420.076050 471.941498 421.035583 324.699707 251.382050 248.220703 330.807129 437.936279 494.924683 437.936279 330.807129 248.220703 251.382050 324.699707 421.035583 471.941498 420.076050 319.273193 238.657318 249.202927 304.774109 378.898743 417.520447 377.476501 294.599487 223.814468 243.026459 278.235321 328.491455 355.086334 327.431396 264.922333 206.405670,
 172.376678 194.239044 231.552338 278.395569 316.910370 330.172882 315.679169 194.558624 238.210449 301.005371 362.847412 393.095947 378.864624 334.790436 232.578339 302.020325 387.359650 450.805298 451.949432 396.357056 322.841705 282.136902 366.125793 452.070129 491.731018 452.070129 366.125793 282.136902 322.841705 396.357056 451.949432 450.805298 387.359650 302.020325 232.578339 334.790436 378.864624 393.095947 362.847412 301.005371 238.210449 194.558624 315.679169 330.172882 316.910370 278.395569 231.552338 194.239044 172.376678,
 105.261581 130.205338 149.665466 169.835510 191.016296 205.694870 209.581802 166.296555 203.081390 228.064316 239.885956 242.378006 236.806732 221.665970 215.249863 287.878937 348.860596 368.465393 339.025452 283.056488 226.301376 231.031052 322.350220 412.957947 453.684570 412.957947 322.350220 231.031052 226.301376 283.056488 339.025452 368.465393 348.860596 287.878937 215.249863 221.665970 236.806732 242.378006 239.885956 228.064316 203.081390 166.296555 209.581802 205.694870 191.016296 169.835510 149.665466 130.205338 105.261581,
 158.855865 183.879318 185.287598 180.940887 184.176117 186.978134 176.045837 228.565796 286.198669 311.859955 289.852142 253.787262 232.323914 213.915283 256.695465 342.516571 423.530334 425.141876 350.934509 278.358978 237.010880 251.228607 327.766663 434.751526 494.155975 434.751526 327.766663 251.228607 237.010880 278.358978 350.934509 425.141876 423.530334 342.516571 256.695465 213.915283 232.323914 253.787262 289.852142 311.859955 286.198669 228.565796 176.045837 186.978134 184.176117 180.940887 185.287598 183.879318 158.855865,
 108.956512 147.921692 197.574875 218.658218 199.494400 180.419830 169.910797 148.468567 196.893906 274.690887 314.791260 268.050079 209.606766 181.090607 173.180893 233.004257 343.424164 411.649841 336.429352 235.002701 185.850876 184.230362 246.166992 369.386169 455.341797 369.386169 246.166992 184.230362 185.850876 235.002701 336.429352 411.649841 343.424164 233.004257 173.180893 181.090607 209.606766 268.050079 314.791260 274.690887 196.893906 148.468567 169.910797 180.419830 199.494400 218.658218 197.574875 147.921692 108.956512,
 94.597961 119.017181 148.597382 190.422150 233.377350 249.594391 232.744019 127.417252 162.998718 223.081833 300.103485 342.350922 312.857544 243.788315 148.139099 221.131668 337.000305 440.820374 439.473755 336.418823 221.296692 180.020905 294.244507 439.382019 514.455139 439.382019 294.244507 180.020905 221.296692 336.418823 439.473755 440.820374 337.000305 221.131668 148.139099 243.788315 312.857544 342.350922 300.103485 223.081833 162.998718 127.417252 232.744019 249.594391 233.377350 190.422150 148.597382 119.017181 94.597961,
 -40.358894 -9.901722 22.434324 46.247524 60.717339 70.442719 77.094833 -7.017290 22.501797 49.077068 64.472336 67.283493 62.531796 54.113228 33.066849 69.255974 103.408493 121.153488 113.187912 87.322975 57.465080 63.958069 107.884003 150.555908 169.801178 150.555908 107.884003 63.958069 57.465080 87.322975 113.187912 121.153488 103.408493 69.255974 33.066849 54.113228 62.531796 67.283493 64.472336 49.077068 22.501797 -7.017290 77.094833 70.442719 60.717339 46.247524 22.434324 -9.901722 -40.358894,
 -24.045357 -10.335716 8.827183 27.713196 45.546490 57.419167 53.023880 -2.554377 15.010918 37.855850 50.677368 52.603119 52.063652 44.966560 19.683813 45.398781 79.203781 92.691772 74.549271 50.558571 32.600147 28.610065 56.057854 95.268478 118.301666 95.268478 56.057854 28.610065 32.600147 50.558571 74.549271 92.691772 79.203781 45.398781 19.683813 44.966560 52.063652 52.603119 50.677368 37.855850 15.010918 -2.554377 53.023880 57.419167 45.546490 27.713196 8.827183 -10.335716 -24.045357,
 1.070741 1.811842 9.569817 34.296005 50.222286 36.646851 24.629242 18.842577 18.915596 34.484978 66.229820 69.142448 44.063477 32.843376 32.461494 32.441643 59.825539 96.841187 79.521538 45.259972 38.356880 39.039444 41.236652 76.844337 110.550468 76.844337 41.236652 39.039444 38.356880 45.259972 79.521538 96.841187 59.825539 32.441643 32.461494 32.843376 44.063477 69.142448 66.229820 34.484978 18.915596 18.842577 24.629242 36.646851 50.222286 34.296005 9.569817 1.811842 1.070741,
 -91.322037 -32.124519 32.668503 81.072098 105.175247 109.527748 100.761154 -41.683372 27.801666 99.518654 150.147583 162.412659 141.091461 103.563545 10.380810 84.713684 164.090759 215.063660 205.733917 151.466461 87.952042 55.877590 130.880905 208.314240 245.022980 208.314240 130.880905 55.877590 87.952042 151.466461 205.733917 215.063660 164.090759 84.713684 10.380810 103.563545 141.091461 162.412659 150.147583 99.518654 27.801666 -41.683372 100.761154 109.527748 105.175247 81.072098 32.668503 -32.124519 -91.322037,

Pairwise cross-correlations of the modulus of all oriented sub-bands at the same scale (size QxQ)
 158.594284 110.166672 67.547882 115.120117,
 110.166672 162.564484 113.329636 78.716934,
 67.547882 113.329636 167.958740 114.496254,
 115.120117 78.716934 114.496254 172.931488,
 473.785736 365.369263 337.757904 389.272583,
 365.369263 447.737518 368.614594 341.186523,
 337.757904 368.614594 494.924774 395.385254,
 389.272583 341.186523 395.385254 491.731049,
 453.684570 348.938171 307.736084 378.541138,
 348.938171 494.156067 350.192871 312.586853,
 307.736084 350.192871 455.341858 345.730988,
 378.541138 312.586853 345.730988 514.455200,
 169.801178 97.197227 74.306000 152.662338,
 97.197227 118.301674 56.739647 84.889755,
 74.306000 56.739647 110.550476 109.879211,
 152.662338 84.889755 109.879211 245.022980,

Cross-correlations of the modulus of all oriented sub-bands with all oriented sub-bands at the coarser scale (size QxQ)
 233.794968 188.455856 161.506500 200.688034,
 198.042892 230.779846 205.031540 172.378967,
 158.846115 193.713974 243.892853 202.442154,
 205.922684 170.276596 208.763092 250.890839,
 362.155518 355.495850 299.827911 328.316223,
 317.911743 360.626007 303.081665 299.091278,
 307.442810 336.276428 348.386963 321.354462,
 332.189240 320.683655 324.578827 364.403961,
 166.870911 99.119110 103.593918 207.483337,
 121.930717 107.534637 107.682571 200.527390,
 138.959442 96.399063 119.292900 210.490692,
 166.050873 97.038177 114.980988 204.017029,

Cross-correlations of the real part of each oriented sub-band with both the real and imaginary part of all phase-doubled oriented sub-bands at the next coarser scale (Q matrices of size 1x2Q, which are computed and stored in a matrix of size Qx2Q)
 96.017326 41.824467 4.831590 47.077164 1.421783 -0.360655 0.412330 2.051609,
 40.895824 92.117096 46.160748 5.846428 0.192046 -1.020657 1.804950 1.239211,
 5.301216 42.824024 108.716095 47.557041 -0.083510 -0.321874 4.946670 2.136929,
 46.794754 5.283350 49.715725 104.313431 0.754598 0.285762 2.851048 2.740703,
 -120.137505 -64.180817 -8.185139 -72.043198 9.341828 -8.056792 -3.796455 -4.843159,
 -61.953449 -134.766632 -42.556549 -5.368535 -5.570988 -34.336514 -3.047540 -2.719138,
 -14.552812 -45.754253 -90.581032 -58.496067 -2.515110 -9.741655 9.026242 -12.228324,
 -66.136688 -3.363733 -43.262764 -155.127548 4.159200 4.606938 1.075047 -19.454901,
 -41.428642 -14.746853 -2.012840 -28.372204 17.388958 -5.077155 -1.477098 7.341043,
 -3.733939 -37.933838 -36.318192 -2.401338 8.706968 -36.948799 1.000866 1.276431,
 -4.976793 -16.468943 -84.991348 -3.726359 -0.701417 -17.426071 25.861088 10.399475,
 -40.769508 -1.936580 -30.030575 -32.026554 3.994933 1.285810 15.548217 19.779465,
