Low-band skewness and kurtosis
 -2.187552 6.112967,
 -2.252431 6.860722,
 -1.708007 4.879687,
 -1.328169 3.901676,
 -1.352673 3.843197,

High-band variance
 140.393616,

Skewness, kurtosis, variance, mean, maximum and minimum of the reconstructed texture
 -2.176283 5.879018 6694.327148 221.868103 255.000000 0.000000,

Auto-correlations of the low-frequency bands at each scale
 2594.128906 3126.964111 3554.612061 3750.836914 3643.259521 3286.835693 2784.454102 3207.536621 3910.869873 4546.665039 4847.341797 4626.833008 4041.960205 3349.616699 3683.617188 4613.767090 5549.352051 5993.265625 5601.409668 4692.044434 3759.541992 3891.559326 4941.129883 6024.528320 6523.431641 6024.528320 4941.129883 3891.559326 3759.541992 4692.044434 5601.409668 5993.265625 5549.352051 4613.767090 3683.617188 3349.616699 4041.960205 4626.833008 4847.341797 4546.665039 3910.869873 3207.536621 2784.454102 3286.835693 3643.259521 3750.836914 3554.612061 3126.964111 2594.128906,
 1025.529541 1073.792236 1296.450928 1577.621338 1591.593506 1356.667236 1152.191650 1163.978760 1557.707642 2317.101807 2839.767090 2530.906982 1763.435913 1247.322266 1450.301025 2471.287842 4054.391602 4934.622559 4174.198242 2601.801025 1523.292236 1650.071777 3018.120361 5011.798828 6035.030762 5011.798828 3018.120361 1650.071777 1523.292236 2601.801025 4174.198242 4934.622559 4054.391602 2471.287842 1450.301025 1247.322266 1763.435913 2530.906982 2839.767090 2317.101807 1557.707642 1163.978760 1152.191650 1356.667236 1591.593506 1577.621338 1296.450928 1073.792236 1025.529541,
 910.211121 813.692261 1174.511719 1548.303955 1435.874023 1099.263428 945.426697 983.395569 705.830872 1113.410034 1619.510132 1386.649048 952.396790 983.874695 902.245056 937.105042 2135.754395 3094.452148 2292.287109 1041.099365 871.791321 825.638855 1211.281616 3029.733887 4253.366211 3029.733887 1211.281616 825.638855 871.791321 1041.099365 2292.287109 3094.452148 2135.754395 937.105042 902.245056 983.874695 952.396790 1386.649048 1619.510132 1113.410034 705.830872 983.395569 945.426697 1099.263428 1435.874023 1548.303955 1174.511719 813.692261 910.211121,
 343.411682 473.886932 631.134277 803.982849 763.753784 714.313721 720.732727 494.979095 636.829407 944.893127 1217.942383 1031.686157 857.196594 939.663696 660.807739 810.079712 1403.354492 1877.292236 1450.426270 960.260620 999.166626 875.541138 974.618103 1700.822998 2275.771484 1700.822998 974.618103 875.541138 999.166626 960.260620 1450.426270 1877.292236 1403.354492 810.079712 660.807739 939.663696 857.196594 1031.686157 1217.942383 944.893127 636.829407 494.979095 720.732727 714.313721 763.753784 803.982849 631.134277 473.886932 343.411682,
 -586.518311 -521.957275 -436.935486 -312.662659 -203.019836 -250.861755 -433.516876 -441.526794 -227.557159 99.216934 391.896423 464.277588 232.003967 -152.700058 -246.253571 189.334656 807.042603 1209.883789 1090.022339 568.575928 9.179077 -49.354858 538.004700 1251.781616 1590.643066 1251.781616 538.004700 -49.354858 9.179077 568.575928 1090.022339 1209.883789 807.042603 189.334656 -246.253571 -152.700058 232.003967 464.277588 391.896423 99.216934 -227.557159 -441.526794 -433.516876 -250.861755 -203.019836 -312.662659 -436.935486 -521.957275 -586.518311,

Auto-correlations of the modulus of each oriented sub-band
 73.171265 81.558212 89.648018 93.171555 90.201164 82.590714 74.327820 89.877441 102.892075 114.942955 120.108063 115.679070 104.221970 91.389694 105.670761 123.611961 139.890823 146.711655 140.434494 124.583199 106.796310 112.849182 133.094193 151.417587 158.978851 151.417587 133.094193 112.849182 106.796310 124.583199 140.434494 146.711655 139.890823 123.611961 105.670761 91.389694 104.221970 115.679070 120.108063 114.942955 102.892075 89.877441 74.327820 82.590714 90.201164 93.171555 89.648018 81.558212 73.171265,
 101.040756 106.435104 108.653091 106.155411 99.160507 89.312698 78.444931 106.896027 121.489510 131.918732 132.674255 122.961479 106.795982 89.217041 109.588318 132.541855 151.596375 156.955292 145.368896 123.364510 99.529724 107.030121 133.456161 157.235764 167.394531 157.235764 133.456161 107.030121 99.529724 123.364510 145.368896 156.955292 151.596375 132.541855 109.588318 89.217041 106.795982 122.961479 132.674255 131.918732 121.489510 106.896027 78.444931 89.312698 99.160507 106.155411 108.653091 106.435104 101.040756,
 84.074898 101.647110 118.611710 126.287445 119.639786 104.098724 88.193657 92.400627 114.120369 135.518082 145.201614 136.009323 115.650475 95.332893 100.427071 125.697090 151.123444 162.913055 151.320099 126.484886 102.022713 104.291031 130.727676 157.639603 170.360794 157.639603 130.727676 104.291031 102.022713 126.484886 151.320099 162.913055 151.123444 125.697090 100.427071 95.332893 115.650475 136.009323 145.201614 135.518082 114.120369 92.400627 88.193657 104.098724 119.639786 126.287445 118.611710 101.647110 84.074898,
 68.657875 80.155052 90.792786 98.522896 101.847061 100.328819 95.157814 79.467575 97.113449 113.422668 123.627747 123.863495 114.350876 100.123306 90.375656 113.852234 135.532593 147.324524 142.779846 124.537277 101.999847 98.626221 124.573410 147.812805 157.693985 147.812805 124.573410 98.626221 101.999847 124.537277 142.779846 147.324524 135.532593 113.852234 90.375656 100.123306 114.350876 123.863495 123.627747 113.422668 97.113449 79.467575 95.157814 100.328819 101.847061 98.522896 90.792786 80.155052 68.657875,
 167.454559 178.694000 189.388702 195.330566 193.587982 185.848663 176.108734 210.418930 234.908768 256.752319 267.170227 261.374023 243.764938 222.110489 259.936829 304.283325 344.098663 361.832520 348.164032 312.602844 271.603577 288.253967 341.820740 390.497253 411.369263 390.497253 341.820740 288.253967 271.603577 312.602844 348.164032 361.832520 344.098663 304.283325 259.936829 222.110489 243.764938 261.374023 267.170227 256.752319 234.908768 210.418930 176.108734 185.848663 193.587982 195.330566 189.388702 178.694000 167.454559,
 258.033203 288.621338 290.169464 263.060303 226.936981 196.268478 171.348206 279.387024 333.775299 358.774292 334.182312 278.809875 225.071381 185.606232 275.244904 351.189697 412.795135 413.831390 352.222931 273.616089 212.654190 247.794495 325.945221 411.334351 451.784943 411.334351 325.945221 247.794495 212.654190 273.616089 352.222931 413.831390 412.795135 351.189697 275.244904 185.606232 225.071381 278.809875 334.182312 358.774292 333.775299 279.387024 171.348206 196.268478 226.936981 263.060303 290.169464 288.621338 258.033203,
 204.915054 274.473907 345.531006 383.260040 361.754944 294.348907 221.051437 219.005997 303.167694 394.718567 442.818970 409.474976 320.272369 231.482010 231.189346 329.120605 439.728882 496.102844 448.776428 339.214661 237.951797 238.185364 343.196259 461.805664 518.896179 461.805664 343.196259 238.185364 237.951797 339.214661 448.776428 496.102844 439.728882 329.120605 231.189346 231.482010 320.272369 409.474976 442.818970 394.718567 303.167694 219.005997 221.051437 294.348907 361.754944 383.260040 345.531006 274.473907 204.915054,
 127.171608 163.074844 209.695190 254.094345 277.206451 269.132507 235.393280 147.086670 200.120544 267.687744 325.267700 341.332458 308.953156 250.035187 176.162704 250.165298 337.756836 398.323456 390.266174 323.079559 240.631424 211.172455 299.164429 390.197815 432.288696 390.197815 299.164429 211.172455 240.631424 323.079559 390.266174 398.323456 337.756836 250.165298 176.162704 250.035187 308.953156 341.332458 325.267700 267.687744 200.120544 147.086670 235.393280 269.132507 277.206451 254.094345 209.695190 163.074844 127.171608,
 171.588303 191.886414 213.597366 225.515289 219.511703 199.420013 177.636826 211.323944 248.257248 287.614319 308.400909 297.956482 264.657196 229.861481 270.745728 345.428009 418.413300 451.531189 424.857635 357.520355 288.238831 309.011261 404.591705 497.360352 537.448364 497.360352 404.591705 309.011261 288.238831 357.520355 424.857635 451.531189 418.413300 345.428009 270.745728 229.861481 264.657196 297.956482 308.400909 287.614319 248.257248 211.323944 177.636826 199.420013 219.511703 225.515289 213.597366 191.886414 171.588303,
 154.115341 175.008179 203.152771 199.480270 152.674591 95.686401 63.618114 224.479858 268.504517 305.189392 290.968811 221.209290 144.448669 93.309265 246.927139 339.373596 431.198334 434.909973 333.267731 217.315552 143.932297 204.638718 306.216827 446.007172 522.319031 446.007172 306.216827 204.638718 143.932297 217.315552 333.267731 434.909973 431.198334 339.373596 246.927139 93.309265 144.448669 221.209290 290.968811 305.189392 268.504517 224.479858 63.618114 95.686401 152.674591 199.480270 203.152771 175.008179 154.115341,
 106.316711 165.968109 253.922974 298.875671 255.615540 170.407196 112.873322 115.067131 196.809448 332.732147 405.614868 331.870514 200.442719 122.999138 123.101791 224.253387 403.774048 505.315491 403.304443 227.381653 129.857361 129.473450 237.075836 433.286804 547.712708 433.286804 237.075836 129.473450 129.857361 227.381653 403.304443 505.315491 403.774048 224.253387 123.101791 122.999138 200.442719 331.870514 405.614868 332.732147 196.809448 115.067131 112.873322 170.407196 255.615540 298.875671 253.922974 165.968109 106.316711,
 124.811325 135.560883 151.025223 170.087692 174.528610 149.792328 115.636322 117.243996 133.241913 178.894836 236.362793 255.874512 216.233490 158.635590 114.625038 167.390411 270.611633 364.669250 364.339172 272.187195 175.929535 145.015717 241.766968 376.217133 445.443146 376.217133 241.766968 145.015717 175.929535 272.187195 364.339172 364.669250 270.611633 167.390411 114.625038 158.635590 216.233490 255.874512 236.362793 178.894836 133.241913 117.243996 115.636322 149.792328 174.528610 170.087692 151.025223 135.560883 124.811325,
 3.484190 16.114323 24.753345 26.157862 18.539177 1.968637 -17.074072 7.448329 24.874603 47.073677 62.600315 60.022705 39.574455 14.981500 23.503613 61.691795 108.776901 138.962646 130.889786 92.507149 51.103619 50.702469 102.226471 158.132111 183.801514 158.132111 102.226471 50.702469 51.103619 92.507149 130.889786 138.962646 108.776901 61.691795 23.503613 14.981500 39.574455 60.022705 62.600315 47.073677 24.874603 7.448329 -17.074072 1.968637 18.539177 26.157862 24.753345 16.114323 3.484190,
 -0.166301 12.713963 16.663355 9.392500 5.713064 10.397459 8.761150 9.020766 32.981956 49.454353 39.246838 17.767220 7.563843 4.639771 10.377272 42.945393 82.080933 84.939873 48.532196 16.061176 4.136549 7.305349 33.245964 81.790878 111.717995 81.790878 33.245964 7.305349 4.136549 16.061176 48.532196 84.939873 82.080933 42.945393 10.377272 4.639771 7.563843 17.767220 39.246838 49.454353 32.981956 9.020766 8.761150 10.397459 5.713064 9.392500 16.663355 12.713963 -0.166301,
 10.170135 13.309746 17.620815 16.853237 6.397986 -2.650774 -6.447419 15.132105 29.156778 46.031273 50.992195 32.491554 11.726679 4.004009 18.520542 39.244698 69.696892 86.437256 60.949223 26.932180 12.439648 17.587761 37.868195 76.498489 103.137108 76.498489 37.868195 17.587761 12.439648 26.932180 60.949223 86.437256 69.696892 39.244698 18.520542 4.004009 11.726679 32.491554 50.992195 46.031273 29.156778 15.132105 -6.447419 -2.650774 6.397986 16.853237 17.620815 13.309746 10.170135,
 14.049509 18.072805 13.290045 7.145505 8.638353 16.316034 19.324408 21.185608 18.214590 18.162090 30.344761 45.811695 46.411621 32.638611 21.233639 26.783037 49.776993 81.481781 89.183609 64.764206 36.107441 27.442495 51.390587 90.219727 112.696777 90.219727 51.390587 27.442495 36.107441 64.764206 89.183609 81.481781 49.776993 26.783037 21.233639 32.638611 46.411621 45.811695 30.344761 18.162090 18.214590 21.185608 19.324408 16.316034 8.638353 7.145505 13.290045 18.072805 14.049509,

Pairwise cross-correlations of the modulus of all oriented sub-bands at the same scale (size QxQ)
 158.978867 109.399940 66.357201 106.662254,
 109.399940 167.394547 114.475395 71.359589,
 66.357201 114.475395 170.360794 113.172867,
 106.662254 71.359589 113.172867 157.694000,
 411.369324 334.088623 302.461090 326.240234,
 334.088623 451.784973 389.647247 305.255676,
 302.461090 389.647247 518.896240 376.087341,
 326.240234 305.255676 376.087341 432.288727,
 537.448425 391.367432 354.115356 368.890625,
 391.367432 522.319031 402.512390 290.183044,
 354.115356 402.512390 547.712769 388.301331,
 368.890625 290.183044 388.301331 445.443207,
 183.801529 86.005417 41.410141 98.985283,
 86.005417 111.717995 70.096283 46.144386,
 41.410141 70.096283 103.137100 40.489975,
 98.985283 46.144386 40.489975 112.696785,

Cross-correlations of the modulus of all oriented sub-bands with all oriented sub-bands at the coarser scale (size QxQ)
 219.889236 185.413116 152.716064 181.228851,
 180.990540 239.109207 207.641998 150.664581,
 143.960571 199.839371 257.565460 189.999725,
 184.234039 161.091064 207.330048 224.592438,
 371.667725 301.208191 301.541229 315.183899,
 350.411011 368.304749 384.837463 297.983978,
 337.812897 331.075134 429.197052 327.792725,
 336.827301 279.184113 335.354492 328.478119,
 193.559448 116.014816 71.554382 135.777863,
 158.334320 125.464111 87.598389 101.531471,
 150.827560 118.417412 94.049629 123.344879,
 139.262451 111.076965 83.162956 118.970497,

Cross-correlations of the real part of each oriented sub-band with both the real and imaginary part of all phase-doubled oriented sub-bands at the next coarser scale (Q matrices of size 1x2Q, which are computed and stored in a matrix of size Qx2Q)
 92.074051 43.459892 4.581169 35.178627 1.408358 -4.258905 0.411092 -1.977333,
 43.506779 98.422295 45.729378 5.193455 0.496683 -7.540185 3.507589 0.022199,
 3.560702 47.136875 102.564537 45.280682 -0.169401 -0.634190 9.600689 -0.667414,
 36.566010 5.484593 45.625366 88.400528 0.148966 0.471205 4.073106 -2.764848,
 -142.471466 -58.208992 -6.854483 -42.757225 -39.880085 -33.542995 -0.802055 1.040993,
 -68.010399 -154.626205 -69.979088 -5.605517 -25.897478 -25.988937 11.979519 1.343818,
 -6.899350 -79.753799 -119.626663 -37.845654 -1.713635 12.770085 21.926609 2.786583,
 -56.691368 -8.022063 -41.558613 -91.120010 -9.642117 1.456384 2.638750 1.976877,
 -96.311073 -33.971695 -1.551723 -42.672676 -45.838848 3.664956 -2.779153 6.414393,
 -25.619106 -54.793102 -29.107712 -10.040716 -17.001835 27.755980 0.789064 0.385475,
 -0.307604 -26.239733 -64.067398 -27.134432 -2.136367 13.495316 5.659296 -6.241342,
 -48.418427 -8.227505 -25.266697 -56.944687 -20.621136 -2.447839 -0.749034 -2.892126,
