Low-band skewness and kurtosis
 -2.138338 5.905705,
 -2.197070 6.633284,
 -1.622407 4.732009,
 -1.538150 5.272521,
 -1.379551 4.309508,

High-band variance
 151.088211,

Skewness, kurtosis, variance, mean, maximum and minimum of the reconstructed texture
 -2.123896 5.654783 6852.953125 220.818848 255.000000 0.000000,

Auto-correlations of the low-frequency bands at each scale
 2729.378418 3269.790283 3638.427246 3736.933105 3537.655762 3118.431885 2578.870605 3327.389648 4069.801514 4688.617188 4911.824219 4592.888672 3939.476318 3217.640625 3747.897705 4733.187500 5700.711914 6115.525879 5640.716797 4656.294922 3691.635986 3887.351562 4985.185547 6135.398438 6669.067383 6135.398438 4985.185547 3887.351562 3691.635986 4656.294922 5640.716797 6115.525879 5700.711914 4733.187500 3747.897705 3217.640625 3939.476318 4592.888672 4911.824219 4688.617188 4069.801514 3327.389648 2578.870605 3118.431885 3537.655762 3736.933105 3638.427246 3269.790283 2729.378418,
 988.371216 1015.331177 1133.067139 1190.575806 1083.723633 972.344482 1009.704956 1142.980469 1621.972412 2387.854248 2726.016113 2237.492920 1488.524414 1169.498291 1433.758179 2524.844727 4197.509766 5007.249512 4087.805908 2441.999512 1480.197876 1625.907959 2972.166504 5075.701660 6160.394531 5075.701660 2972.166504 1625.907959 1480.197876 2441.999512 4087.805908 5007.249512 4197.509766 2524.844727 1433.758179 1169.498291 1488.524414 2237.492920 2726.016113 2387.854248 1621.972412 1142.980469 1009.704956 972.344482 1083.723633 1190.575806 1133.067139 1015.331177 988.371216,
 932.376404 897.826843 701.115112 769.833740 975.179199 1091.370605 1076.662354 775.507935 721.679993 787.524231 1026.690430 958.617126 884.666565 1135.378052 696.152832 1073.276001 2136.119385 2903.128906 2159.968018 1139.623657 1034.039062 827.410889 1421.469238 3117.491699 4247.236816 3117.491699 1421.469238 827.410889 1034.039062 1139.623657 2159.968018 2903.128906 2136.119385 1073.276001 696.152832 1135.378052 884.666565 958.617126 1026.690430 787.524231 721.679993 775.507935 1076.662354 1091.370605 975.179199 769.833740 701.115112 897.826843 932.376404,
 24.858185 238.153503 360.498230 542.110291 789.974182 781.636169 395.457489 280.128296 424.682098 685.866211 976.384033 1051.655518 865.270996 478.033447 428.562195 572.345215 1179.927979 1693.016602 1432.516602 886.578369 561.387634 557.441772 804.617188 1602.117432 2150.206055 1602.117432 804.617188 557.441772 561.387634 886.578369 1432.516602 1693.016602 1179.927979 572.345215 428.562195 478.033447 865.270996 1051.655518 976.384033 685.866211 424.682098 280.128296 395.457489 781.636169 789.974182 542.110291 360.498230 238.153503 24.858185,
 -483.471893 -281.112091 -105.350449 143.447113 293.795471 48.162872 -404.876373 -506.341309 -343.624634 -58.109955 350.994202 438.985565 -1.762466 -502.535339 -324.693970 -19.619350 561.189636 1059.623535 863.309387 131.935394 -399.901855 -244.139557 237.088379 1058.500000 1506.580811 1058.500000 237.088379 -244.139557 -399.901855 131.935394 863.309387 1059.623535 561.189636 -19.619350 -324.693970 -502.535339 -1.762466 438.985565 350.994202 -58.109955 -343.624634 -506.341309 -404.876373 48.162872 293.795471 143.447113 -105.350449 -281.112091 -483.471893,

Auto-correlations of the modulus of each oriented sub-band
 73.578827 82.137741 89.536629 91.931030 87.933052 79.801849 71.794617 94.173340 107.128250 118.438538 122.501450 117.038055 104.954544 92.222321 112.877525 130.596130 146.381561 152.524551 145.630157 129.407562 111.732048 120.485474 140.514893 158.773285 166.312973 158.773285 140.514893 120.485474 111.732048 129.407562 145.630157 152.524551 146.381561 130.596130 112.877525 92.222321 104.954544 117.038055 122.501450 118.438538 107.128250 94.173340 71.794617 79.801849 87.933052 91.931030 89.536629 82.137741 73.578827,
 93.325745 98.025673 97.982437 92.023003 81.539078 69.168602 57.394619 98.325630 113.808197 123.628792 122.014725 109.204887 90.107086 70.429924 99.195511 124.071846 144.067001 148.579346 134.819534 110.156120 83.834946 94.240959 123.033035 148.824356 159.806320 148.824356 123.033035 94.240959 83.834946 110.156120 134.819534 148.579346 144.067001 124.071846 99.195511 70.429924 90.107086 109.204887 122.014725 123.628792 113.808197 98.325630 57.394619 69.168602 81.539078 92.023003 97.982437 98.025673 93.325745,
 71.237404 92.270691 112.321930 121.690842 114.436157 96.147263 76.354179 81.266953 106.342316 130.443115 141.577454 131.779846 108.685928 84.316498 90.580406 119.200157 146.935516 159.775452 147.585938 120.288063 91.962868 94.774872 124.747818 153.866959 167.292206 153.866959 124.747818 94.774872 91.962868 120.288063 147.585938 159.775452 146.935516 119.200157 90.580406 84.316498 108.685928 131.779846 141.577454 130.443115 106.342316 81.266953 76.354179 96.147263 114.436157 121.690842 112.321930 92.270691 71.237404,
 73.115631 87.742668 101.428001 111.472595 115.838692 114.125023 108.040497 87.917107 109.401443 129.226822 141.337646 141.368515 130.051819 113.461220 101.513672 129.077118 154.288498 167.531738 161.950485 140.943573 115.142609 111.211487 140.966599 167.378967 178.487259 167.378967 140.966599 111.211487 115.142609 140.943573 161.950485 167.531738 154.288498 129.077118 101.513672 113.461220 130.051819 141.368515 141.337646 129.226822 109.401443 87.917107 108.040497 114.125023 115.838692 111.472595 101.428001 87.742668 73.115631,
 146.654068 162.972839 174.815674 180.400452 179.987549 175.615784 169.007462 211.100067 242.737198 267.113434 278.016327 273.287079 257.381226 236.843170 289.730499 340.323456 381.582550 398.817444 385.088593 349.756989 307.452789 333.200653 390.882019 440.015289 460.463470 440.015289 390.882019 333.200653 307.452789 349.756989 385.088593 398.817444 381.582550 340.323456 289.730499 236.843170 257.381226 273.287079 278.016327 267.113434 242.737198 211.100067 169.007462 175.615784 179.987549 180.400452 174.815674 162.972839 146.654068,
 232.731445 252.961197 238.665771 202.287018 164.832703 138.705551 123.102516 248.721909 303.785828 319.020172 285.302612 224.407928 167.817139 131.684280 234.159363 318.180939 379.462341 375.817566 308.769043 223.054291 156.766235 196.900024 284.836517 376.124298 418.445374 376.124298 284.836517 196.900024 156.766235 223.054291 308.769043 375.817566 379.462341 318.180939 234.159363 131.684280 167.817139 224.407928 285.302612 319.020172 303.785828 248.721909 123.102516 138.705551 164.832703 202.287018 238.665771 252.961197 232.731445,
 149.850220 212.721375 287.472931 330.356262 308.201691 236.221588 162.500122 159.858200 238.635071 333.303772 385.396515 350.942688 258.839417 171.772049 170.102493 262.970001 375.340973 434.623779 386.059296 275.175079 177.580185 177.138885 277.385376 396.888916 455.799255 396.888916 277.385376 177.138885 177.580185 275.175079 386.059296 434.623779 375.340973 262.970001 170.102493 171.772049 258.839417 350.942688 385.396515 333.303772 238.635071 159.858200 162.500122 236.221588 308.201691 330.356262 287.472931 212.721375 149.850220,
 127.869690 157.148956 206.618774 264.750610 306.702026 311.355438 280.610291 158.259918 211.408279 286.906860 358.113708 387.464478 360.172424 299.134003 203.383133 282.488861 378.600464 447.505798 444.959412 377.072296 290.004730 253.294281 347.421722 443.249023 486.340790 443.249023 347.421722 253.294281 290.004730 377.072296 444.959412 447.505798 378.600464 282.488861 203.383133 299.134003 360.172424 387.464478 358.113708 286.906860 211.408279 158.259918 280.610291 311.355438 306.702026 264.750610 206.618774 157.148956 127.869690,
 78.735313 76.881180 70.692917 69.563461 76.145615 85.612045 91.247993 84.440277 111.132103 134.274094 148.873444 149.084549 138.554352 125.500824 115.421326 189.171387 262.698120 300.067383 278.562988 219.163208 159.320831 155.681839 250.429245 348.880127 394.250793 348.880127 250.429245 155.681839 159.320831 219.163208 278.562988 300.067383 262.698120 189.171387 115.421326 125.500824 138.554352 149.084549 148.873444 134.274094 111.132103 84.440277 91.247993 85.612045 76.145615 69.563461 70.692917 76.881180 78.735313,
 182.122070 215.483582 210.708496 171.466858 135.055481 125.758698 132.522675 180.166336 259.730591 305.062164 265.725159 185.853699 139.471313 138.214371 164.182632 269.727295 386.915741 393.200256 279.661530 172.470596 138.548447 146.026550 228.622162 376.726135 462.322876 376.726135 228.622162 146.026550 138.548447 172.470596 279.661530 393.200256 386.915741 269.727295 164.182632 138.214371 139.471313 185.853699 265.725159 305.062164 259.730591 180.166336 132.522675 125.758698 135.055481 171.466858 210.708496 215.483582 182.122070,
 159.403946 226.729584 306.772614 334.824341 275.746124 199.125397 178.621201 155.841400 243.777115 376.927124 439.732361 352.994385 232.568771 192.207245 171.608917 269.972198 449.668579 550.020630 436.067749 267.777313 200.042542 192.450272 283.597656 478.007294 600.318848 478.007294 283.597656 192.450272 200.042542 267.777313 436.067749 550.020630 449.668579 269.972198 171.608917 192.207245 232.568771 352.994385 439.732361 376.927124 243.777115 155.841400 178.621201 199.125397 275.746124 334.824341 306.772614 226.729584 159.403946,
 133.276627 141.419708 158.866272 195.077087 218.520691 201.819550 169.260910 133.575439 164.742249 227.522781 300.271301 319.516479 269.674927 208.483643 162.570740 232.336639 350.352661 448.892639 433.829346 327.483856 231.058014 208.537430 309.818848 452.151611 527.572021 452.151611 309.818848 208.537430 231.058014 327.483856 433.829346 448.892639 350.352661 232.336639 162.570740 208.483643 269.674927 319.516479 300.271301 227.522781 164.742249 133.575439 169.260910 201.819550 218.520691 195.077087 158.866272 141.419708 133.276627,
 17.997829 22.207691 24.030230 24.438591 21.577162 14.756970 6.550132 35.821590 39.647770 39.474094 36.198112 30.073406 21.767605 12.909328 70.121590 91.588287 105.651680 103.283691 83.003838 54.583130 28.354425 63.442413 103.398224 141.656586 158.817841 141.656586 103.398224 63.442413 28.354425 54.583130 83.003838 103.283691 105.651680 91.588287 70.121590 12.909328 21.767605 30.073406 36.198112 39.474094 39.647770 35.821590 6.550132 14.756970 21.577162 24.438591 24.030230 22.207691 17.997829,
 20.113506 25.069954 33.295479 38.103706 32.587372 19.069466 2.240829 37.429482 52.556419 61.816307 58.190910 44.152641 31.010290 18.320932 42.954308 75.723991 106.872932 108.851852 77.899666 47.043015 29.877127 38.404613 70.575989 116.427010 142.776306 116.427010 70.575989 38.404613 29.877127 47.043015 77.899666 108.851852 106.872932 75.723991 42.954308 18.320932 31.010290 44.152641 58.190910 61.816307 52.556419 37.429482 2.240829 19.069466 32.587372 38.103706 33.295479 25.069954 20.113506,
 -8.853455 -3.444985 10.181425 20.666452 22.805746 18.158216 2.176951 3.125111 11.849268 29.081999 45.371696 42.591553 27.095572 7.662024 14.162508 27.141941 55.435089 80.550728 64.013756 32.934986 12.693169 16.447723 34.052780 71.319092 99.501373 71.319092 34.052780 16.447723 12.693169 32.934986 64.013756 80.550728 55.435089 27.141941 14.162508 7.662024 27.095572 42.591553 45.371696 29.081999 11.849268 3.125111 2.176951 18.158216 22.805746 20.666452 10.181425 -3.444985 -8.853455,
 18.282040 22.985352 25.937748 25.087700 22.531460 15.983589 7.174027 24.190033 30.820324 37.305801 45.019760 45.947586 32.884888 20.159222 28.653017 35.156746 52.660923 76.400986 70.737183 42.918617 27.725851 30.451546 40.564892 72.111069 96.870819 72.111069 40.564892 30.451546 27.725851 42.918617 70.737183 76.400986 52.660923 35.156746 28.653017 20.159222 32.884888 45.947586 45.019760 37.305801 30.820324 24.190033 7.174027 15.983589 22.531460 25.087700 25.937748 22.985352 18.282040,

Pairwise cross-correlations of the modulus of all oriented sub-bands at the same scale (size QxQ)
 166.312988 106.076302 63.390392 115.569351,
 106.076302 159.806305 106.773575 66.038712,
 63.390392 106.773575 167.292206 115.120728,
 115.569351 66.038712 115.120728 178.487274,
 460.463501 339.505615 299.683990 375.046204,
 339.505615 418.445374 342.639191 305.691467,
 299.683990 342.639191 455.799255 362.625366,
 375.046204 305.691467 362.625366 486.340790,
 394.250793 317.256348 271.201538 335.098450,
 317.256348 462.322876 363.699280 333.628693,
 271.201538 363.699280 600.318848 429.051544,
 335.098450 333.628693 429.051544 527.572083,
 158.817841 117.015137 41.495300 85.922165,
 117.015137 142.776306 58.711067 80.243469,
 41.495300 58.711067 99.501389 33.752785,
 85.922165 80.243469 33.752785 96.870819,

Cross-correlations of the modulus of all oriented sub-bands with all oriented sub-bands at the coarser scale (size QxQ)
 238.292679 180.289246 145.056976 196.655502,
 189.957779 221.974716 187.992996 150.902527,
 147.600204 181.970184 235.545288 193.857895,
 198.510544 152.882782 194.937378 252.743683,
 321.164459 304.002899 290.211243 325.567871,
 287.368103 343.270691 328.027283 304.836761,
 263.678009 327.198059 398.757812 348.088043,
 311.665314 303.883545 345.049896 381.061584,
 86.931892 105.098557 87.305313 63.919628,
 83.754700 114.218895 114.828331 76.803185,
 121.084854 115.645348 130.484390 84.164902,
 104.617271 116.979698 144.327896 88.874130,

Cross-correlations of the real part of each oriented sub-band with both the real and imaginary part of all phase-doubled oriented sub-bands at the next coarser scale (Q matrices of size 1x2Q, which are computed and stored in a matrix of size Qx2Q)
 102.449501 42.491562 4.238838 48.605911 -0.506610 1.799653 0.611741 2.616446,
 41.795540 91.614662 41.302559 5.227695 0.094442 0.092984 -0.570473 -0.538407,
 3.886513 41.946590 96.759872 46.534424 -0.832258 -1.385494 -4.660312 0.157947,
 47.654224 5.650705 44.278072 106.673828 -1.885776 0.371079 -1.502549 5.869197,
 -156.307266 -79.930916 -9.199496 -51.531525 -14.963414 7.263377 4.058178 9.721847,
 -70.289246 -194.291138 -97.675682 -8.851401 0.247955 10.888020 -20.569338 -1.654640,
 -5.704920 -106.489578 -216.781509 -74.591972 0.185052 -7.320374 -58.145412 4.194344,
 -64.788078 -13.510552 -93.855316 -136.570816 -13.357065 -3.812643 -14.383907 23.813892,
 -59.062683 -21.183929 -5.647271 -44.305916 40.616997 27.552717 3.500122 14.848566,
 -29.468597 -48.742371 -37.678467 -4.505447 40.123291 19.952747 -5.137045 -2.276569,
 -5.180158 -32.572048 -56.889896 -30.677656 2.050399 -11.421135 -14.690333 20.848484,
 -27.710594 -5.017679 -20.095806 -84.597565 -2.323112 -3.222697 1.370032 52.911911,
