Low-band skewness and kurtosis
 -2.144966 5.922932,
 -2.206209 6.637363,
 -1.653738 4.766589,
 -1.440462 4.846519,
 -1.139202 3.365172,

High-band variance
 144.107330,

Skewness, kurtosis, variance, mean, maximum and minimum of the reconstructed texture
 -2.134369 5.698196 6833.812012 221.022888 255.000000 0.000000,

Auto-correlations of the low-frequency bands at each scale
 2529.411865 3142.099609 3634.966797 3901.299561 3841.332031 3480.201172 2945.216064 3159.877197 3940.487061 4643.927734 5006.112305 4809.841797 4194.005859 3446.693115 3643.266357 4646.166016 5648.487793 6138.356445 5742.416504 4781.921875 3786.482666 3871.200195 4987.620605 6132.492676 6658.566895 6132.492676 4987.620605 3871.200195 3786.482666 4781.921875 5742.416504 6138.356445 5648.487793 4646.166016 3643.266357 3446.693115 4194.005859 4809.841797 5006.112305 4643.927734 3940.487061 3159.877197 2945.216064 3480.201172 3841.332031 3901.299561 3634.966797 3142.099609 2529.411865,
 616.919189 730.555786 1117.416382 1491.233887 1544.508911 1423.192749 1387.119873 837.598633 1335.517334 2296.756348 2957.357422 2690.032715 1942.979248 1453.998291 1196.174927 2315.736328 4084.355469 5086.550781 4318.431641 2663.707031 1524.369995 1480.655884 2934.496582 5074.572266 6168.194336 5074.572266 2934.496582 1480.655884 1524.369995 2663.707031 4318.431641 5086.550781 4084.355469 2315.736328 1196.174927 1453.998291 1942.979248 2690.032715 2957.357422 2296.756348 1335.517334 837.598633 1387.119873 1423.192749 1544.508911 1491.233887 1117.416382 730.555786 616.919189,
 548.218018 274.893127 265.112000 508.190247 788.322083 1005.991882 1024.206543 416.115204 260.744263 577.364746 1096.869873 1154.161377 1044.410767 1053.171143 361.872162 652.321411 1973.424561 3066.255615 2415.692627 1225.147339 829.499634 558.915649 1194.097534 3107.631104 4367.790039 3107.631104 1194.097534 558.915649 829.499634 1225.147339 2415.692627 3066.255615 1973.424561 652.321411 361.872162 1053.171143 1044.410767 1154.161377 1096.869873 577.364746 260.744263 416.115204 1024.206543 1005.991882 788.322083 508.190247 265.112000 274.893127 548.218018,
 582.240234 758.584717 529.693726 411.615173 423.914825 200.770477 -77.338470 848.424744 685.868774 431.695648 572.975403 676.089478 458.999878 257.639099 626.150269 470.892822 852.324524 1513.795654 1358.040649 723.461914 432.640259 430.919739 625.003174 1543.366211 2216.028320 1543.366211 625.003174 430.919739 432.640259 723.461914 1358.040649 1513.795654 852.324524 470.892822 626.150269 257.639099 458.999878 676.089478 572.975403 431.695648 685.868774 848.424744 -77.338470 200.770477 423.914825 411.615173 529.693726 758.584717 582.240234,
 -474.174988 -264.789825 -155.507904 -113.064911 -89.802696 -207.636261 -450.443176 -125.985382 70.712669 231.602356 271.050293 122.278351 -126.310326 -282.798126 54.096619 360.267883 754.596130 897.662842 543.541077 37.460266 -182.305115 -31.621521 311.029022 912.844971 1248.075195 912.844971 311.029022 -31.621521 -182.305115 37.460266 543.541077 897.662842 754.596130 360.267883 54.096619 -282.798126 -126.310326 122.278351 271.050293 231.602356 70.712669 -125.985382 -450.443176 -207.636261 -89.802696 -113.064911 -155.507904 -264.789825 -474.174988,

Auto-correlations of the modulus of each oriented sub-band
 68.961563 77.559074 85.817841 89.949829 88.081268 81.671852 74.204056 87.518227 100.905113 113.242058 118.850662 115.049507 104.141640 91.603661 105.755119 124.106430 140.768219 147.872223 141.741882 125.862686 107.964806 114.410950 135.004990 153.669952 161.362396 153.669952 135.004990 114.410950 107.964806 125.862686 141.741882 147.872223 140.768219 124.106430 105.755119 91.603661 104.141640 115.049507 118.850662 113.242058 100.905113 87.518227 74.204056 81.671852 88.081268 89.949829 85.817841 77.559074 68.961563,
 99.628975 105.628403 107.586617 103.670509 94.550697 82.658554 70.644188 105.487015 121.737617 133.028732 132.995544 121.185135 102.600945 83.283920 107.493561 132.584503 153.400467 158.882996 145.589676 121.156532 95.246872 103.980240 132.575134 158.581055 169.748230 158.581055 132.575134 103.980240 95.246872 121.156532 145.589676 158.882996 153.400467 132.584503 107.493561 83.283920 102.600945 121.185135 132.995544 133.028732 121.737617 105.487015 70.644188 82.658554 94.550697 103.670509 107.586617 105.628403 99.628975,
 63.237495 83.156052 102.005569 110.063751 102.820297 86.340164 69.620201 72.462830 96.300346 119.531433 129.858398 120.273468 98.868431 77.286011 81.395195 108.488014 135.424057 147.786392 135.822525 109.878380 83.958687 85.871460 113.894745 142.016113 155.162811 142.016113 113.894745 85.871460 83.958687 109.878380 135.822525 147.786392 135.424057 108.488014 81.395195 77.286011 98.868431 120.273468 129.858398 119.531433 96.300346 72.462830 69.620201 86.340164 102.820297 110.063751 102.005569 83.156052 63.237495,
 55.072819 67.211426 79.670273 89.732903 94.742752 94.047119 89.582275 68.199615 86.781059 105.227699 117.562576 118.684288 109.093117 94.887650 81.176636 105.784447 129.514282 142.843872 138.272644 119.119820 96.029510 91.274597 118.180435 142.960632 153.656891 142.960632 118.180435 91.274597 96.029510 119.119820 138.272644 142.843872 129.514282 105.784447 81.176636 94.887650 109.093117 118.684288 117.562576 105.227699 86.781059 68.199615 89.582275 94.047119 94.742752 89.732903 79.670273 67.211426 55.072819,
 157.975800 170.824234 181.480331 186.418945 183.012741 173.139969 160.818695 221.838928 252.291534 276.666290 285.730896 274.607269 249.445343 220.332825 286.020203 337.289948 380.350159 396.639587 376.273499 331.397675 281.169617 310.842163 372.129211 426.587341 449.809998 426.587341 372.129211 310.842163 281.169617 331.397675 376.273499 396.639587 380.350159 337.289948 286.020203 220.332825 249.445343 274.607269 285.730896 276.666290 252.291534 221.838928 160.818695 173.139969 183.012741 186.418945 181.480331 170.824234 157.975800,
 238.571335 261.030334 254.698181 220.281128 172.911621 132.238449 109.612503 265.746399 320.051636 341.915253 316.672058 255.509918 187.994217 138.102600 260.824799 345.082092 407.413910 409.678802 347.322968 258.214172 181.243378 227.761932 320.142395 411.002197 451.466187 411.002197 320.142395 227.761932 181.243378 258.214172 347.322968 409.678802 407.413910 345.082092 260.824799 138.102600 187.994217 255.509918 316.672058 341.915253 320.051636 265.746399 109.612503 132.238449 172.911621 220.281128 254.698181 261.030334 238.571335,
 110.622375 172.894684 239.936264 268.192078 237.806534 178.173920 128.245789 126.294479 203.940109 291.415466 330.664703 289.910339 208.564590 140.046646 138.887604 228.274490 332.940338 382.537262 331.729095 230.626968 146.302032 146.014343 238.337723 348.989319 403.870422 348.989319 238.337723 146.014343 146.302032 230.626968 331.729095 382.537262 332.940338 228.274490 138.887604 140.046646 208.564590 289.910339 330.664703 291.415466 203.940109 126.294479 128.245789 178.173920 237.806534 268.192078 239.936264 172.894684 110.622375,
 60.798233 88.947525 131.375000 179.880463 217.769409 229.487778 212.526413 90.035034 137.394592 202.386612 265.479675 296.710449 281.907867 234.857727 132.817108 202.505981 287.364288 351.224487 354.245209 298.995636 223.184174 182.605804 266.518097 351.522888 390.122650 351.522888 266.518097 182.605804 223.184174 298.995636 354.245209 351.224487 287.364288 202.505981 132.817108 234.857727 281.907867 296.710449 265.479675 202.386612 137.394592 90.035034 212.526413 229.487778 217.769409 179.880463 131.375000 88.947525 60.798233,
 95.950134 95.091156 99.616959 103.775658 101.721786 95.403503 87.416046 109.295395 135.693253 164.935226 177.633881 162.487442 131.370834 103.914886 156.140930 232.741409 312.306732 346.371460 308.270660 227.465317 153.542664 185.293793 290.233215 402.625061 454.014832 402.625061 290.233215 185.293793 153.542664 227.465317 308.270660 346.371460 312.306732 232.741409 156.140930 103.914886 131.370834 162.487442 177.633881 164.935226 135.693253 109.295395 87.416046 95.403503 101.721786 103.775658 99.616959 95.091156 95.950134,
 121.221741 160.469360 186.939484 175.557892 148.072021 122.124512 90.510986 146.330963 224.041870 292.317749 283.727264 214.588150 152.057495 113.201759 169.998642 280.734863 413.914642 443.914734 339.202667 215.364822 144.702194 170.107361 277.398499 440.013458 530.799194 440.013458 277.398499 170.107361 144.702194 215.364822 339.202667 443.914734 413.914642 280.734863 169.998642 113.201759 152.057495 214.588150 283.727264 292.317749 224.041870 146.330963 90.510986 122.124512 148.072021 175.557892 186.939484 160.469360 121.221741,
 80.133179 105.810852 151.500046 173.174561 147.357529 118.512207 119.619141 89.149406 141.729538 239.704224 291.391357 231.621521 144.434097 112.373024 96.514725 175.163254 324.368286 410.305115 316.924194 172.087784 104.745316 100.257034 186.531555 356.958374 462.680328 356.958374 186.531555 100.257034 104.745316 172.087784 316.924194 410.305115 324.368286 175.163254 96.514725 112.373024 144.434097 231.621521 291.391357 239.704224 141.729538 89.149406 119.619141 118.512207 147.357529 173.174561 151.500046 105.810852 80.133179,
 73.231171 74.052765 97.798241 130.658371 154.267548 148.171844 117.884171 68.430099 101.772339 162.024994 228.066437 253.939178 212.515869 140.677582 81.881493 157.207886 269.979218 365.068390 356.902008 252.179565 139.313721 112.374344 224.869537 365.833618 438.273651 365.833618 224.869537 112.374344 139.313721 252.179565 356.902008 365.068390 269.979218 157.207886 81.881493 140.677582 212.515869 253.939178 228.066437 162.024994 101.772339 68.430099 117.884171 148.171844 154.267548 130.658371 97.798241 74.052765 73.231171,
 45.598019 44.930687 39.545307 33.391541 29.382717 27.073462 23.040798 55.277351 60.651146 59.008606 52.257454 42.408203 31.879578 22.324867 63.247910 88.543350 108.585800 112.275162 96.416595 69.631180 44.195877 67.873901 105.391441 142.940414 159.971252 142.940414 105.391441 67.873901 44.195877 69.631180 96.416595 112.275162 108.585800 88.543350 63.247910 22.324867 31.879578 42.408203 52.257454 59.008606 60.651146 55.277351 23.040798 27.073462 29.382717 33.391541 39.545307 44.930687 45.598019,
 45.948601 73.924393 77.407692 52.273643 23.665619 12.313705 15.107740 107.075829 162.504028 183.533401 140.834579 69.167221 20.605927 10.566490 112.942535 205.131134 282.291656 270.899597 173.802155 73.788231 22.675426 67.141312 159.820160 278.999268 340.764587 278.999268 159.820160 67.141312 22.675426 73.788231 173.802155 270.899597 282.291656 205.131134 112.942535 10.566490 20.605927 69.167221 140.834579 183.533401 162.504028 107.075829 15.107740 12.313705 23.665619 52.273643 77.407692 73.924393 45.948601,
 -16.885754 12.419926 48.985996 62.319832 37.675663 0.932217 -19.697994 -5.359099 29.040936 84.577057 109.159554 68.895493 16.025364 -10.805849 3.820712 41.430809 115.873817 158.838165 104.816704 33.640587 -0.075259 5.920272 43.748878 124.853104 181.423584 124.853104 43.748878 5.920272 -0.075259 33.640587 104.816704 158.838165 115.873817 41.430809 3.820712 -10.805849 16.025364 68.895493 109.159554 84.577057 29.040936 -5.359099 -19.697994 0.932217 37.675663 62.319832 48.985996 12.419926 -16.885754,
 -0.489793 4.186031 5.359568 9.065228 12.795259 9.788710 7.047661 3.315389 7.417448 14.308261 27.849726 31.647678 20.077581 9.949255 0.704083 12.035288 35.016487 61.403561 55.950172 27.815168 6.935536 0.903405 22.320391 58.567554 82.448135 58.567554 22.320391 0.903405 6.935536 27.815168 55.950172 61.403561 35.016487 12.035288 0.704083 9.949255 20.077581 31.647678 27.849726 14.308261 7.417448 3.315389 7.047661 9.788710 12.795259 9.065228 5.359568 4.186031 -0.489793,

Pairwise cross-correlations of the modulus of all oriented sub-bands at the same scale (size QxQ)
 161.362411 114.956238 64.344940 103.326134,
 114.956238 169.748245 106.886726 66.137131,
 64.344940 106.886726 155.162827 105.297440,
 103.326134 66.137131 105.297440 153.656906,
 449.810028 347.127289 269.508911 316.197693,
 347.127289 451.466248 316.294556 267.991455,
 269.508911 316.294556 403.870453 319.182159,
 316.197693 267.991455 319.182159 390.122681,
 454.014893 350.447083 276.509064 313.924866,
 350.447083 530.799255 360.998932 283.485168,
 276.509064 360.998932 462.680359 349.949707,
 313.924866 283.485168 349.949707 438.273651,
 159.971283 157.064072 87.877586 53.368927,
 157.064072 340.764587 171.925934 72.127815,
 87.877586 171.925934 181.423584 67.033821,
 53.368927 72.127815 67.033821 82.448151,

Cross-correlations of the modulus of all oriented sub-bands with all oriented sub-bands at the coarser scale (size QxQ)
 230.224106 186.893356 137.954285 169.879837,
 195.666595 239.163773 178.884903 144.170578,
 143.513931 176.703217 215.962952 172.143158,
 176.942337 136.358124 176.723099 208.222931,
 348.886047 313.132477 256.197540 288.719971,
 297.771271 367.916199 312.509369 269.406311,
 263.525726 325.866699 343.360687 305.627228,
 297.755951 276.444061 288.039062 318.441772,
 141.472778 147.648041 105.133728 70.828018,
 158.838318 235.564148 150.921143 54.608822,
 123.822243 170.095428 131.352859 53.704655,
 115.548477 116.347870 116.198975 78.201004,

Cross-correlations of the real part of each oriented sub-band with both the real and imaginary part of all phase-doubled oriented sub-bands at the next coarser scale (Q matrices of size 1x2Q, which are computed and stored in a matrix of size Qx2Q)
 99.160660 48.878799 4.253541 34.935310 8.804443 -0.879869 -0.569154 -0.631817,
 47.858509 107.769707 45.135433 3.577237 2.599635 -3.118182 -2.554939 -0.014798,
 4.144828 46.772999 93.204544 35.865231 0.413941 -0.400578 0.440013 2.000752,
 37.888115 5.128905 37.689491 79.459663 3.902273 0.512592 2.199337 1.608342,
 -166.974838 -88.038460 -8.752531 -68.211021 20.308273 -2.270659 1.045123 -5.108325,
 -81.499275 -204.278290 -102.697021 -8.874177 4.316158 -9.534773 4.222655 -2.504610,
 -9.640605 -94.899773 -192.112976 -49.612354 -3.393121 -0.777817 24.894442 15.891232,
 -72.097427 -11.370867 -64.831535 -126.663742 0.494340 1.928389 20.385918 15.709892,
 -123.246178 -84.581612 -7.861482 -40.579357 55.093895 -2.150941 -3.411811 -1.504372,
 -85.546120 -182.358688 -59.963615 -6.462980 26.146387 -23.144634 -15.249159 0.031343,
 -11.220379 -64.465881 -107.635925 -48.175301 0.038303 -14.161666 -11.248219 -2.345185,
 -43.438457 -3.967654 -42.033791 -92.972824 10.869774 1.473304 -2.648465 -4.737156,
