Low-band skewness and kurtosis
 -2.280531 6.526162,
 -2.318614 7.120676,
 -1.872281 5.559407,
 -1.451834 4.289014,
 -1.375758 3.972960,

High-band variance
 133.996017,

Skewness, kurtosis, variance, mean, maximum and minimum of the reconstructed texture
 -2.269932 6.296108 6419.585938 223.615051 255.000000 0.000000,

Auto-correlations of the low-frequency bands at each scale
 2961.925537 3447.036621 3772.901123 3848.262207 3647.289795 3225.624512 2666.628174 3449.792725 4095.977783 4625.448242 4809.985352 4517.295898 3906.840576 3202.265381 3764.877686 4621.835938 5448.586426 5799.796387 5382.364746 4504.462891 3611.641846 3821.164062 4797.862793 5796.554199 6256.135742 5796.554199 4797.862793 3821.164062 3611.641846 4504.462891 5382.364746 5799.796387 5448.586426 4621.835938 3764.877686 3202.265381 3906.840576 4517.295898 4809.985352 4625.448242 4095.977783 3449.792725 2666.628174 3225.624512 3647.289795 3848.262207 3772.901123 3447.036621 2961.925537,
 1340.057373 1521.433105 1711.170898 1728.355225 1479.763428 1153.105957 988.530518 1521.200806 2035.489014 2747.017578 3033.645996 2497.861328 1617.560791 1083.139526 1737.548462 2753.274902 4202.483887 4885.034180 4023.426514 2448.896484 1409.854858 1720.674072 3004.197998 4870.819336 5819.726074 4870.819336 3004.197998 1720.674072 1409.854858 2448.896484 4023.426514 4885.034180 4202.483887 2753.274902 1737.548462 1083.139526 1617.560791 2497.861328 3033.645996 2747.017578 2035.489014 1521.200806 988.530518 1153.105957 1479.763428 1728.355225 1711.170898 1521.433105 1340.057373,
 1039.388916 1223.389526 1171.626831 974.889771 986.269653 1228.514038 1321.524170 937.360718 1093.900146 1403.620728 1381.059326 964.180786 927.009399 1334.093872 1043.086548 1287.198853 2482.291016 3125.281250 2098.541504 1084.881226 1278.832886 1236.389771 1432.555542 3112.068359 4313.205566 3112.068359 1432.555542 1236.389771 1278.832886 1084.881226 2098.541504 3125.281250 2482.291016 1287.198853 1043.086548 1334.093872 927.009399 964.180786 1381.059326 1403.620728 1093.900146 937.360718 1321.524170 1228.514038 986.269653 974.889771 1171.626831 1223.389526 1039.388916,
 437.891357 682.005432 796.111328 939.917419 939.024658 719.421570 413.302002 739.496460 858.894409 964.662048 1138.824707 1051.312988 765.783325 493.688843 913.263306 1116.546753 1490.301514 1809.475342 1537.029541 1037.293335 691.149048 873.505249 1249.294800 1882.269897 2295.024414 1882.269897 1249.294800 873.505249 691.149048 1037.293335 1537.029541 1809.475342 1490.301514 1116.546753 913.263306 493.688843 765.783325 1051.312988 1138.824707 964.662048 858.894409 739.496460 413.302002 719.421570 939.024658 939.917419 796.111328 682.005432 437.891357,
 -653.036987 -414.408997 -128.492966 14.302673 -52.222126 -274.211975 -521.189819 -446.928619 -48.702572 402.419464 592.677185 402.016266 2.504425 -360.056122 -320.428925 323.487274 1039.341187 1330.833252 964.203979 257.793365 -328.174347 -323.755432 420.972076 1288.485840 1692.343750 1288.485840 420.972076 -323.755432 -328.174347 257.793365 964.203979 1330.833252 1039.341187 323.487274 -320.428925 -360.056122 2.504425 402.016266 592.677185 402.419464 -48.702572 -446.928619 -521.189819 -274.211975 -52.222126 14.302673 -128.492966 -414.408997 -653.036987,

Auto-correlations of the modulus of each oriented sub-band
 67.822060 75.280434 82.040405 84.833328 82.225983 75.823570 68.924110 83.311432 94.975914 105.303596 109.340210 104.996880 94.714882 83.517517 98.921013 115.280441 129.817810 135.524078 129.283569 114.567398 98.438881 105.436424 124.113678 141.093414 148.124847 141.093414 124.113678 105.436424 98.438881 114.567398 129.283569 135.524078 129.817810 115.280441 98.921013 83.517517 94.714882 104.996880 109.340210 105.303596 94.975914 83.311432 68.924110 75.823570 82.225983 84.833328 82.040405 75.280434 67.822060,
 87.758705 94.030266 97.398163 95.613800 89.109985 79.664497 68.937614 92.155357 106.450447 117.360390 118.762177 110.045128 95.273735 79.003288 95.081017 116.308647 134.641953 140.134583 129.671188 109.660683 88.131752 93.976990 117.848450 139.862610 149.339905 139.862610 117.848450 93.976990 88.131752 109.660683 129.671188 140.134583 134.641953 116.308647 95.081017 79.003288 95.273735 110.045128 118.762177 117.360390 106.450447 92.155357 68.937614 79.664497 89.109985 95.613800 97.398163 94.030266 87.758705,
 76.816467 89.928093 102.747902 108.301193 102.009758 88.042351 73.911926 82.947777 100.692802 118.674858 126.801529 118.090096 99.172157 80.702599 88.415825 110.243141 132.876801 143.483978 132.546661 109.379753 87.189186 90.269028 113.840775 138.553467 150.359924 138.553467 113.840775 90.269028 87.189186 109.379753 132.546661 143.483978 132.876801 110.243141 88.415825 80.702599 99.172157 118.090096 126.801529 118.674858 100.692802 82.947777 73.911926 88.042351 102.009758 108.301193 102.747902 89.928093 76.816467,
 81.807152 91.352211 98.995789 103.710617 104.726624 102.285301 97.491890 91.774750 106.908890 120.195328 127.755501 126.323959 116.645584 103.396790 99.922638 120.535233 139.441071 149.330353 144.248627 127.022964 106.391693 105.126434 128.394836 149.477493 158.555328 149.477493 128.394836 105.126434 106.391693 127.022964 144.248627 149.330353 139.441071 120.535233 99.922638 103.396790 116.645584 126.323959 127.755501 120.195328 106.908890 91.774750 97.491890 102.285301 104.726624 103.710617 98.995789 91.352211 81.807152,
 188.197174 192.934982 197.719772 198.112793 191.609573 181.012985 170.790131 232.012543 248.295837 263.639526 269.071533 259.239990 238.822449 216.798370 278.924042 313.218079 345.432556 358.666138 342.741821 307.317078 269.500763 297.209106 342.389709 385.621826 404.673279 385.621826 342.389709 297.209106 269.500763 307.317078 342.741821 358.666138 345.432556 313.218079 278.924042 216.798370 238.822449 259.239990 269.071533 263.639526 248.295837 232.012543 170.790131 181.012985 191.609573 198.112793 197.719772 192.934982 188.197174,
 228.966400 248.757080 246.402374 221.298828 185.780151 155.792419 140.257294 244.544022 284.863129 304.272583 286.348450 239.937256 191.144714 158.387405 243.180588 301.311584 349.894287 353.518311 305.156433 239.498245 188.146988 221.396637 284.068481 352.234161 384.608917 352.234161 284.068481 221.396637 188.146988 239.498245 305.156433 353.518311 349.894287 301.311584 243.180588 158.387405 191.144714 239.937256 286.348450 304.272583 284.863129 244.544022 140.257294 155.792419 185.780151 221.298828 246.402374 248.757080 228.966400,
 208.352829 248.034882 287.234283 301.208374 277.526459 231.601166 186.587723 212.762451 264.072296 320.728790 345.396606 314.574799 252.838104 197.196533 215.291443 276.902039 350.324738 385.921936 347.828094 271.615234 207.394531 213.960693 280.714233 362.186218 403.271790 362.186218 280.714233 213.960693 207.394531 271.615234 347.828094 385.921936 350.324738 276.902039 215.291443 197.196533 252.838104 314.574799 345.396606 320.728790 264.072296 212.762451 186.587723 231.601166 277.526459 301.208374 287.234283 248.034882 208.352829,
 170.245392 184.203598 204.427979 226.065231 242.874512 246.638565 232.508942 180.668488 212.277039 252.797058 289.089844 303.566711 288.689270 254.506012 203.867279 253.957703 313.414795 356.165344 352.263062 307.988831 254.197540 233.093079 293.149841 356.675171 387.042450 356.675171 293.149841 233.093079 254.197540 307.988831 352.263062 356.165344 313.414795 253.957703 203.867279 254.506012 288.689270 303.566711 289.089844 252.797058 212.277039 180.668488 232.508942 246.638565 242.874512 226.065231 204.427979 184.203598 170.245392,
 233.732300 244.312943 246.805725 237.723236 219.116364 196.468277 174.442566 280.362640 305.609619 319.705383 315.593628 292.022400 254.192383 211.363342 329.410248 394.423187 450.451477 472.377777 444.606262 376.460236 294.674835 350.866974 449.829590 537.792480 574.434570 537.792480 449.829590 350.866974 294.674835 376.460236 444.606262 472.377777 450.451477 394.423187 329.410248 211.363342 254.192383 292.022400 315.593628 319.705383 305.609619 280.362640 174.442566 196.468277 219.116364 237.723236 246.805725 244.312943 233.732300,
 163.970154 203.944183 232.835052 219.133240 185.049469 153.302704 136.137390 185.556458 249.164093 309.071167 292.504181 225.656418 170.282227 136.955750 195.154068 276.688416 384.164948 401.987671 306.973724 210.690750 157.685226 184.076721 258.948273 385.706116 462.372101 385.706116 258.948273 184.076721 157.685226 210.690750 306.973724 401.987671 384.164948 276.688416 195.154068 136.955750 170.282227 225.656418 292.504181 309.071167 249.164093 185.556458 136.137390 153.302704 185.049469 219.133240 232.835052 203.944183 163.970154,
 233.505051 268.007965 313.379303 337.619995 304.557343 240.172256 195.024734 247.623688 305.054596 385.747986 429.790070 374.003174 273.488434 207.801971 251.973404 332.267456 453.201202 521.424927 444.020111 311.321106 227.194260 244.317062 335.173248 478.013550 562.145752 478.013550 335.173248 244.317062 227.194260 311.321106 444.020111 521.424927 453.201202 332.267456 251.973404 207.801971 273.488434 374.003174 429.790070 385.747986 305.054596 247.623688 195.024734 240.172256 304.557343 337.619995 313.379303 268.007965 233.505051,
 201.234741 253.083389 311.885559 361.529266 387.350159 375.509735 324.979980 233.514328 293.552551 376.958588 463.941956 497.399567 445.844604 350.034790 269.735138 355.852417 486.286407 601.370300 596.050476 477.881470 348.691986 314.112671 435.340759 591.352783 673.474365 591.352783 435.340759 314.112671 348.691986 477.881470 596.050476 601.370300 486.286407 355.852417 269.735138 350.034790 445.844604 497.399567 463.941956 376.958588 293.552551 233.514328 324.979980 375.509735 387.350159 361.529266 311.885559 253.083389 201.234741,
 25.157499 40.369392 47.119743 45.153118 38.833107 32.297119 25.634356 32.332882 51.969345 64.518326 63.985558 51.482330 35.040649 21.576584 37.406082 65.669022 91.107162 97.899467 80.293991 51.313438 26.796431 35.755066 68.818741 104.853889 121.794006 104.853889 68.818741 35.755066 26.796431 51.313438 80.293991 97.899467 91.107162 65.669022 37.406082 21.576584 35.040649 51.482330 63.985558 64.518326 51.969345 32.332882 25.634356 32.297119 38.833107 45.153118 47.119743 40.369392 25.157499,
 24.202269 41.680313 50.742161 56.025528 55.975140 44.671783 25.123938 34.980782 66.538116 80.675529 77.232544 71.026390 63.759892 46.324928 42.950729 85.871864 119.964600 119.127548 92.926132 69.980141 51.766037 47.154408 81.160057 124.486923 148.186859 124.486923 81.160057 47.154408 51.766037 69.980141 92.926132 119.127548 119.964600 85.871864 42.950729 46.324928 63.759892 71.026390 77.232544 80.675529 66.538116 34.980782 25.123938 44.671783 55.975140 56.025528 50.742161 41.680313 24.202269,
 14.280695 20.489084 49.192017 78.357483 75.598404 45.245316 6.261967 17.928768 36.523804 81.396851 118.758842 107.264740 65.799049 21.218357 24.850908 57.547745 115.293602 156.698700 131.887497 77.880280 30.317926 30.702732 74.330460 135.704071 172.929611 135.704071 74.330460 30.702732 30.317926 77.880280 131.887497 156.698700 115.293602 57.547745 24.850908 21.218357 65.799049 107.264740 118.758842 81.396851 36.523804 17.928768 6.261967 45.245316 75.598404 78.357483 49.192017 20.489084 14.280695,
 14.526672 16.821409 15.896370 15.143211 16.084799 12.254164 4.071354 5.846852 14.869654 28.731636 41.487762 40.828163 21.857862 2.440055 -3.277110 14.801690 50.101830 80.391861 69.683006 27.987778 -2.388522 -7.153111 22.292801 74.329262 105.309464 74.329262 22.292801 -7.153111 -2.388522 27.987778 69.683006 80.391861 50.101830 14.801690 -3.277110 2.440055 21.857862 40.828163 41.487762 28.731636 14.869654 5.846852 4.071354 12.254164 16.084799 15.143211 15.896370 16.821409 14.526672,

Pairwise cross-correlations of the modulus of all oriented sub-bands at the same scale (size QxQ)
 148.124847 101.837883 64.790329 103.650368,
 101.837883 149.339905 102.922325 71.480019,
 64.790329 102.922325 150.359985 109.285172,
 103.650368 71.480019 109.285172 158.555344,
 404.673309 313.711304 271.232300 321.527222,
 313.711304 384.608948 317.559265 270.775146,
 271.232300 317.559265 403.271790 300.521210,
 321.527222 270.775146 300.521210 387.042511,
 574.434570 390.782715 364.856598 489.751587,
 390.782715 462.372070 364.703674 336.952820,
 364.856598 364.703674 562.145752 460.681458,
 489.751587 336.952820 460.681458 673.474487,
 121.794022 87.671448 78.774307 63.425602,
 87.671448 148.186874 111.683655 60.207016,
 78.774307 111.683655 172.929626 85.170380,
 63.425602 60.207016 85.170380 105.309464,

Cross-correlations of the modulus of all oriented sub-bands with all oriented sub-bands at the coarser scale (size QxQ)
 205.949142 165.693497 135.841415 171.685730,
 171.748032 209.101151 177.590851 142.751801,
 143.779572 172.609863 210.499069 169.141647,
 184.258774 149.900681 180.378525 213.086746,
 372.948822 298.239655 318.967377 365.468140,
 337.027161 336.287354 350.343231 324.648499,
 313.445099 310.720428 390.395386 356.870056,
 356.886902 268.422333 350.341980 403.057831,
 177.337555 172.283844 192.220917 136.544022,
 126.618698 140.551270 169.130249 105.796867,
 125.270432 159.469513 211.646454 104.884109,
 174.205826 192.810699 207.794662 149.580109,

Cross-correlations of the real part of each oriented sub-band with both the real and imaginary part of all phase-doubled oriented sub-bands at the next coarser scale (Q matrices of size 1x2Q, which are computed and stored in a matrix of size Qx2Q)
 71.850159 31.045177 4.165245 31.715075 0.172926 -3.790787 -0.546938 -1.271901,
 33.008244 62.759243 31.690308 4.053559 -5.414398 -7.546523 1.210207 -0.043628,
 3.429845 27.909954 78.237961 38.602249 -0.785829 -1.864384 6.106215 1.346201,
 31.559471 3.961454 39.389301 76.332527 4.062769 0.178054 2.228384 0.045257,
 -107.740746 -46.733768 -6.212539 -56.249027 16.559057 -14.626885 2.959265 -22.054060,
 -48.610508 -100.196175 -40.695683 -4.395675 -0.999679 -20.898502 -7.884289 -2.513005,
 -4.444003 -40.549660 -89.768196 -57.774567 2.724071 -9.247928 -30.767288 2.508146,
 -46.997242 -4.701987 -43.300629 -134.398849 18.184464 -1.949333 -5.336884 -20.192911,
 -78.161911 -14.531179 -4.010479 -29.242138 31.715824 -7.048463 0.219074 -24.962282,
 -26.809132 -17.079782 -23.248619 -6.766198 4.336104 -10.718942 28.739695 3.084891,
 -4.202611 -12.508034 -88.431038 -34.753296 -5.230575 -0.364006 95.670685 16.924656,
 -40.309052 -6.450372 -51.233543 -61.037186 11.086086 -0.984630 41.584381 -20.022572,
