Low-band skewness and kurtosis
 -2.546195 7.784461,
 -2.574129 8.286676,
 -2.273867 7.079578,
 -2.030757 6.285197,
 -1.316090 3.817312,

High-band variance
 101.882607,

Skewness, kurtosis, variance, mean, maximum and minimum of the reconstructed texture
 -2.533256 7.551418 5724.129395 227.943787 255.000000 0.000000,

Auto-correlations of the low-frequency bands at each scale
 3113.561523 3485.036377 3780.261230 3944.450684 3945.491211 3809.708740 3584.214844 3492.135742 3963.094482 4383.927734 4590.471191 4476.009766 4152.048340 3775.924805 3777.672363 4375.666992 4986.715820 5276.678711 5020.208008 4451.194336 3900.513672 3917.380859 4566.877441 5268.149902 5599.070312 5268.149902 4566.877441 3917.380859 3900.513672 4451.194336 5020.208008 5276.678711 4986.715820 4375.666992 3777.672363 3775.924805 4152.048340 4476.009766 4590.471191 4383.927734 3963.094482 3492.135742 3584.214844 3809.708740 3945.491211 3944.450684 3780.261230 3485.036377 3113.561523,
 1515.827148 1786.814209 2118.340332 2504.491455 2821.406738 3017.312744 3075.832520 1898.062866 2360.000488 2969.521729 3415.585938 3425.199463 3186.960449 2978.848145 2238.176758 2997.203857 4052.150635 4641.903320 4242.779297 3365.971924 2755.941406 2509.544189 3378.608887 4623.923828 5259.519531 4623.923828 3378.608887 2509.544189 2755.941406 3365.971924 4242.779297 4641.903320 4052.150635 2997.203857 2238.176758 2978.848145 3186.960449 3425.199463 3415.585938 2969.521729 2360.000488 1898.062866 3075.832520 3017.312744 2821.406738 2504.491455 2118.340332 1786.814209 1515.827148,
 -211.227295 246.229248 740.003296 1394.195068 2203.596680 2902.876465 3188.303711 268.881104 743.606201 1411.760864 2194.806641 2735.592773 2938.680420 2830.546143 878.124878 1497.389893 2591.426758 3507.821045 3389.345215 2715.586182 2177.798828 1536.285522 2280.459473 3538.136963 4279.985840 3538.136963 2280.459473 1536.285522 2177.798828 2715.586182 3389.345215 3507.821045 2591.426758 1497.389893 878.124878 2830.546143 2938.680420 2735.592773 2194.806641 1411.760864 743.606201 268.881104 3188.303711 2902.876465 2203.596680 1394.195068 740.003296 246.229248 -211.227295,
 -673.479919 -741.822449 -792.112671 -402.148346 671.244385 1977.886963 2603.110840 -741.108704 -777.654846 -329.918213 814.660889 2152.714844 2773.791748 2187.152588 -747.149902 -260.154785 1000.264954 2451.933594 3018.514404 2313.831055 910.571167 -255.281586 981.738220 2518.423584 3253.477539 2518.423584 981.738220 -255.281586 910.571167 2313.831055 3018.514404 2451.933594 1000.264954 -260.154785 -747.149902 2187.152588 2773.791748 2152.714844 814.660889 -329.918213 -777.654846 -741.108704 2603.110840 1977.886963 671.244385 -402.148346 -792.112671 -741.822449 -673.479919,
 -301.940125 -851.193726 -1044.156616 -930.600708 -261.998657 736.058716 1159.417236 -834.951721 -1063.994995 -951.594849 -223.296463 915.191895 1461.098755 867.888733 -1083.286987 -936.157959 -93.611694 1194.463257 1764.579956 1046.038330 -139.003143 -928.398682 -115.955040 1259.860229 1997.235107 1259.860229 -115.955040 -928.398682 -139.003143 1046.038330 1764.579956 1194.463257 -93.611694 -936.157959 -1083.286987 867.888733 1461.098755 915.191895 -223.296463 -951.594849 -1063.994995 -834.951721 1159.417236 736.058716 -261.998657 -930.600708 -1044.156616 -851.193726 -301.940125,

Auto-correlations of the modulus of each oriented sub-band
 67.304382 73.046677 78.984879 82.873711 83.289780 80.721054 77.143906 78.424362 87.433205 96.083977 100.642616 99.070717 92.574440 84.678879 90.452461 103.332642 115.163200 120.503998 116.594917 105.655365 93.073326 96.556549 111.418671 124.827873 130.349396 124.827873 111.418671 96.556549 93.073326 105.655365 116.594917 120.503998 115.163200 103.332642 90.452461 84.678879 92.574440 99.070717 100.642616 96.083977 87.433205 78.424362 77.143906 80.721054 83.289780 82.873711 78.984879 73.046677 67.304382,
 69.351242 76.089096 81.277802 82.972427 81.381912 77.636551 72.933029 75.395042 87.566551 97.385201 100.101799 95.478966 86.722527 77.115135 79.998215 96.740150 111.428734 116.217491 108.937202 94.976494 80.397079 81.654541 99.276955 115.952927 123.270615 115.952927 99.276955 81.654541 80.397079 94.976494 108.937202 116.217491 111.428734 96.740150 79.998215 77.115135 86.722527 95.478966 100.101799 97.385201 87.566551 75.395042 72.933029 77.636551 81.381912 82.972427 81.277802 76.089096 69.351242,
 62.669559 72.534859 83.510094 89.864235 87.311287 79.521004 72.612717 70.605270 84.237312 99.006653 106.673630 101.201904 88.238243 76.379593 77.226982 94.223450 112.509186 121.555679 113.438568 95.954041 79.764259 80.481461 98.617981 118.142944 127.612259 118.142944 98.617981 80.481461 79.764259 95.954041 113.438568 121.555679 112.509186 94.223450 77.226982 76.379593 88.238243 101.201904 106.673630 99.006653 84.237312 70.605270 72.612717 79.521004 87.311287 89.864235 83.510094 72.534859 62.669559,
 74.006737 81.661758 88.532753 93.404495 95.128349 93.722946 90.857185 81.789589 94.093147 105.748695 113.063240 112.534325 104.517235 93.892113 88.468918 105.633858 122.284637 131.480377 127.365326 112.382286 95.117020 93.250641 112.844139 131.370728 139.459930 131.370728 112.844139 93.250641 95.117020 112.382286 127.365326 131.480377 122.284637 105.633858 88.468918 93.892113 104.517235 112.534325 113.063240 105.748695 94.093147 81.789589 90.857185 93.722946 95.128349 93.404495 88.532753 81.661758 74.006737,
 130.837173 143.172134 156.126938 168.924881 180.058609 187.610031 189.988632 164.427643 182.305054 199.010880 211.211075 215.960373 212.949646 204.212372 203.932693 232.397644 257.937805 271.063965 265.604797 246.205750 222.284225 227.219269 261.196533 292.019714 305.459869 292.019714 261.196533 227.219269 222.284225 246.205750 265.604797 271.063965 257.937805 232.397644 203.932693 204.212372 212.949646 215.960373 211.211075 199.010880 182.305054 164.427643 189.988632 187.610031 180.058609 168.924881 156.126938 143.172134 130.837173,
 163.005402 186.456528 199.949875 206.834030 211.748550 216.267044 218.299866 185.905014 219.755814 240.421768 242.721527 233.476547 222.711349 214.598221 199.516663 242.306244 277.201263 284.491913 263.844452 233.922211 209.370239 205.289856 244.755676 286.002319 305.202087 286.002319 244.755676 205.289856 209.370239 233.922211 263.844452 284.491913 277.201263 242.306244 199.516663 214.598221 222.711349 233.476547 242.721527 240.421768 219.755814 185.905014 218.299866 216.267044 211.748550 206.834030 199.949875 186.456528 163.005402,
 116.224892 140.975311 174.427658 195.374634 191.802567 179.700928 170.638824 131.854858 161.878204 205.096939 229.982727 215.701767 188.746002 169.452576 146.215942 181.032410 232.894363 262.509125 237.135452 194.134552 164.948608 157.335541 192.507629 245.446716 276.746887 245.446716 192.507629 157.335541 164.948608 194.134552 237.135452 262.509125 232.894363 181.032410 146.215942 169.452576 188.746002 215.701767 229.982727 205.096939 161.878204 131.854858 170.638824 179.700928 191.802567 195.374634 174.427658 140.975311 116.224892,
 147.534637 175.150299 205.256027 235.572372 259.445282 270.228851 267.485992 185.450851 219.676392 258.327393 292.424500 308.833130 302.513916 281.474335 224.749283 267.051514 313.282715 345.555023 346.058533 317.784912 279.552917 258.937561 304.881653 349.326599 369.004211 349.326599 304.881653 258.937561 279.552917 317.784912 346.058533 345.555023 313.282715 267.051514 224.749283 281.474335 302.513916 308.833130 292.424500 258.327393 219.676392 185.450851 267.485992 270.228851 259.445282 235.572372 205.256027 175.150299 147.534637,
 21.646912 65.337799 111.729126 154.036713 186.183655 205.760651 212.264404 68.597443 115.160446 162.856430 201.628448 222.743851 224.695602 211.432281 132.544815 189.954422 243.330109 274.782776 274.641205 248.719040 209.920761 187.005524 247.489853 300.242584 322.191528 300.242584 247.489853 187.005524 209.920761 248.719040 274.641205 274.782776 243.330109 189.954422 132.544815 211.432281 224.695602 222.743851 201.628448 162.856430 115.160446 68.597443 212.264404 205.760651 186.183655 154.036713 111.729126 65.337799 21.646912,
 70.637535 127.851578 184.246262 231.205994 266.742737 284.355469 280.456299 123.628189 187.492371 246.881653 280.117096 292.514465 292.803009 274.642761 172.339020 237.561005 304.609772 331.967529 313.570221 283.884491 251.473236 214.898148 266.606567 326.351715 358.430664 326.351715 266.606567 214.898148 251.473236 283.884491 313.570221 331.967529 304.609772 237.561005 172.339020 274.642761 292.803009 292.514465 280.117096 246.881653 187.492371 123.628189 280.456299 284.355469 266.742737 231.205994 184.246262 127.851578 70.637535,
 26.606560 81.410187 146.460419 197.827545 220.101044 227.522888 234.595032 69.664345 133.544006 211.613708 264.095154 263.249420 241.892670 224.447235 113.098633 180.313187 267.349304 320.450531 292.722717 237.808487 196.470703 156.678802 216.297974 296.701599 344.118286 296.701599 216.297974 156.678802 196.470703 237.808487 292.722717 320.450531 267.349304 180.313187 113.098633 224.447235 241.892670 263.249420 264.095154 211.613708 133.544006 69.664345 234.595032 227.522888 220.101044 197.827545 146.460419 81.410187 26.606560,
 17.131943 65.956223 120.381554 171.964172 210.794159 232.081192 239.470108 62.555664 121.961105 189.876022 248.918625 276.540222 267.410889 237.182953 110.981804 184.988556 270.179260 332.244812 332.135986 278.833038 211.441711 164.063507 246.306519 331.573700 371.968079 331.573700 246.306519 164.063507 211.441711 278.833038 332.135986 332.244812 270.179260 184.988556 110.981804 237.182953 267.410889 276.540222 248.918625 189.876022 121.961105 62.555664 239.470108 232.081192 210.794159 171.964172 120.381554 65.956223 17.131943,
 -38.819229 -20.689903 0.633768 25.033016 47.014862 58.718475 60.635902 -15.773355 10.794611 30.629456 43.651047 55.641037 63.048637 58.080276 5.155518 41.934109 71.613815 76.322754 64.054825 52.609112 42.553997 21.555538 49.535343 84.797760 103.264603 84.797760 49.535343 21.555538 42.553997 52.609112 64.054825 76.322754 71.613815 41.934109 5.155518 58.080276 63.048637 55.641037 43.651047 30.629456 10.794611 -15.773355 60.635902 58.718475 47.014862 25.033016 0.633768 -20.689903 -38.819229,
 -195.682617 -74.209900 65.995857 203.386551 314.754242 380.905670 392.454468 -61.178345 84.909866 231.122345 351.550842 424.402435 438.326660 393.753632 87.140060 238.753540 371.523773 456.959290 476.473053 431.298462 335.055908 226.697235 361.052582 459.026001 495.815613 459.026001 361.052582 226.697235 335.055908 431.298462 476.473053 456.959290 371.523773 238.753540 87.140060 393.753632 438.326660 424.402435 351.550842 231.122345 84.909866 -61.178345 392.454468 380.905670 314.754242 203.386551 65.995857 -74.209900 -195.682617,
 -46.693306 -11.775352 23.959076 41.598679 56.033134 74.373703 77.904015 -24.921810 18.047474 66.479271 82.975708 78.277351 82.443954 78.892105 2.695686 43.142830 98.285645 121.699051 96.608765 76.181152 63.069397 34.389347 62.042492 107.289543 139.034821 107.289543 62.042492 34.389347 63.069397 76.181152 96.608765 121.699051 98.285645 43.142830 2.695686 78.892105 82.443954 78.277351 82.975708 66.479271 18.047474 -24.921810 77.904015 74.373703 56.033134 41.598679 23.959076 -11.775352 -46.693306,
 -26.487991 -19.468624 -6.362456 12.132941 26.832626 33.548134 36.678539 -16.615265 -5.802046 10.948907 29.479959 37.606293 35.707962 32.139057 -2.518349 12.030232 32.070938 48.660023 46.922607 34.283710 23.123781 11.521496 27.106583 47.129566 58.505184 47.129566 27.106583 11.521496 23.123781 34.283710 46.922607 48.660023 32.070938 12.030232 -2.518349 32.139057 35.707962 37.606293 29.479959 10.948907 -5.802046 -16.615265 36.678539 33.548134 26.832626 12.132941 -6.362456 -19.468624 -26.487991,

Pairwise cross-correlations of the modulus of all oriented sub-bands at the same scale (size QxQ)
 130.349426 93.761505 71.262306 101.417717,
 93.761505 123.270630 89.887398 71.176971,
 71.262306 89.887398 127.612267 99.906349,
 101.417717 71.176971 99.906349 139.459946,
 305.459869 242.473831 205.164551 277.423584,
 242.473831 305.202148 227.918610 247.016571,
 205.164551 227.918610 276.746887 266.985748,
 277.423584 247.016571 266.985748 369.004242,
 322.191528 252.930374 227.093201 272.079437,
 252.930374 358.430725 233.583313 200.887695,
 227.093201 233.583313 344.118286 293.765076,
 272.079437 200.887695 293.765076 371.968170,
 103.264618 186.188217 67.721771 47.967587,
 186.188217 495.815613 220.291840 103.846710,
 67.721771 220.291840 139.034836 52.601105,
 47.967587 103.846710 52.601105 58.505192,

Cross-correlations of the modulus of all oriented sub-bands with all oriented sub-bands at the coarser scale (size QxQ)
 174.686432 143.737030 116.485405 168.241608,
 144.424652 169.094177 133.718048 142.824921,
 117.764252 140.417267 162.843231 164.585541,
 149.262512 125.686813 141.923126 194.992859,
 255.898849 232.206650 214.086197 241.009171,
 228.872879 275.991821 235.266190 214.467697,
 201.663788 206.571060 235.116928 236.513107,
 266.271576 236.144928 258.861298 285.672974,
 112.403900 282.782715 124.854614 94.779976,
 143.627075 358.175079 148.564362 97.698448,
 104.556000 265.524597 126.783081 89.822800,
 105.133408 264.676514 126.600548 86.750183,

Cross-correlations of the real part of each oriented sub-band with both the real and imaginary part of all phase-doubled oriented sub-bands at the next coarser scale (Q matrices of size 1x2Q, which are computed and stored in a matrix of size Qx2Q)
 57.505424 27.466860 3.644306 30.167080 -0.447628 -1.143719 -0.067842 -1.070092,
 24.004969 53.513248 19.369410 2.570435 0.427757 -4.206290 1.167773 0.396744,
 3.121412 20.720846 52.776573 32.867943 -0.111976 -1.044195 4.952699 0.610192,
 28.534115 2.814324 30.886457 72.310501 -0.371299 0.288732 1.427152 -1.097696,
 -37.231586 -25.630795 -2.531738 -8.322427 -8.746777 0.684197 -1.391198 -11.232610,
 -29.501759 -48.028770 -6.066400 -0.606561 -3.920800 10.713277 8.789412 -0.832629,
 -3.075658 -11.565254 -12.362688 -17.429018 0.237015 7.909742 13.864559 -6.200935,
 -7.936324 0.084022 -10.229052 -30.109850 -0.377736 0.258259 -2.198852 -20.593639,
 -34.703815 -40.570141 -5.170960 -2.459433 -6.688448 -2.240213 -2.619696 1.018197,
 -35.576103 -100.943283 -30.966801 0.508965 1.946617 18.520216 -0.463566 -1.317151,
 -4.116278 -35.813961 -45.245728 -2.281453 6.167375 11.139714 6.181965 -2.260252,
 -6.863052 -1.074215 -13.343277 -7.887471 0.528189 -0.481190 4.356539 2.633136,
