Low-band skewness and kurtosis
 -3.208960 11.626800,
 -3.238266 12.210210,
 -3.021137 11.457501,
 -2.447146 8.535007,
 -1.465696 4.260259,

High-band variance
 58.352623,

Skewness, kurtosis, variance, mean, maximum and minimum of the reconstructed texture
 -3.202835 11.408960 4261.408691 235.810974 255.000000 0.000000,

Auto-correlations of the low-frequency bands at each scale
 2123.375488 2514.071533 2871.832275 3152.800049 3294.038330 3283.848389 3164.869629 2455.600586 2876.582031 3289.185059 3582.666016 3632.496094 3468.832031 3213.044434 2755.142090 3220.391113 3708.109619 4001.533691 3912.493896 3555.467285 3159.041504 3000.128662 3475.140625 3964.079346 4189.930664 3964.079346 3475.140625 3000.128662 3159.041504 3555.467285 3912.493896 4001.533691 3708.109619 3220.391113 2755.142090 3213.044434 3468.832031 3632.496094 3582.666016 3289.185059 2876.582031 2455.600586 3164.869629 3283.848389 3294.038330 3152.800049 2871.832275 2514.071533 2123.375488,
 517.512451 917.799072 1463.874146 2051.333252 2501.946289 2765.175537 2852.344482 861.424683 1387.360596 2125.049316 2783.616699 3035.971680 2937.195557 2712.365234 1328.763672 2010.403931 2948.117188 3599.333008 3499.820312 2917.229980 2366.922607 1872.248047 2600.178955 3524.455078 3983.292480 3524.455078 2600.178955 1872.248047 2366.922607 2917.229980 3499.820312 3599.333008 2948.117188 2010.403931 1328.763672 2712.365234 2937.195557 3035.971680 2783.616699 2125.049316 1387.360596 861.424683 2852.344482 2765.175537 2501.946289 2051.333252 1463.874146 917.799072 517.512451,
 -338.860474 -305.146973 -38.623779 664.026367 1691.075928 2566.351562 2742.536621 -324.298645 -133.939575 528.213562 1597.621338 2518.696533 2787.140625 2239.431885 -150.934082 452.087280 1632.785522 2782.109375 3024.620605 2360.986328 1322.434570 412.901520 1441.773926 2733.979492 3385.595703 2733.979492 1441.773926 412.901520 1322.434570 2360.986328 3024.620605 2782.109375 1632.785522 452.087280 -150.934082 2239.431885 2787.140625 2518.696533 1597.621338 528.213562 -133.939575 -324.298645 2742.536621 2566.351562 1691.075928 664.026367 -38.623779 -305.146973 -338.860474,
 -252.319885 -301.491028 -561.104431 -465.990112 494.696960 1711.732178 1926.140381 -287.891022 -559.840393 -516.974487 425.846497 1756.668335 2167.170898 1215.844849 -535.524841 -571.550598 337.023804 1785.997559 2336.640625 1420.936035 58.798447 -589.146362 172.350662 1661.093018 2470.794434 1661.093018 172.350662 -589.146362 58.798447 1420.936035 2336.640625 1785.997559 337.023804 -571.550598 -535.524841 1215.844849 2167.170898 1756.668335 425.846497 -516.974487 -559.840393 -287.891022 1926.140381 1711.732178 494.696960 -465.990112 -561.104431 -301.491028 -252.319885,
 -163.316650 -403.872284 -592.451782 -515.238342 -27.479584 479.703949 519.156860 -406.661407 -551.617920 -565.828491 -36.148514 701.475708 807.882935 249.752716 -503.160858 -567.200317 -102.333221 810.321350 1126.146240 473.245483 -256.561066 -518.310730 -197.212112 715.867493 1269.434082 715.867493 -197.212112 -518.310730 -256.561066 473.245483 1126.146240 810.321350 -102.333221 -567.200317 -503.160858 249.752716 807.882935 701.475708 -36.148514 -565.828491 -551.617920 -406.661407 519.156860 479.703949 -27.479584 -515.238342 -592.451782 -403.872284 -163.316650,

Auto-correlations of the modulus of each oriented sub-band
 43.172771 49.781395 56.604671 61.789825 63.995731 63.150703 60.302830 51.208611 59.858143 68.026093 73.009422 73.235458 69.246414 63.165230 59.673920 70.516052 80.091972 84.729080 82.634377 75.155975 65.653725 65.097855 76.606949 86.388763 90.298157 86.388763 76.606949 65.097855 65.653725 75.155975 82.634377 84.729080 80.091972 70.516052 59.673920 63.165230 69.246414 73.235458 73.009422 68.026093 59.858143 51.208611 60.302830 63.150703 63.995731 61.789825 56.604671 49.781395 43.172771,
 59.312340 66.229607 72.646080 77.437225 79.692619 79.139977 76.341225 65.771240 75.995682 84.693352 89.300079 88.922234 84.385315 77.513275 71.604439 84.480263 95.364204 99.959724 96.817101 88.180779 77.419579 75.585060 88.730888 99.949867 104.575836 99.949867 88.730888 75.585060 77.419579 88.180779 96.817101 99.959724 95.364204 84.480263 71.604439 77.513275 84.385315 88.922234 89.300079 84.693352 75.995682 65.771240 76.341225 79.139977 79.692619 77.437225 72.646080 66.229607 59.312340,
 28.404770 35.121540 42.655304 47.406464 47.393707 44.590969 41.746559 32.959045 41.664791 51.394783 56.880585 54.873482 48.623508 42.616150 37.484993 47.692715 59.016052 64.912422 60.818008 51.341175 42.510544 40.861561 51.232235 62.597206 68.127655 62.597206 51.232235 40.861561 42.510544 51.341175 60.818008 64.912422 59.016052 47.692715 37.484993 42.616150 48.623508 54.873482 56.880585 51.394783 41.664791 32.959045 41.746559 44.590969 47.393707 47.406464 42.655304 35.121540 28.404770,
 29.732803 34.073029 38.722900 43.117210 46.039429 46.798309 45.835129 34.237450 40.537827 47.450550 52.942184 54.558651 51.953522 47.121422 38.917583 47.520508 56.566360 62.280155 61.331940 54.707779 46.346905 43.320225 53.050789 62.290787 66.317230 62.290787 53.050789 43.320225 46.346905 54.707779 61.331940 62.280155 56.566360 47.520508 38.917583 47.121422 51.953522 54.558651 52.942184 47.450550 40.537827 34.237450 45.835129 46.798309 46.039429 43.117210 38.722900 34.073029 29.732803,
 95.707001 117.632622 139.008316 157.398102 170.426804 177.033508 177.000854 125.777695 151.189407 174.451706 191.241241 198.351700 195.891403 185.742691 158.729462 188.457657 213.561310 227.033905 225.276459 211.091782 189.877502 182.151108 211.565521 235.148407 244.545456 235.148407 211.565521 182.151108 189.877502 211.091782 225.276459 227.033905 213.561310 188.457657 158.729462 185.742691 195.891403 198.351700 191.241241 174.451706 151.189407 125.777695 177.000854 177.033508 170.426804 157.398102 139.008316 117.632622 95.707001,
 139.052032 156.811554 166.473648 172.053848 176.573563 179.451172 178.173309 153.126404 180.431381 197.438004 201.157776 196.325119 188.083817 177.954529 161.407181 194.567017 221.972595 229.254883 215.999268 194.483337 173.461655 167.538879 197.918350 228.110794 242.133682 228.110794 197.918350 167.538879 173.461655 194.483337 215.999268 229.254883 221.972595 194.567017 161.407181 177.954529 188.083817 196.325119 201.157776 197.438004 180.431381 153.126404 178.173309 179.451172 176.573563 172.053848 166.473648 156.811554 139.052032,
 65.148026 84.602951 105.385872 117.443947 116.232841 108.591965 100.737381 74.664688 97.898827 123.811829 137.227783 130.603210 115.362526 100.932007 83.722878 109.556198 139.678558 154.921448 142.485809 118.734360 97.891624 91.840958 116.997971 146.723862 162.447174 146.723862 116.997971 91.840958 97.891624 118.734360 142.485809 154.921448 139.678558 109.556198 83.722878 100.932007 115.362526 130.603210 137.227783 123.811829 97.898827 74.664688 100.737381 108.591965 116.232841 117.443947 105.385872 84.602951 65.148026,
 45.142254 62.906158 83.147202 104.022629 120.825516 128.423645 125.167648 60.860264 83.090881 108.211296 131.004684 143.608536 141.511703 127.320435 80.654213 108.460739 138.087265 159.152893 161.469040 145.178757 119.669899 102.291809 132.929169 160.683456 172.429596 160.683456 132.929169 102.291809 119.669899 145.178757 161.469040 159.152893 138.087265 108.460739 80.654213 127.320435 141.511703 143.608536 131.004684 108.211296 83.090881 60.860264 125.167648 128.423645 120.825516 104.022629 83.147202 62.906158 45.142254,
 22.165909 48.893097 73.277863 95.789818 118.033691 138.402893 151.522324 50.381905 85.678833 114.327179 129.605209 135.071320 136.736053 134.983307 79.755699 126.882797 167.226913 180.190979 164.702499 137.656265 112.144905 98.039925 144.309235 190.841171 212.190765 190.841171 144.309235 98.039925 112.144905 137.656265 164.702499 180.190979 167.226913 126.882797 79.755699 134.983307 136.736053 135.071320 129.605209 114.327179 85.678833 50.381905 151.522324 138.402893 118.033691 95.789818 73.277863 48.893097 22.165909,
 130.976212 214.491486 294.100311 362.944153 415.457733 446.699677 453.389526 211.549194 303.871948 386.228424 444.211731 471.821136 470.015320 442.835449 289.465149 385.174866 467.130554 511.414673 508.726196 469.293335 408.304749 356.297852 442.345551 511.512512 539.333862 511.512512 442.345551 356.297852 408.304749 469.293335 508.726196 511.414673 467.130554 385.174866 289.465149 442.835449 470.015320 471.821136 444.211731 386.228424 303.871948 211.549194 453.389526 446.699677 415.457733 362.944153 294.100311 214.491486 130.976212,
 10.631363 46.192535 82.383133 103.702103 116.459152 131.612289 142.500854 34.269207 77.647598 126.196381 150.285950 146.434967 138.161957 130.910065 59.482651 105.420547 161.629379 189.634399 169.408096 136.186676 110.318161 85.408035 125.329666 176.790039 205.782318 176.790039 125.329666 85.408035 110.318161 136.186676 169.408096 189.634399 161.629379 105.420547 59.482651 130.910065 138.161957 146.434967 150.285950 126.196381 77.647598 34.269207 142.500854 131.612289 116.459152 103.702103 82.383133 46.192535 10.631363,
 -7.066750 9.704578 32.724663 58.682457 79.786064 88.770935 86.321236 4.167076 27.732876 59.379807 91.438011 108.403671 102.833038 84.025032 20.845730 52.830555 92.996712 124.992462 126.694069 100.519882 67.491165 43.498466 80.776482 121.100128 140.460266 121.100128 80.776482 43.498466 67.491165 100.519882 126.694069 124.992462 92.996712 52.830555 20.845730 84.025032 102.833038 108.403671 91.438011 59.379807 27.732876 4.167076 86.321236 88.770935 79.786064 58.682457 32.724663 9.704578 -7.066750,
 -49.036636 -15.039921 25.318523 68.461105 106.338348 128.163635 126.775803 -12.190556 31.495071 72.794090 106.900940 130.066132 136.625275 121.137299 29.470539 83.647018 127.720833 149.790131 148.010468 127.847656 94.085953 63.739258 115.829590 158.113434 175.034286 158.113434 115.829590 63.739258 94.085953 127.847656 148.010468 149.790131 127.720833 83.647018 29.470539 121.137299 136.625275 130.066132 106.900940 72.794090 31.495071 -12.190556 126.775803 128.163635 106.338348 68.461105 25.318523 -15.039921 -49.036636,
 -223.557800 -34.647156 181.527588 389.872009 549.071594 621.816345 588.305237 -63.261292 170.855286 407.192627 599.523376 704.878418 696.596863 575.734802 125.998123 381.724915 606.426086 749.057434 773.387878 674.183533 477.895569 317.292175 561.083374 738.274658 803.735840 738.274658 561.083374 317.292175 477.895569 674.183533 773.387878 749.057434 606.426086 381.724915 125.998123 575.734802 696.596863 704.878418 599.523376 407.192627 170.855286 -63.261292 588.305237 621.816345 549.071594 389.872009 181.527588 -34.647156 -223.557800,
 -33.676762 -11.332451 13.625193 33.912903 53.663651 70.301071 67.840714 -16.336330 13.340126 45.680710 62.912937 67.912918 74.045067 64.800140 4.304405 35.467388 71.887390 90.040413 78.396393 66.283356 49.303253 27.132542 52.812325 82.403610 102.020218 82.403610 52.812325 27.132542 49.303253 66.283356 78.396393 90.040413 71.887390 35.467388 4.304405 64.800140 74.045067 67.912918 62.912937 45.680710 13.340126 -16.336330 67.840714 70.301071 53.663651 33.912903 13.625193 -11.332451 -33.676762,
 -12.663114 -9.529368 -4.090623 3.840997 12.715930 19.064686 20.144390 -9.762791 -4.296019 4.170089 14.492263 22.483383 23.769545 18.327087 -4.578499 4.110797 15.589186 25.825516 28.597776 22.359764 11.806881 3.126909 14.488495 25.975767 31.173351 25.975767 14.488495 3.126909 11.806881 22.359764 28.597776 25.825516 15.589186 4.110797 -4.578499 18.327087 23.769545 22.483383 14.492263 4.170089 -4.296019 -9.762791 20.144390 19.064686 12.715930 3.840997 -4.090623 -9.529368 -12.663114,

Pairwise cross-correlations of the modulus of all oriented sub-bands at the same scale (size QxQ)
 90.298157 72.603683 45.994415 61.462425,
 72.603683 104.575844 64.670273 46.638508,
 45.994415 64.670273 68.127663 49.257660,
 61.462425 46.638508 49.257660 66.317230,
 244.545471 185.287964 151.371811 179.695312,
 185.287964 242.133713 150.493698 130.251099,
 151.371811 150.493698 162.447220 141.934250,
 179.695312 130.251099 141.934250 172.429611,
 212.190781 284.649200 139.416748 131.079300,
 284.649200 539.333984 263.216888 174.157684,
 139.416748 263.216888 205.782333 137.194122,
 131.079300 174.157684 137.194122 140.460281,
 175.034286 351.097382 105.656670 43.926167,
 351.097382 803.735962 259.923767 94.708969,
 105.656670 259.923767 102.020233 37.749516,
 43.926167 94.708969 37.749516 31.173355,

Cross-correlations of the modulus of all oriented sub-bands with all oriented sub-bands at the coarser scale (size QxQ)
 130.855728 104.059891 73.948639 95.753288,
 116.388344 140.551697 90.526588 85.735542,
 86.751549 91.629753 88.979691 82.630775,
 102.974815 72.774239 76.351547 93.612991,
 183.462616 256.913452 164.256271 148.419022,
 181.407471 317.098389 173.980255 122.019974,
 113.831619 191.567322 155.229507 119.056610,
 118.793724 175.547623 145.065643 124.367805,
 142.870468 299.891174 97.308403 53.897743,
 245.845978 578.972107 203.588043 81.635841,
 105.234695 260.472778 108.727509 58.450153,
 78.826233 168.166534 60.647804 43.980061,

Cross-correlations of the real part of each oriented sub-band with both the real and imaginary part of all phase-doubled oriented sub-bands at the next coarser scale (Q matrices of size 1x2Q, which are computed and stored in a matrix of size Qx2Q)
 38.558022 16.083895 1.290571 15.791118 0.136775 -2.998532 -0.371570 -2.250077,
 15.390872 28.175797 10.161793 1.375940 -3.572659 -3.749390 -0.017773 -0.413813,
 1.518349 10.599182 19.702707 7.808643 -0.571567 -0.518081 4.302949 1.162651,
 17.895414 1.692306 8.039360 26.383171 2.335338 -0.150587 2.531505 -0.457296,
 -30.824547 -6.207937 0.567089 -1.968153 -6.370277 -11.665001 -0.272697 1.345365,
 -11.029594 -11.753330 -13.718843 0.063209 -11.056939 -17.749554 3.764947 0.505687,
 3.368850 -12.133892 -18.659189 -4.100830 -2.090150 0.106341 11.350209 0.222863,
 -7.662848 -2.082985 -3.920026 -8.944373 1.180787 0.872777 3.418482 1.235157,
 -86.186234 -172.298752 -42.367100 -2.469520 -14.297516 -13.771421 1.943566 -1.029386,
 -161.966858 -433.140686 -130.972305 -0.545802 -24.706779 -18.007893 9.862328 0.336329,
 -47.462612 -144.519058 -69.301910 -0.189075 -4.066730 -0.933353 9.850672 1.395934,
 -7.097066 -1.705551 -6.498031 -1.942577 0.220750 -0.268666 2.215057 -0.193347,
