Low-band skewness and kurtosis
 -2.447290 7.302334,
 -2.490303 7.922870,
 -2.139250 6.582515,
 -1.929381 5.966152,
 -1.456479 3.972512,

High-band variance
 109.668762,

Skewness, kurtosis, variance, mean, maximum and minimum of the reconstructed texture
 -2.434670 7.067744 5972.850586 226.388367 255.000000 0.000000,

Auto-correlations of the low-frequency bands at each scale
 3091.418213 3351.326172 3565.407959 3660.128906 3587.334717 3372.092773 3066.723877 3607.136963 3994.214355 4356.600098 4518.969727 4352.920410 3961.172852 3510.406982 3952.894287 4537.361328 5142.191895 5419.002441 5124.563965 4488.183594 3857.987549 4034.014648 4739.655273 5488.854492 5838.384766 5488.854492 4739.655273 4034.014648 3857.987549 4488.183594 5124.563965 5419.002441 5142.191895 4537.361328 3952.894287 3510.406982 3961.172852 4352.920410 4518.969727 4356.600098 3994.214355 3607.136963 3066.723877 3372.092773 3587.334717 3660.128906 3565.407959 3351.326172 3091.418213,
 1739.368042 1698.980225 1709.132202 1807.183838 1911.514282 1969.314697 1971.045776 2269.519531 2376.551758 2693.937744 2929.852295 2752.156982 2352.258301 2084.060059 2644.909424 3178.535156 4097.286621 4604.910156 4068.130859 3037.107422 2366.825928 2644.658203 3476.323242 4773.704102 5457.237305 4773.704102 3476.323242 2644.658203 2366.825928 3037.107422 4068.130859 4604.910156 4097.286621 3178.535156 2644.909424 2084.060059 2352.258301 2752.156982 2929.852295 2693.937744 2376.551758 2269.519531 1971.045776 1969.314697 1911.514282 1807.183838 1709.132202 1698.980225 1739.368042,
 676.797913 856.699341 1145.076050 1630.695557 2079.924805 2266.731445 2175.370605 1214.103516 1258.701172 1418.097412 1724.186523 1879.013672 1911.486084 1911.666260 1645.444336 2020.891846 2700.342041 3144.930664 2715.544189 2004.842285 1665.828613 1701.234863 2356.980469 3522.806152 4210.704102 3522.806152 2356.980469 1701.234863 1665.828613 2004.842285 2715.544189 3144.930664 2700.342041 2020.891846 1645.444336 1911.666260 1911.486084 1879.013672 1724.186523 1418.097412 1258.701172 1214.103516 2175.370605 2266.731445 2079.924805 1630.695557 1145.076050 856.699341 676.797913,
 -576.460327 -350.052490 86.516785 759.905640 1416.495361 1768.489746 1716.480103 -386.496033 28.140625 688.412659 1468.642090 1962.646484 1963.117432 1556.697021 -14.877380 673.405518 1605.305664 2336.112793 2347.186523 1773.581543 1046.796387 501.185242 1353.979004 2333.888672 2812.772949 2333.888672 1353.979004 501.185242 1046.796387 1773.581543 2347.186523 2336.112793 1605.305664 673.405518 -14.877380 1556.697021 1963.117432 1962.646484 1468.642090 688.412659 28.140625 -386.496033 1716.480103 1768.489746 1416.495361 759.905640 86.516785 -350.052490 -576.460327,
 -491.793488 -813.579468 -974.651306 -677.555664 8.118469 499.767609 384.289886 -835.460144 -960.121521 -610.640381 289.273285 1092.174683 1080.755493 350.907043 -938.338440 -648.461060 360.143677 1549.893799 1787.275757 926.802490 -135.044617 -690.728882 131.884262 1453.117188 2161.471680 1453.117188 131.884262 -690.728882 -135.044617 926.802490 1787.275757 1549.893799 360.143677 -648.461060 -938.338440 350.907043 1080.755493 1092.174683 289.273285 -610.640381 -960.121521 -835.460144 384.289886 499.767609 8.118469 -677.555664 -974.651306 -813.579468 -491.793488,

Auto-correlations of the modulus of each oriented sub-band
 62.307201 67.267120 71.638466 73.015236 70.408806 65.092743 59.653370 75.587837 84.185310 91.500916 93.928574 89.979752 81.474419 72.223640 87.531792 100.443161 111.510674 115.530212 110.275597 98.315964 84.971992 91.549934 106.732407 120.176697 125.666809 120.176697 106.732407 91.549934 84.971992 98.315964 110.275597 115.530212 111.510674 100.443161 87.531792 72.223640 81.474419 89.979752 93.928574 91.500916 84.185310 75.587837 59.653370 65.092743 70.408806 73.015236 71.638466 67.267120 62.307201,
 81.162498 85.975853 88.480423 86.778091 81.503616 74.779869 68.471458 87.892067 99.303383 107.890060 108.431465 100.705765 88.725670 76.974144 91.801186 108.973015 123.954460 128.088928 118.813667 102.120262 85.317619 90.903473 110.081383 128.387329 136.452713 128.387329 110.081383 90.903473 85.317619 102.120262 118.813667 128.088928 123.954460 108.973015 91.801186 76.974144 88.725670 100.705765 108.431465 107.890060 99.303383 87.892067 68.471458 74.779869 81.503616 86.778091 88.480423 85.975853 81.162498,
 87.552994 99.569611 111.285675 116.714523 112.077072 101.060287 90.019226 95.780144 111.099525 126.449539 133.444168 126.574234 111.517021 96.879570 102.800636 121.096115 139.926819 148.674820 139.782654 121.035782 103.093376 105.590256 124.989792 145.278992 154.945618 145.278992 124.989792 105.590256 103.093376 121.035782 139.782654 148.674820 139.926819 121.096115 102.800636 96.879570 111.517021 126.574234 133.444168 126.449539 111.099525 95.780144 90.019226 101.060287 112.077072 116.714523 111.285675 99.569611 87.552994,
 75.590164 83.591347 91.682831 97.598480 99.266479 96.457176 91.210220 83.731918 96.822327 109.736473 117.705589 116.726158 107.424744 95.279526 91.372604 109.578140 127.303040 136.886902 132.142151 116.037979 97.722549 96.542503 117.170715 136.724808 145.344131 136.724808 117.170715 96.542503 97.722549 116.037979 132.142151 136.886902 127.303040 109.578140 91.372604 95.279526 107.424744 116.726158 117.705589 109.736473 96.822327 83.731918 91.210220 96.457176 99.266479 97.598480 91.682831 83.591347 75.590164,
 146.911636 154.225723 160.019775 164.728485 168.239777 169.977768 169.262009 187.898621 202.894974 213.700287 217.884827 214.223083 203.952744 189.681213 233.477615 263.870239 287.462128 295.842834 284.720245 258.782104 226.968491 250.360443 290.541504 323.836975 337.448547 323.836975 290.541504 250.360443 226.968491 258.782104 284.720245 295.842834 287.462128 263.870239 233.477615 189.681213 203.952744 214.223083 217.884827 213.700287 202.894974 187.898621 169.262009 169.977768 168.239777 164.728485 160.019775 154.225723 146.911636,
 213.891464 236.357101 242.629349 228.924545 207.836807 194.550858 192.068710 236.131882 274.506256 297.433319 286.282013 250.185455 215.332703 195.946091 243.174133 294.864777 340.795837 346.190125 304.934753 250.743240 211.698944 232.140686 284.489075 344.266205 373.400696 344.266205 284.489075 232.140686 211.698944 250.743240 304.934753 346.190125 340.795837 294.864777 243.174133 195.946091 215.332703 250.185455 286.282013 297.433319 274.506256 236.131882 192.068710 194.550858 207.836807 228.924545 242.629349 236.357101 213.891464,
 192.813812 239.047211 287.560822 310.091278 293.742828 262.257477 238.276459 210.556686 263.422577 322.462921 350.611420 325.577423 277.954132 240.230759 227.130524 285.343689 354.660645 389.373199 355.749756 292.135620 241.388580 237.999512 296.439697 368.916290 406.855774 368.916290 296.439697 237.999512 241.388580 292.135620 355.749756 389.373199 354.660645 285.343689 227.130524 240.230759 277.954132 325.577423 350.611420 322.462921 263.422577 210.556686 238.276459 262.257477 293.742828 310.091278 287.560822 239.047211 192.813812,
 185.798843 204.986450 230.067871 259.107269 281.229431 285.588379 273.001068 204.371735 233.829117 273.970215 312.945679 328.902954 313.345276 280.248260 227.508575 272.242249 328.179138 369.790558 366.875305 324.500488 273.163727 253.003967 308.587463 368.175598 396.402893 368.175598 308.587463 253.003967 273.163727 324.500488 366.875305 369.790558 328.179138 272.242249 227.508575 280.248260 313.345276 328.902954 312.945679 273.970215 233.829117 204.371735 273.001068 285.588379 281.229431 259.107269 230.067871 204.986450 185.798843,
 97.936821 116.719673 128.429962 140.344986 156.579193 173.739380 183.277496 127.929634 158.156097 176.843079 183.928253 184.692505 183.647369 180.825562 154.438828 201.448166 239.167770 252.068039 237.048233 206.543106 176.122696 172.339508 225.632065 276.301514 298.369476 276.301514 225.632065 172.339508 176.122696 206.543106 237.048233 252.068039 239.167770 201.448166 154.438828 180.825562 183.647369 184.692505 183.928253 176.843079 158.156097 127.929634 183.277496 173.739380 156.579193 140.344986 128.429962 116.719673 97.936821,
 103.292953 133.978943 160.595993 180.488266 202.222672 220.606598 219.238358 157.098923 200.347153 231.457428 229.701721 215.777679 212.611588 204.577103 193.019745 251.086990 307.775299 313.723053 266.658600 223.738174 196.431061 199.153458 250.800629 320.385712 360.793976 320.385712 250.800629 199.153458 196.431061 223.738174 266.658600 313.723053 307.775299 251.086990 193.019745 204.577103 212.611588 215.777679 229.701721 231.457428 200.347153 157.098923 219.238358 220.606598 202.222672 180.488266 160.595993 133.978943 103.292953,
 156.436249 264.309967 376.559509 447.979187 457.454163 435.515289 413.059784 210.776245 332.188019 473.648102 557.012756 536.658142 468.941620 411.355713 271.348083 400.738129 563.561401 655.266357 599.522095 479.316864 384.450989 333.777008 455.461670 613.621826 697.996521 613.621826 455.461670 333.777008 384.450989 479.316864 599.522095 655.266357 563.561401 400.738129 271.348083 411.355713 468.941620 536.658142 557.012756 473.648102 332.188019 210.776245 413.059784 435.515289 457.454163 447.979187 376.559509 264.309967 156.436249,
 126.648521 194.227966 249.689621 296.672485 337.985291 364.710876 365.399139 173.034332 242.982590 316.546753 384.697693 420.210876 410.326355 370.433502 222.023712 304.764954 403.346283 480.556549 482.403290 418.998962 341.094635 283.450775 375.861084 477.085815 526.975464 477.085815 375.861084 283.450775 341.094635 418.998962 482.403290 480.556549 403.346283 304.764954 222.023712 370.433502 410.326355 420.210876 384.697693 316.546753 242.982590 173.034332 365.399139 364.710876 337.985291 296.672485 249.689621 194.227966 126.648521,
 -7.655952 1.937971 14.176579 29.459959 43.672119 48.768661 40.974869 9.949506 24.310669 41.738182 57.787926 65.059258 58.306412 40.530231 23.062193 45.228310 71.946976 89.417740 84.390091 60.779938 34.291084 28.492041 57.821915 91.529213 108.192421 91.529213 57.821915 28.492041 34.291084 60.779938 84.390091 89.417740 71.946976 45.228310 23.062193 40.530231 58.306412 65.059258 57.787926 41.738182 24.310669 9.949506 40.974869 48.768661 43.672119 29.459959 14.176579 1.937971 -7.655952,
 -0.098743 23.383846 45.353630 57.382690 57.271629 51.694508 42.394394 18.700760 55.456093 88.820328 101.655838 90.387589 68.911583 48.582581 33.551968 80.823410 127.645325 145.056335 122.173676 81.341919 45.522739 40.698891 88.370224 140.198364 165.447311 140.198364 88.370224 40.698891 45.522739 81.341919 122.173676 145.056335 127.645325 80.823410 33.551968 48.582581 68.911583 90.387589 101.655838 88.820328 55.456093 18.700760 42.394394 51.694508 57.271629 57.382690 45.353630 23.383846 -0.098743,
 -20.490311 4.524124 29.004610 52.092812 72.561043 75.865028 63.779358 -1.382416 33.304237 69.863991 88.615952 95.857582 93.384407 71.265556 22.859224 59.385094 106.378616 127.733238 112.862228 93.839119 66.909348 48.598194 80.484375 120.556442 147.043594 120.556442 80.484375 48.598194 66.909348 93.839119 112.862228 127.733238 106.378616 59.385094 22.859224 71.265556 93.384407 95.857582 88.615952 69.863991 33.304237 -1.382416 63.779358 75.865028 72.561043 52.092812 29.004610 4.524124 -20.490311,
 -25.209570 -9.102022 13.053362 36.366753 54.854538 63.921501 60.362923 -5.572792 17.422443 43.624580 66.888123 80.942406 79.497513 63.253548 18.370890 47.252110 77.421341 100.137039 103.329208 84.273422 55.115799 39.912930 73.196518 105.085861 119.419014 105.085861 73.196518 39.912930 55.115799 84.273422 103.329208 100.137039 77.421341 47.252110 18.370890 63.253548 79.497513 80.942406 66.888123 43.624580 17.422443 -5.572792 60.362923 63.921501 54.854538 36.366753 13.053362 -9.102022 -25.209570,

Pairwise cross-correlations of the modulus of all oriented sub-bands at the same scale (size QxQ)
 125.666817 94.158600 66.118271 91.612045,
 94.158600 136.452728 100.341736 70.101540,
 66.118271 100.341736 154.945648 114.243500,
 91.612045 70.101540 114.243500 145.344147,
 337.448578 298.539642 269.880310 294.482635,
 298.539642 373.400696 312.141968 280.533539,
 269.880310 312.141968 406.855804 344.234039,
 294.482635 280.533539 344.234039 396.402924,
 298.369476 272.633392 305.809570 300.160828,
 272.633392 360.794006 375.561676 298.310944,
 305.809570 375.561676 697.996582 526.445618,
 300.160828 298.310944 526.445618 526.975525,
 108.192429 99.624977 67.438293 55.437973,
 99.624977 165.447311 79.593719 52.374443,
 67.438293 79.593719 147.043610 109.701309,
 55.437973 52.374443 109.701309 119.419037,

Cross-correlations of the modulus of all oriented sub-bands with all oriented sub-bands at the coarser scale (size QxQ)
 178.921951 159.225876 138.314011 160.359436,
 162.017853 196.603775 171.468552 147.599152,
 140.585159 170.349701 219.726105 188.321472,
 160.945129 144.262878 186.804642 208.476837,
 245.185669 253.635742 329.654022 306.452911,
 243.795349 288.792053 358.220428 305.095764,
 238.106827 267.954193 401.187836 364.984558,
 245.843430 240.429993 388.480530 387.625549,
 93.748383 90.825394 123.717285 129.414978,
 118.555862 127.100014 136.233444 130.712036,
 149.242859 159.887436 206.939026 196.635223,
 127.888458 158.504318 174.794281 163.000702,

Cross-correlations of the real part of each oriented sub-band with both the real and imaginary part of all phase-doubled oriented sub-bands at the next coarser scale (Q matrices of size 1x2Q, which are computed and stored in a matrix of size Qx2Q)
 62.205624 31.463589 3.056845 22.895224 1.448833 0.537670 -0.278373 0.333702,
 29.755226 67.326515 27.279621 3.034288 -0.672812 -0.706602 -0.813791 -0.024093,
 1.897984 28.676056 69.846611 35.063889 -0.232287 -2.560567 3.023434 0.913065,
 24.278803 3.101749 36.228863 63.231762 1.366254 -0.455020 2.008169 1.343764,
 -45.789429 -23.242390 0.029366 -25.906967 -21.871777 -35.312965 4.719916 -4.405450,
 -23.713844 -53.970520 -38.696095 -4.576047 -31.760956 -52.289207 9.694563 0.686998,
 -3.043730 -28.849522 -93.056595 -17.506485 -2.743788 -12.065970 17.163794 1.191411,
 -20.562983 -4.730196 -31.051695 -42.468025 6.425828 -2.919243 11.868462 -3.546892,
 2.074619 15.140798 -0.953279 -6.148295 -14.118586 -25.738235 -3.433033 -3.103392,
 5.474382 21.828117 -11.477901 -1.000032 -26.895090 -40.528576 -9.742184 -4.253860,
 -3.630268 -1.368425 -34.884350 -11.718602 -5.354781 -9.481441 -25.005808 -29.437511,
 -6.049639 -1.910610 -18.411627 -22.147331 -0.854975 -0.418736 -20.791519 -26.392227,
