Low-band skewness and kurtosis
 -2.154620 5.977607,
 -2.201697 6.639183,
 -1.730538 5.214612,
 -1.397226 4.603725,
 -0.922423 2.772937,

High-band variance
 151.254715,

Skewness, kurtosis, variance, mean, maximum and minimum of the reconstructed texture
 -2.142035 5.734250 6785.862305 221.209290 255.000000 0.000000,

Auto-correlations of the low-frequency bands at each scale
 2568.374512 3173.895264 3625.628662 3818.741211 3706.421143 3329.790283 2764.690918 3122.295898 3918.363037 4613.304199 4932.941406 4699.055176 4075.329834 3312.531250 3563.269531 4584.545410 5598.058594 6075.985840 5658.572266 4691.812988 3690.162109 3784.114258 4910.781738 6068.148926 6602.146484 6068.148926 4910.781738 3784.114258 3690.162109 4691.812988 5658.572266 6075.985840 5598.058594 4584.545410 3563.269531 3312.531250 4075.329834 4699.055176 4932.941406 4613.304199 3918.363037 3122.295898 2764.690918 3329.790283 3706.421143 3818.741211 3625.628662 3173.895264 2568.374512,
 1061.326782 1066.313599 1246.685181 1436.857422 1389.320923 1161.315796 911.108459 1088.257446 1501.411011 2344.960938 2883.742676 2521.972656 1670.192017 1035.117065 1213.927246 2303.431152 4054.766113 5020.525391 4197.501465 2459.646973 1224.091797 1308.665039 2805.751953 4998.485840 6111.529297 4998.485840 2805.751953 1308.665039 1224.091797 2459.646973 4197.501465 5020.525391 4054.766113 2303.431152 1213.927246 1035.117065 1670.192017 2521.972656 2883.742676 2344.960938 1501.411011 1088.257446 911.108459 1161.315796 1389.320923 1436.857422 1246.685181 1066.313599 1061.326782,
 499.716187 779.335388 716.018555 619.358887 686.604980 680.209656 545.670044 480.639923 601.014465 903.392029 1132.637817 875.982483 402.012268 271.461273 662.103333 875.058105 2135.719727 3031.298340 2134.049805 714.159668 385.448792 666.778198 1095.397217 3014.498535 4287.116211 3014.498535 1095.397217 666.778198 385.448792 714.159668 2134.049805 3031.298340 2135.719727 875.058105 662.103333 271.461273 402.012268 875.982483 1132.637817 903.392029 601.014465 480.639923 545.670044 680.209656 686.604980 619.358887 716.018555 779.335388 499.716187,
 69.117676 215.126480 499.802856 719.190552 697.394653 716.197144 725.223999 217.624924 259.826355 546.687683 740.677246 550.096130 485.813354 545.487793 472.061340 609.549194 1145.781860 1503.808228 1027.776245 573.438965 471.536377 570.257751 822.809814 1550.503052 2113.023438 1550.503052 822.809814 570.257751 471.536377 573.438965 1027.776245 1503.808228 1145.781860 609.549194 472.061340 545.487793 485.813354 550.096130 740.677246 546.687683 259.826355 217.624924 725.223999 716.197144 697.394653 719.190552 499.802856 215.126480 69.117676,
 -557.908203 -389.133575 -89.453445 158.770416 174.980972 -38.271515 -315.835205 -500.823303 -272.947327 150.077164 491.508789 492.224548 206.597153 -150.078918 -423.879303 -36.794769 576.203186 969.374634 800.184998 297.718903 -164.292938 -305.632477 196.792511 875.203369 1221.381958 875.203369 196.792511 -305.632477 -164.292938 297.718903 800.184998 969.374634 576.203186 -36.794769 -423.879303 -150.078918 206.597153 492.224548 491.508789 150.077164 -272.947327 -500.823303 -315.835205 -38.271515 174.980972 158.770416 -89.453445 -389.133575 -557.908203,

Auto-correlations of the modulus of each oriented sub-band
 68.228325 76.090927 83.948715 87.739319 85.340057 78.197159 70.125069 86.062424 98.576561 110.345345 115.574692 111.416771 100.145729 87.432602 103.599678 121.164841 137.257019 144.089417 137.922302 122.076904 104.314781 111.570740 131.676117 149.949005 157.471542 149.949005 131.676117 111.570740 104.314781 122.076904 137.922302 144.089417 137.257019 121.164841 103.599678 87.432602 100.145729 111.416771 115.574692 110.345345 98.576561 86.062424 70.125069 78.197159 85.340057 87.739319 83.948715 76.090927 68.228325,
 102.222488 107.908981 109.049469 103.758217 92.599060 78.186508 63.698788 106.767288 122.976418 133.751678 132.926392 119.884865 99.567009 78.305054 107.456528 132.916580 153.542114 158.664612 144.886047 119.478676 92.175247 102.531487 132.003784 158.325607 169.483032 158.325607 132.003784 102.531487 92.175247 119.478676 144.886047 158.664612 153.542114 132.916580 107.456528 78.305054 99.567009 119.884865 132.926392 133.751678 122.976418 106.767288 63.698788 78.186508 92.599060 103.758217 109.049469 107.908981 102.222488,
 63.073875 83.670959 102.831421 110.977570 103.427979 85.282074 65.510719 71.138145 96.903000 121.401176 132.023102 122.006996 98.713333 73.978859 79.260895 109.125420 138.014511 150.861145 138.413040 110.376717 81.200012 83.378693 114.582397 144.894440 158.566299 144.894440 114.582397 83.378693 81.200012 110.376717 138.413040 150.861145 138.014511 109.125420 79.260895 73.978859 98.713333 122.006996 132.023102 121.401176 96.903000 71.138145 65.510719 85.282074 103.427979 110.977570 102.831421 83.670959 63.073875,
 57.706249 71.444687 84.411316 94.105850 98.492676 96.991119 91.241837 71.231117 91.485725 110.148209 121.769516 122.060776 111.381218 95.570274 83.912033 109.965736 133.848282 146.629059 141.544540 121.501793 96.873230 93.047699 121.331833 146.560608 157.197311 146.560608 121.331833 93.047699 96.873230 121.501793 141.544540 146.629059 133.848282 109.965736 83.912033 95.570274 111.381218 122.060776 121.769516 110.148209 91.485725 71.231117 91.241837 96.991119 98.492676 94.105850 84.411316 71.444687 57.706249,
 162.918610 166.125671 166.627640 163.460022 156.616684 148.106934 140.214203 226.825211 246.547989 260.086456 261.121521 248.377914 227.808701 206.385483 295.203308 335.964508 369.255920 379.590973 360.733459 323.739105 283.517517 322.947083 373.866028 419.206818 438.523987 419.206818 373.866028 322.947083 283.517517 323.739105 360.733459 379.590973 369.255920 335.964508 295.203308 206.385483 227.808701 248.377914 261.121521 260.086456 246.547989 226.825211 140.214203 148.106934 156.616684 163.460022 166.627640 166.125671 162.918610,
 286.031128 307.333160 291.350800 245.339905 191.647247 152.163086 135.649582 315.716675 369.262512 383.400787 346.077454 274.850739 204.047409 159.336700 310.382294 395.441101 454.767059 449.834045 379.049225 283.751282 206.969376 266.973083 361.952789 455.940979 497.369843 455.940979 361.952789 266.973083 206.969376 283.751282 379.049225 449.834045 454.767059 395.441101 310.382294 159.336700 204.047409 274.850739 346.077454 383.400787 369.262512 315.716675 135.649582 152.163086 191.647247 245.339905 291.350800 307.333160 286.031128,
 144.592346 197.157242 262.299072 295.641418 264.243774 190.239120 121.891571 146.694809 217.709930 307.981659 354.566040 310.084564 212.852692 129.870773 147.229385 233.773697 345.925049 404.189850 347.142456 231.201462 138.190384 144.649445 239.388382 361.663818 424.806458 361.663818 239.388382 144.649445 138.190384 231.201462 347.142456 404.189850 345.925049 233.773697 147.229385 129.870773 212.852692 310.084564 354.566040 307.981659 217.709930 146.694809 121.891571 190.239120 264.243774 295.641418 262.299072 197.157242 144.592346,
 103.250618 123.464706 160.536118 206.985641 243.286270 250.817520 228.280792 124.036720 165.238281 226.854523 289.488220 319.583282 300.676331 249.103790 159.195465 224.940445 308.745605 373.457672 375.447510 317.147339 239.695831 203.582855 286.104004 372.090149 411.964844 372.090149 286.104004 203.582855 239.695831 317.147339 375.447510 373.457672 308.745605 224.940445 159.195465 249.103790 300.676331 319.583282 289.488220 226.854523 165.238281 124.036720 228.280792 250.817520 243.286270 206.985641 160.536118 123.464706 103.250618,
 145.111191 152.273849 157.459549 159.049255 153.246872 143.797379 138.189072 183.808655 201.037399 221.694077 234.811340 227.939438 204.203934 175.703247 252.402466 314.754303 381.818024 419.390839 399.023834 332.676971 254.454956 295.970642 399.156403 499.753784 544.696350 499.753784 399.156403 295.970642 254.454956 332.676971 399.023834 419.390839 381.818024 314.754303 252.402466 175.703247 204.203934 227.939438 234.811340 221.694077 201.037399 183.808655 138.189072 143.797379 153.246872 159.049255 157.459549 152.273849 145.111191,
 151.676163 189.894196 208.417862 179.792816 140.394791 115.697609 95.086990 224.891388 281.024963 329.513794 300.226471 223.810898 172.030853 137.235443 273.882935 351.090637 445.213959 452.208832 349.958160 253.696899 196.958130 257.499329 336.565094 458.096344 532.899536 458.096344 336.565094 257.499329 196.958130 253.696899 349.958160 452.208832 445.213959 351.090637 273.882935 137.235443 172.030853 223.810898 300.226471 329.513794 281.024963 224.891388 95.086990 115.697609 140.394791 179.792816 208.417862 189.894196 151.676163,
 115.876747 154.994751 217.793640 250.603714 225.878510 187.874512 161.473358 136.598480 190.502045 291.539154 351.366302 298.052277 214.361786 166.342407 152.721481 221.705948 361.069366 448.718048 364.357391 234.247543 167.920700 163.621689 238.119476 391.324707 491.002014 391.324707 238.119476 163.621689 167.920700 234.247543 364.357391 448.718048 361.069366 221.705948 152.721481 166.342407 214.361786 298.052277 351.366302 291.539154 190.502045 136.598480 161.473358 187.874512 225.878510 250.603714 217.793640 154.994751 115.876747,
 141.948502 142.051834 139.938370 155.954041 181.336411 186.522446 172.259995 149.627823 158.484344 190.992065 249.517624 278.561523 243.166290 183.611191 161.247971 204.106262 295.738586 387.006958 379.402161 281.125000 184.805069 175.164978 261.913452 390.750183 461.714233 390.750183 261.913452 175.164978 184.805069 281.125000 379.402161 387.006958 295.738586 204.106262 161.247971 183.611191 243.166290 278.561523 249.517624 190.992065 158.484344 149.627823 172.259995 186.522446 181.336411 155.954041 139.938370 142.051834 141.948502,
 -20.265749 0.736103 28.859131 57.482658 78.854965 86.823364 80.399635 3.608940 31.811977 66.407692 98.164658 115.880608 115.138916 100.211205 38.715355 85.329987 134.611664 167.079163 167.013885 139.721802 104.103142 81.059662 135.116241 188.067169 211.907806 188.067169 135.116241 81.059662 104.103142 139.721802 167.013885 167.079163 134.611664 85.329987 38.715355 100.211205 115.138916 115.880608 98.164658 66.407692 31.811977 3.608940 80.399635 86.823364 78.854965 57.482658 28.859131 0.736103 -20.265749,
 14.762573 14.747536 15.443239 19.233309 24.183840 26.704117 28.368851 29.188541 41.832474 52.953636 46.119507 37.675400 35.318291 29.976925 33.635571 56.610542 94.183907 98.237427 64.281059 43.699913 30.289116 32.576820 52.832382 96.280716 130.933441 96.280716 52.832382 32.576820 30.289116 43.699913 64.281059 98.237427 94.183907 56.610542 33.635571 29.976925 35.318291 37.675400 46.119507 52.953636 41.832474 29.188541 28.368851 26.704117 24.183840 19.233309 15.443239 14.747536 14.762573,
 -18.226067 10.644451 57.822578 93.946304 93.144493 75.544281 56.275795 -9.951878 25.999374 88.324951 133.572311 119.470322 83.468521 57.767933 11.778816 53.984024 126.867577 176.597443 144.391006 86.579590 51.360996 35.855209 78.470909 151.179642 197.417343 151.179642 78.470909 35.855209 51.360996 86.579590 144.391006 176.597443 126.867577 53.984024 11.778816 57.767933 83.468521 119.470322 133.572311 88.324951 25.999374 -9.951878 56.275795 75.544281 93.144493 93.946304 57.822578 10.644451 -18.226067,
 1.482000 12.336161 14.593990 21.393063 29.191792 30.854368 29.686026 4.758259 10.178253 22.841085 53.693851 74.173820 62.107468 42.260769 13.587482 24.480961 65.317719 121.507088 125.034882 77.841232 42.668343 28.764317 56.123653 120.218323 163.606369 120.218323 56.123653 28.764317 42.668343 77.841232 125.034882 121.507088 65.317719 24.480961 13.587482 42.260769 62.107468 74.173820 53.693851 22.841085 10.178253 4.758259 29.686026 30.854368 29.191792 21.393063 14.593990 12.336161 1.482000,

Pairwise cross-correlations of the modulus of all oriented sub-bands at the same scale (size QxQ)
 157.471558 109.791061 60.676128 106.154343,
 109.791061 169.483063 109.525131 66.171349,
 60.676128 109.525131 158.566284 103.187424,
 106.154343 66.171349 103.187424 157.197327,
 438.524017 369.759399 285.468719 336.705505,
 369.759399 497.369873 357.064087 319.517517,
 285.468719 357.064087 424.806458 330.697998,
 336.705505 319.517517 330.697998 411.964874,
 544.696411 411.302277 291.562927 345.384094,
 411.302277 532.899536 363.152435 303.329407,
 291.562927 363.152435 491.002075 334.011383,
 345.384094 303.329407 334.011383 461.714233,
 211.907837 124.297165 98.925491 111.305466,
 124.297165 130.933441 96.512466 70.122940,
 98.925491 96.512466 197.417358 113.698242,
 111.305466 70.122940 113.698242 163.606384,

Cross-correlations of the modulus of all oriented sub-bands with all oriented sub-bands at the coarser scale (size QxQ)
 225.531677 196.772842 143.339127 179.695282,
 188.555969 246.351074 185.798859 152.239365,
 142.863297 194.554825 219.191986 172.425629,
 187.056747 160.487335 180.167435 218.161896,
 372.513702 334.274414 284.455963 329.426483,
 342.539856 349.635529 324.233856 319.383362,
 298.761078 313.639893 308.599396 321.241669,
 316.386993 277.344574 286.027496 339.475403,
 186.149612 132.680588 147.820648 166.054321,
 117.353119 102.275864 140.738678 129.778168,
 114.986725 119.481438 182.961411 137.834381,
 153.766388 126.055107 177.830276 147.534790,

Cross-correlations of the real part of each oriented sub-band with both the real and imaginary part of all phase-doubled oriented sub-bands at the next coarser scale (Q matrices of size 1x2Q, which are computed and stored in a matrix of size Qx2Q)
 77.230621 43.965134 3.587163 32.997875 -1.580856 -1.476823 -0.372100 2.964690,
 40.003124 105.035385 43.300129 2.548157 0.686389 -2.418795 -2.156962 0.326427,
 4.295365 44.402115 89.784973 34.481968 -0.303333 0.862333 -3.469389 -0.541346,
 31.417391 2.768282 35.013378 77.823387 -3.818729 0.569719 -1.595098 2.231108,
 -135.585083 -66.005356 -7.540744 -58.697346 -31.704159 -12.842562 3.369641 11.469416,
 -65.037315 -143.876144 -69.994682 -10.936196 -13.785893 0.254092 3.226387 1.638709,
 -5.332122 -63.749062 -147.680099 -48.071438 -3.190547 10.864949 -19.184662 -2.443108,
 -54.814407 -7.099540 -61.689754 -108.648323 -19.457371 -3.447278 -10.217355 12.097887,
 -44.655083 -46.455147 -3.244408 -33.007053 -8.233752 -7.900588 0.358326 -9.014502,
 -31.462511 -70.323074 -14.538445 -5.407595 -6.106230 6.393393 -7.256844 -5.321489,
 -4.508727 -22.716167 -48.162247 -38.349739 0.365903 2.233009 -66.901703 -31.808752,
 -19.204365 -3.657215 -29.314638 -73.011993 1.818329 -4.639378 -42.146210 -30.808695,
