Low-band skewness and kurtosis
 -2.265900 6.465716,
 -2.319538 7.156048,
 -1.812882 5.241618,
 -1.701199 5.235452,
 -1.419342 4.258525,

High-band variance
 136.124405,

Skewness, kurtosis, variance, mean, maximum and minimum of the reconstructed texture
 -2.250668 6.210974 6465.048340 223.271973 255.000000 0.000000,

Auto-correlations of the low-frequency bands at each scale
 2851.648926 3287.628418 3616.752197 3762.413330 3690.442139 3449.819824 3103.920410 3391.210449 3975.332275 4494.795898 4738.771484 4564.389648 4108.683594 3568.377441 3815.986328 4606.272949 5413.593750 5800.352539 5460.202148 4682.250488 3896.726074 4000.317139 4903.248047 5855.083984 6299.089844 5855.083984 4903.248047 4000.317139 3896.726074 4682.250488 5460.202148 5800.352539 5413.593750 4606.272949 3815.986328 3568.377441 4108.683594 4564.389648 4738.771484 4494.795898 3975.332275 3391.210449 3103.920410 3449.819824 3690.442139 3762.413330 3616.752197 3287.628418 2851.648926,
 1615.036499 1629.199829 1747.417603 1900.970337 1989.274536 2084.447754 2191.141113 1700.337769 1995.953369 2589.638916 2985.391113 2791.489990 2345.048096 2079.552246 1938.542847 2770.607422 4103.619141 4845.183105 4221.763672 2950.195312 2088.368652 2106.952148 3254.478516 4957.481934 5836.057129 4957.481934 3254.478516 2106.952148 2088.368652 2950.195312 4221.763672 4845.183105 4103.619141 2770.607422 1938.542847 2079.552246 2345.048096 2791.489990 2985.391113 2589.638916 1995.953369 1700.337769 2191.141113 2084.447754 1989.274536 1900.970337 1747.417603 1629.199829 1615.036499,
 998.114258 1115.681152 1220.049072 1520.374512 1883.655029 2044.557617 1905.148926 1366.792236 1358.904663 1554.208984 1961.331421 2119.444580 1995.622925 1781.874023 1386.573730 1609.143677 2513.946045 3266.912354 2804.736572 1858.058472 1430.180176 1259.853027 1795.012207 3263.000488 4191.584961 3263.000488 1795.012207 1259.853027 1430.180176 1858.058472 2804.736572 3266.912354 2513.946045 1609.143677 1386.573730 1781.874023 1995.622925 2119.444580 1961.331421 1554.208984 1358.904663 1366.792236 1905.148926 2044.557617 1883.655029 1520.374512 1220.049072 1115.681152 998.114258,
 -722.085449 -423.881165 0.531128 552.244202 1208.095093 1679.160645 1660.689209 -401.973206 118.977112 729.613220 1267.099243 1635.885986 1821.990234 1695.825439 48.032715 761.940186 1671.074463 2240.528809 2069.608643 1607.289307 1235.324951 606.042725 1271.750244 2233.264648 2768.780273 2233.264648 1271.750244 606.042725 1235.324951 1607.289307 2069.608643 2240.528809 1671.074463 761.940186 48.032715 1695.825439 1821.990234 1635.885986 1267.099243 729.613220 118.977112 -401.973206 1660.689209 1679.160645 1208.095093 552.244202 0.531128 -423.881165 -722.085449,
 -404.411621 -883.526184 -1072.275757 -812.221741 -186.491486 420.761414 561.892151 -830.242676 -1059.923828 -719.571228 114.163589 911.752136 1124.037109 637.685425 -1018.593079 -693.350708 308.359314 1417.010742 1725.210205 1084.470825 86.310242 -677.414978 234.970734 1458.535767 2071.158203 1458.535767 234.970734 -677.414978 86.310242 1084.470825 1725.210205 1417.010742 308.359314 -693.350708 -1018.593079 637.685425 1124.037109 911.752136 114.163589 -719.571228 -1059.923828 -830.242676 561.892151 420.761414 -186.491486 -812.221741 -1072.275757 -883.526184 -404.411621,

Auto-correlations of the modulus of each oriented sub-band
 70.339996 78.348099 85.738304 88.904053 86.368401 79.867493 73.007919 84.075844 96.113304 107.015739 111.534279 107.449272 97.111458 85.681419 97.962990 114.325600 129.029877 135.008911 129.127167 114.621376 98.483360 104.212410 122.657166 139.357635 146.221771 139.357635 122.657166 104.212410 98.483360 114.621376 129.127167 135.008911 129.029877 114.325600 97.962990 85.681419 97.111458 107.449272 111.534279 107.015739 96.113304 84.075844 73.007919 79.867493 86.368401 88.904053 85.738304 78.348099 70.339996,
 102.082222 107.696800 111.789246 112.145416 107.573563 98.787239 87.858788 106.942818 121.525070 133.512756 137.037537 130.029968 115.354279 97.935310 110.686813 133.042816 152.529099 159.490479 149.929520 129.481964 106.266312 110.865295 136.381775 159.280609 169.066544 159.280609 136.381775 110.865295 106.266312 129.481964 149.929520 159.490479 152.529099 133.042816 110.686813 97.935310 115.354279 130.029968 137.037537 133.512756 121.525070 106.942818 87.858788 98.787239 107.573563 112.145416 111.789246 107.696800 102.082222,
 88.830360 105.983253 122.997063 130.214569 123.035683 107.634422 92.684059 98.039436 119.333260 140.826645 150.139252 140.146774 119.589989 100.051842 106.219284 131.030090 156.655975 168.370209 155.972382 130.775024 106.983200 109.670128 135.543655 162.768341 175.913147 162.768341 135.543655 109.670128 106.983200 130.775024 155.972382 168.370209 156.655975 131.030090 106.219284 100.051842 119.589989 140.146774 150.139252 140.826645 119.333260 98.039436 92.684059 107.634422 123.035683 130.214569 122.997063 105.983253 88.830360,
 74.900574 85.315765 96.260277 105.389984 110.132988 109.569733 105.038193 85.718513 102.345383 119.016907 130.315643 131.306854 121.967422 107.926842 96.309204 118.768921 140.647812 153.082367 148.665298 130.218994 108.116653 104.298958 129.390610 152.767319 162.931122 152.767319 129.390610 104.298958 108.116653 130.218994 148.665298 153.082367 140.647812 118.768921 96.309204 107.926842 121.967422 131.306854 130.315643 119.016907 102.345383 85.718513 105.038193 109.569733 110.132988 105.389984 96.260277 85.315765 74.900574,
 164.066925 181.228806 194.740952 202.447372 204.706619 202.768692 197.095581 204.439575 229.953308 249.981918 258.976746 255.570572 243.289612 226.558655 254.146210 293.709991 326.325470 339.361053 327.370819 298.195465 263.694672 280.771088 327.323975 367.799774 384.786011 367.799774 327.323975 280.771088 263.694672 298.195465 327.370819 339.361053 326.325470 293.709991 254.146210 226.558655 243.289612 255.570572 258.976746 249.981918 229.953308 204.439575 197.095581 202.768692 204.706619 202.447372 194.740952 181.228806 164.066925,
 269.801636 297.333344 299.360138 278.175812 249.408096 227.482391 215.566177 292.360107 344.405853 369.035278 351.304382 305.177612 257.834869 224.753235 290.893494 364.606323 422.233093 426.466980 374.318909 302.460205 243.357498 269.558960 346.363098 424.867676 460.926788 424.867676 346.363098 269.558960 243.357498 302.460205 374.318909 426.466980 422.233093 364.606323 290.893494 224.753235 257.834869 305.177612 351.304382 369.035278 344.405853 292.360107 215.566177 227.482391 249.408096 278.175812 299.360138 297.333344 269.801636,
 244.385208 296.155090 354.734711 387.293976 368.076080 319.418884 278.452606 264.878052 331.344971 407.898499 447.859558 415.664856 345.309082 286.758545 280.761871 359.692108 453.452820 501.437988 456.757874 365.791901 290.941254 289.549011 372.480865 473.238525 524.449036 473.238525 372.480865 289.549011 290.941254 365.791901 456.757874 501.437988 453.452820 359.692108 280.761871 286.758545 345.309082 415.664856 447.859558 407.898499 331.344971 264.878052 278.452606 319.418884 368.076080 387.293976 354.734711 296.155090 244.385208,
 167.439438 194.134277 235.718124 281.488098 312.207336 314.286957 289.243713 186.015244 229.605042 292.967865 353.141479 377.733734 355.335449 304.278412 215.723206 281.244843 365.139648 427.530762 425.959839 366.419464 291.352844 255.706223 336.113922 421.883362 461.930115 421.883362 336.113922 255.706223 291.352844 366.419464 425.959839 427.530762 365.139648 281.244843 215.723206 304.278412 355.335449 377.733734 353.141479 292.967865 229.605042 186.015244 289.243713 314.286957 312.207336 281.488098 235.718124 194.134277 167.439438,
 81.388100 104.681808 129.462799 152.638397 171.391541 183.292496 186.229309 128.991577 167.088058 200.365189 219.882172 223.470657 215.052567 198.423157 181.327332 248.078094 306.154205 328.442780 306.423859 258.924713 208.287964 214.441315 291.900574 366.347717 399.298492 366.347717 291.900574 214.441315 208.287964 258.924713 306.423859 328.442780 306.154205 248.078094 181.327332 198.423157 215.052567 223.470657 219.882172 200.365189 167.088058 128.991577 186.229309 183.292496 171.391541 152.638397 129.462799 104.681808 81.388100,
 126.240097 173.525803 206.963287 216.816925 216.366364 217.797470 219.673416 205.822098 265.307831 310.623383 310.314117 278.382721 247.528473 227.301865 277.023621 357.213715 433.000580 445.840088 386.237213 312.816925 255.950562 290.009735 373.767822 470.340332 520.634094 470.340332 373.767822 290.009735 255.950562 312.816925 386.237213 445.840088 433.000580 357.213715 277.023621 227.301865 247.528473 278.382721 310.314117 310.623383 265.307831 205.822098 219.673416 217.797470 216.366364 216.816925 206.963287 173.525803 126.240097,
 96.892792 129.064117 182.523560 220.780334 210.830811 194.822998 199.945831 121.426239 161.776947 243.207825 297.270111 259.967407 208.048065 192.583954 145.246109 193.127625 299.555145 373.208130 306.620575 217.211884 181.373459 165.650238 213.485229 325.109802 407.330994 325.109802 213.485229 165.650238 181.373459 217.211884 306.620575 373.208130 299.555145 193.127625 145.246109 192.583954 208.048065 259.967407 297.270111 243.207825 161.776947 121.426239 199.945831 194.822998 210.830811 220.780334 182.523560 129.064117 96.892792,
 108.954124 132.413605 158.131302 186.119614 210.926865 229.513092 239.427887 128.393204 164.363617 216.455750 267.072540 288.736572 278.806061 255.211075 159.428619 219.128174 304.924988 372.979187 369.067261 308.912231 244.464996 203.837921 281.766724 378.472900 428.579010 378.472900 281.766724 203.837921 244.464996 308.912231 369.067261 372.979187 304.924988 219.128174 159.428619 255.211075 278.806061 288.736572 267.072540 216.455750 164.363617 128.393204 239.427887 229.513092 210.926865 186.119614 158.131302 132.413605 108.954124,
 -33.934887 -21.856480 -4.040371 13.401239 25.499744 32.417103 33.738728 -11.621138 4.095648 21.434923 33.203156 36.777603 35.849358 31.371576 5.623014 31.912117 60.710796 78.870514 77.552704 63.542862 44.060776 30.884960 66.094566 100.934677 117.527893 100.934677 66.094566 30.884960 44.060776 63.542862 77.552704 78.870514 60.710796 31.912117 5.623014 31.371576 35.849358 36.777603 33.203156 21.434923 4.095648 -11.621138 33.738728 32.417103 25.499744 13.401239 -4.040371 -21.856480 -33.934887,
 -6.416535 -0.637334 9.732812 15.859015 15.547997 17.766598 16.022457 -5.593908 7.300753 32.852131 47.129974 39.063427 29.619883 24.064831 3.186912 22.693068 62.787651 86.090256 65.702950 38.670681 25.700298 16.922544 36.590462 78.131149 106.148712 78.131149 36.590462 16.922544 25.700298 38.670681 65.702950 86.090256 62.787651 22.693068 3.186912 24.064831 29.619883 39.063427 47.129974 32.852131 7.300753 -5.593908 16.022457 17.766598 15.547997 15.859015 9.732812 -0.637334 -6.416535,
 -24.290070 -1.201691 16.857420 27.527515 32.777702 41.284378 35.546520 -13.401928 13.790896 43.120651 59.370590 49.575668 40.756100 30.806664 -1.500500 25.950098 65.977791 90.992561 66.518379 37.580193 21.278749 9.988136 33.430069 74.766533 105.299774 74.766533 33.430069 9.988136 21.278749 37.580193 66.518379 90.992561 65.977791 25.950098 -1.500500 30.806664 40.756100 49.575668 59.370590 43.120651 13.790896 -13.401928 35.546520 41.284378 32.777702 27.527515 16.857420 -1.201691 -24.290070,
 -59.991249 -21.648876 23.729248 68.840332 103.021484 116.896301 110.071251 -28.855129 22.149178 77.914101 126.288147 150.275055 142.051208 109.922424 10.032917 73.181816 137.015701 181.534851 184.228104 147.180542 90.906662 53.644638 121.151955 180.586349 206.236298 180.586349 121.151955 53.644638 90.906662 147.180542 184.228104 181.534851 137.015701 73.181816 10.032917 109.922424 142.051208 150.275055 126.288147 77.914101 22.149178 -28.855129 110.071251 116.896301 103.021484 68.840332 23.729248 -21.648876 -59.991249,

Pairwise cross-correlations of the modulus of all oriented sub-bands at the same scale (size QxQ)
 146.221832 108.127792 74.635216 105.984352,
 108.127792 169.066559 123.282822 78.471802,
 74.635216 123.282822 175.913162 120.938133,
 105.984352 78.471802 120.938133 162.931152,
 384.786041 334.501068 336.007599 345.075989,
 334.501068 460.926819 411.425140 335.196228,
 336.007599 411.425140 524.449097 408.269287,
 345.075989 335.196228 408.269287 461.930176,
 399.298553 343.916687 256.159180 313.643555,
 343.916687 520.634094 319.088104 303.405853,
 256.159180 319.088104 407.331085 332.007263,
 313.643555 303.405853 332.007263 428.579041,
 117.527893 62.148037 46.155117 90.996567,
 62.148037 106.148712 37.250797 32.969872,
 46.155117 37.250797 105.299774 108.730789,
 90.996567 32.969872 108.730789 206.236298,

Cross-correlations of the modulus of all oriented sub-bands with all oriented sub-bands at the coarser scale (size QxQ)
 203.149857 185.636261 174.286423 192.745102,
 179.005020 242.763123 226.796692 174.635864,
 157.396484 209.770096 265.351898 208.447632,
 182.681549 171.502090 220.749451 236.544388,
 308.008057 310.137695 261.204437 294.769440,
 298.816437 353.970703 314.933533 304.667694,
 299.935425 350.842407 348.216797 334.615662,
 297.903992 323.782837 299.638153 332.152740,
 122.348274 58.674423 102.331573 180.704254,
 127.861496 81.117332 126.515564 202.351318,
 115.696007 58.287926 124.315742 178.908447,
 119.369698 49.856590 120.008362 190.924438,

Cross-correlations of the real part of each oriented sub-band with both the real and imaginary part of all phase-doubled oriented sub-bands at the next coarser scale (Q matrices of size 1x2Q, which are computed and stored in a matrix of size Qx2Q)
 73.908325 35.779686 4.324911 33.666149 0.700170 -5.491644 -0.200107 -1.107135,
 31.826683 95.521324 49.693642 3.934206 -2.885817 -7.852665 1.497030 -0.269806,
 3.481253 49.901787 105.455544 42.413429 -0.877496 -1.219715 2.997930 -0.870409,
 34.508293 4.715921 44.637814 83.714409 2.139971 -0.345296 0.620591 -0.798956,
 -133.324585 -61.399971 -5.092803 -43.097725 2.796466 -0.961442 -0.506364 -3.586068,
 -67.301323 -125.226578 -38.658428 -4.100476 -12.333301 5.403659 6.561680 -1.171290,
 -7.481312 -47.067947 -76.267403 -27.072552 -1.438522 8.029741 4.450929 -0.858411,
 -55.039963 -4.559093 -30.625898 -74.820763 10.405764 1.700516 -2.104713 0.096998,
 5.661610 -17.208084 -3.017918 -11.763667 20.184822 -4.098639 3.471923 1.046030,
 2.228472 -31.156494 -7.064481 0.527040 1.143987 -1.136669 0.369237 2.030785,
 -2.499626 -5.999610 -22.498405 -20.763584 -2.854751 1.730709 5.648896 20.167437,
 -2.394992 0.914224 -14.903743 -44.487801 9.011508 0.662982 12.018026 25.569277,
