Low-band skewness and kurtosis
 -2.220876 6.271944,
 -2.278300 6.994117,
 -1.708112 4.883101,
 -1.247285 3.617186,
 -0.935010 2.784300,

High-band variance
 143.641495,

Skewness, kurtosis, variance, mean, maximum and minimum of the reconstructed texture
 -2.209136 6.029532 6572.437500 222.507812 255.000000 0.000000,

Auto-correlations of the low-frequency bands at each scale
 2729.177246 3303.202393 3689.479004 3797.392090 3609.535156 3194.447998 2639.219238 3193.700684 3972.803955 4609.374512 4838.542480 4526.826660 3872.629639 3131.364746 3529.526367 4529.346191 5496.062012 5906.926758 5441.264160 4468.040527 3500.298828 3650.556641 4742.901367 5875.316406 6397.917969 5875.316406 4742.901367 3650.556641 3500.298828 4468.040527 5441.264160 5906.926758 5496.062012 4529.346191 3529.526367 3131.364746 3872.629639 4526.826660 4838.542480 4609.374512 3972.803955 3193.700684 2639.219238 3194.447998 3609.535156 3797.392090 3689.479004 3303.202393 2729.177246,
 1167.784546 1359.308350 1584.882202 1620.997803 1463.907104 1353.906250 1367.491089 1217.608154 1727.454346 2560.804932 2937.631348 2445.875732 1653.490234 1238.261963 1316.515625 2380.964111 4076.585205 4918.181641 4006.961670 2322.884521 1296.275391 1373.960205 2720.492188 4841.708496 5932.568359 4841.708496 2720.492188 1373.960205 1296.275391 2322.884521 4006.961670 4918.181641 4076.585205 2380.964111 1316.515625 1238.261963 1653.490234 2445.875732 2937.631348 2560.804932 1727.454346 1217.608154 1367.491089 1353.906250 1463.907104 1620.997803 1584.882202 1359.308350 1167.784546,
 653.977539 825.794312 1087.827148 1036.343750 936.991272 1160.305420 1384.046509 715.588257 770.217651 1228.315674 1476.515137 1242.687256 1224.567383 1501.480835 837.518188 1007.373962 2213.835449 3042.475342 2223.021973 1276.691284 1327.261841 1070.521729 1302.499023 2930.240723 4111.339355 2930.240723 1302.499023 1070.521729 1327.261841 1276.691284 2223.021973 3042.475342 2213.835449 1007.373962 837.518188 1501.480835 1224.567383 1242.687256 1476.515137 1228.315674 770.217651 715.588257 1384.046509 1160.305420 936.991272 1036.343750 1087.827148 825.794312 653.977539,
 -377.921265 -203.731262 52.934540 387.456512 758.845337 1135.573242 1213.784058 -35.599243 171.158691 508.883575 881.626343 1070.496826 1233.622070 1249.705811 342.798492 663.121765 1268.964233 1753.412842 1574.554077 1246.332520 1050.568726 717.146790 1093.019287 1803.699219 2281.070312 1803.699219 1093.019287 717.146790 1050.568726 1246.332520 1574.554077 1753.412842 1268.964233 663.121765 342.798492 1249.705811 1233.622070 1070.496826 881.626343 508.883575 171.158691 -35.599243 1213.784058 1135.573242 758.845337 387.456512 52.934540 -203.731262 -377.921265,
 -335.764374 -759.264404 -880.148743 -625.890747 -140.344116 287.792877 409.171539 -716.468079 -875.549866 -569.861816 45.155869 624.706299 808.021179 475.912537 -815.719604 -451.111816 337.588226 1073.799561 1293.793335 891.551880 131.423676 -456.405365 340.908386 1220.073975 1611.019287 1220.073975 340.908386 -456.405365 131.423676 891.551880 1293.793335 1073.799561 337.588226 -451.111816 -815.719604 475.912537 808.021179 624.706299 45.155869 -569.861816 -875.549866 -716.468079 409.171539 287.792877 -140.344116 -625.890747 -880.148743 -759.264404 -335.764374,

Auto-correlations of the modulus of each oriented sub-band
 78.389534 84.102699 89.508995 92.136536 90.664726 86.026756 80.700050 94.236458 104.253021 113.768944 118.261993 115.290443 106.486053 96.381920 111.661263 127.097992 141.468414 147.838287 142.650604 128.748932 113.090004 120.130531 138.527954 155.400879 162.380768 155.400879 138.527954 120.130531 113.090004 128.748932 142.650604 147.838287 141.468414 127.097992 111.661263 96.381920 106.486053 115.290443 118.261993 113.768944 104.253021 94.236458 80.700050 86.026756 90.664726 92.136536 89.508995 84.102699 78.389534,
 93.080482 99.523315 102.121315 99.089417 91.259895 81.380981 71.998558 96.363625 111.194550 121.713402 121.807724 111.347679 95.490845 79.880058 96.883026 118.838448 137.743896 142.729340 130.683807 109.245049 87.699677 93.859413 118.239189 141.526642 151.740936 141.526642 118.239189 93.859413 87.699677 109.245049 130.683807 142.729340 137.743896 118.838448 96.883026 79.880058 95.490845 111.347679 121.807724 121.713402 111.194550 96.363625 71.998558 81.380981 91.259895 99.089417 102.121315 99.523315 93.080482,
 72.067818 86.783768 101.544189 108.507973 102.321472 86.686234 69.961449 77.661110 97.372742 117.693657 127.436142 118.762123 98.018463 76.775658 83.066917 107.181862 132.376694 144.507446 133.134232 107.779472 82.831886 85.292053 111.424881 138.631729 151.527451 138.631729 111.424881 85.292053 82.831886 107.779472 133.134232 144.507446 132.376694 107.181862 83.066917 76.775658 98.018463 118.762123 127.436142 117.693657 97.372742 77.661110 69.961449 86.686234 102.321472 108.507973 101.544189 86.783768 72.067818,
 92.810699 103.570702 113.596802 120.917953 123.711166 121.447350 115.844833 103.542282 120.464165 136.381775 146.114899 145.334045 134.467422 119.626892 112.484955 135.383728 157.207047 168.923828 163.401962 143.820251 120.989532 118.599907 144.310043 168.324768 178.710556 168.324768 144.310043 118.599907 120.989532 143.820251 163.401962 168.923828 157.207047 135.383728 112.484955 119.626892 134.467422 145.334045 146.114899 136.381775 120.464165 103.542282 115.844833 121.447350 123.711166 120.917953 113.596802 103.570702 92.810699,
 210.230377 226.383591 241.378098 251.056824 253.076065 249.216934 242.352600 276.288757 301.316040 321.393250 329.563385 322.394348 304.642090 283.404968 343.780640 385.941620 419.975220 432.189819 415.539551 379.264435 337.923096 369.419067 422.052429 467.495300 486.530518 467.495300 422.052429 369.419067 337.923096 379.264435 415.539551 432.189819 419.975220 385.941620 343.780640 283.404968 304.642090 322.394348 329.563385 321.393250 301.316040 276.288757 242.352600 249.216934 253.076065 251.056824 241.378098 226.383591 210.230377,
 287.883484 311.592590 309.528656 285.356873 252.699554 225.863892 210.171265 315.835052 361.554810 377.291351 353.789307 305.057037 256.578308 223.713898 315.506561 384.259521 433.290222 430.633636 376.881409 306.778625 251.206085 287.504456 360.056458 434.193024 467.748840 434.193024 360.056458 287.504456 251.206085 306.778625 376.881409 430.633636 433.290222 384.259521 315.506561 223.713898 256.578308 305.057037 353.789307 377.291351 361.554810 315.835052 210.171265 225.863892 252.699554 285.356873 309.528656 311.592590 287.883484,
 201.355301 251.267090 308.154907 338.985443 320.724243 276.233154 237.965256 213.343643 272.677338 345.526245 385.822998 356.904175 292.385895 240.374680 224.562866 292.209198 380.131592 428.657043 387.179688 303.314423 239.043579 233.674622 303.929474 397.358765 447.280334 397.358765 303.929474 233.674622 239.043579 303.314423 387.179688 428.657043 380.131592 292.209198 224.562866 240.374680 292.385895 356.904175 385.822998 345.526245 272.677338 213.343643 237.965256 276.233154 320.724243 338.985443 308.154907 251.267090 201.355301,
 232.148224 247.109741 272.734833 311.098236 346.829498 359.740356 344.341705 253.097748 283.989838 334.312866 389.613007 417.882629 401.645050 357.650482 283.122864 336.889404 411.368347 470.061615 469.839783 414.519836 347.929688 318.935211 389.026611 468.584351 506.626953 468.584351 389.026611 318.935211 347.929688 414.519836 469.839783 470.061615 411.368347 336.889404 283.122864 357.650482 401.645050 417.882629 389.613007 334.312866 283.989838 253.097748 344.341705 359.740356 346.829498 311.098236 272.734833 247.109741 232.148224,
 147.842148 187.233170 215.650925 231.076508 239.753281 247.716995 251.299850 227.609222 280.019501 320.305267 338.599182 334.954498 317.904327 292.724152 312.099762 394.190399 465.476318 494.894684 469.448730 407.902008 337.691010 357.635498 458.150665 551.017578 591.185852 551.017578 458.150665 357.635498 337.691010 407.902008 469.448730 494.894684 465.476318 394.190399 312.099762 292.724152 317.904327 334.954498 338.599182 320.305267 280.019501 227.609222 251.299850 247.716995 239.753281 231.076508 215.650925 187.233170 147.842148,
 132.462799 182.749863 226.020386 231.221939 212.006042 201.454300 198.618195 186.922882 255.153839 319.935852 325.145142 277.439819 234.437103 209.066437 224.755219 308.927032 409.539886 435.412109 361.869293 276.442352 224.137665 234.520050 311.797638 426.395996 491.939850 426.395996 311.797638 234.520050 224.137665 276.442352 361.869293 435.412109 409.539886 308.927032 224.755219 209.066437 234.437103 277.439819 325.145142 319.935852 255.153839 186.922882 198.618195 201.454300 212.006042 231.221939 226.020386 182.749863 132.462799,
 132.041183 180.784058 227.289719 240.599976 226.136368 215.308746 199.575333 154.583603 221.099533 300.822174 324.749298 272.968719 220.589371 194.237442 167.101608 240.428772 354.185242 406.054016 327.965515 230.283081 184.870560 175.812836 240.415344 363.532623 441.612061 363.532623 240.415344 175.812836 184.870560 230.283081 327.965515 406.054016 354.185242 240.428772 167.101608 194.237442 220.589371 272.968719 324.749298 300.822174 221.099533 154.583603 199.575333 215.308746 226.136368 240.599976 227.289719 180.784058 132.041183,
 141.446808 179.831070 210.531616 242.654541 279.352631 300.612244 288.498322 188.580750 231.512390 281.563538 344.552460 386.453918 366.928711 299.585693 218.815186 288.548859 390.188660 486.249207 493.803223 402.382721 288.204834 253.012436 364.157593 498.085205 566.545105 498.085205 364.157593 253.012436 288.204834 402.382721 493.803223 486.249207 390.188660 288.548859 218.815186 299.585693 366.928711 386.453918 344.552460 281.563538 231.512390 188.580750 288.498322 300.612244 279.352631 242.654541 210.531616 179.831070 141.446808,
 -0.592377 14.389988 25.924026 35.163757 43.899582 48.903713 43.654922 17.009424 35.116627 47.504177 52.969669 53.840115 51.851833 43.958443 39.436150 68.585518 93.189804 100.361206 87.900177 67.043373 46.814148 51.139992 84.146629 118.625488 134.826080 118.625488 84.146629 51.139992 46.814148 67.043373 87.900177 100.361206 93.189804 68.585518 39.436150 43.958443 51.851833 53.840115 52.969669 47.504177 35.116627 17.009424 43.654922 48.903713 43.899582 35.163757 25.924026 14.389988 -0.592377,
 -21.530970 -13.746298 0.480040 15.426243 28.611681 37.266907 40.867126 -1.756351 17.212666 38.169777 51.452152 56.525902 57.239918 52.720898 19.541100 50.071278 84.159851 97.197678 84.347198 66.505234 51.433167 38.190956 65.690880 102.287781 123.267776 102.287781 65.690880 38.190956 51.433167 66.505234 84.347198 97.197678 84.159851 50.071278 19.541100 52.720898 57.239918 56.525902 51.452152 38.169777 17.212666 -1.756351 40.867126 37.266907 28.611681 15.426243 0.480040 -13.746298 -21.530970,
 -38.235451 -24.893551 -3.673958 24.965389 43.815964 40.384960 27.742310 -28.179333 -5.106524 30.398815 63.320816 64.296066 38.690125 15.660011 -17.694191 11.904591 61.962997 99.187325 79.302795 33.060150 3.227397 -7.614450 24.379805 80.131493 114.765915 80.131493 24.379805 -7.614450 3.227397 33.060150 79.302795 99.187325 61.962997 11.904591 -17.694191 15.660011 38.690125 64.296066 63.320816 30.398815 -5.106524 -28.179333 27.742310 40.384960 43.815964 24.965389 -3.673958 -24.893551 -38.235451,
 -24.960917 -12.955179 6.640007 28.231346 45.833191 53.599297 51.038475 -11.857836 4.949810 34.079666 69.578377 86.056168 70.933533 44.511818 -2.287703 24.109306 72.005272 116.637932 113.061729 67.909615 27.456369 9.979429 47.846138 106.433624 138.742798 106.433624 47.846138 9.979429 27.456369 67.909615 113.061729 116.637932 72.005272 24.109306 -2.287703 44.511818 70.933533 86.056168 69.578377 34.079666 4.949810 -11.857836 51.038475 53.599297 45.833191 28.231346 6.640007 -12.955179 -24.960917,

Pairwise cross-correlations of the modulus of all oriented sub-bands at the same scale (size QxQ)
 162.380814 108.626930 67.552940 119.070984,
 108.626930 151.740936 104.445107 75.883499,
 67.552940 104.445107 151.527496 113.160721,
 119.070984 75.883499 113.160721 178.710587,
 486.530548 373.700134 340.443665 403.076508,
 373.700134 467.748901 364.477478 328.969147,
 340.443665 364.477478 447.280365 379.466187,
 403.076508 328.969147 379.466187 506.627045,
 591.185913 378.570099 326.451965 440.743347,
 378.570099 491.939880 350.050171 289.936066,
 326.451965 350.050171 441.612091 356.091370,
 440.743347 289.936066 356.091370 566.545166,
 134.826080 59.180267 23.573437 85.901222,
 59.180267 123.267792 68.120560 40.030849,
 23.573437 68.120560 114.765915 65.964691,
 85.901222 40.030849 65.964691 138.742798,

Cross-correlations of the modulus of all oriented sub-bands with all oriented sub-bands at the coarser scale (size QxQ)
 238.137970 190.023376 162.418823 207.776337,
 197.968948 228.176376 195.567688 167.014526,
 158.834106 188.421951 223.954971 193.508469,
 212.055252 169.068878 201.618622 262.249176,
 410.871277 329.293793 307.870880 349.541229,
 358.508850 370.079895 318.354095 308.239197,
 326.831726 323.481781 347.516663 325.109222,
 398.605408 310.668671 339.786499 422.320801,
 149.937912 151.835236 123.373978 147.214615,
 137.890472 135.376862 99.620453 120.390930,
 126.575676 99.178802 111.023323 148.489319,
 141.957047 123.138496 131.108948 187.994171,

Cross-correlations of the real part of each oriented sub-band with both the real and imaginary part of all phase-doubled oriented sub-bands at the next coarser scale (Q matrices of size 1x2Q, which are computed and stored in a matrix of size Qx2Q)
 95.512108 36.434673 4.599660 47.257538 1.063694 1.700229 -0.304898 0.309354,
 38.978714 79.130791 34.536472 4.875485 1.309879 -1.333107 -2.319398 0.559927,
 4.888915 33.329727 81.973839 38.952793 0.497749 -4.392039 1.056152 -0.660621,
 47.237164 3.521196 39.541386 95.022011 2.108665 -1.002610 0.926394 -2.711521,
 -125.430733 -39.779236 -10.326764 -68.486916 19.655876 14.390450 3.220843 -0.323348,
 -47.126652 -86.669373 -54.344051 -11.122731 12.348945 21.662497 4.439272 0.082888,
 -8.833176 -47.139050 -104.216949 -58.461845 2.347823 2.699979 -0.422811 3.262744,
 -70.348381 -7.124724 -52.200871 -130.255020 6.204443 0.164134 0.789114 1.466130,
 -52.722263 -39.307404 -7.229519 -34.358025 -24.337835 -22.821777 1.403384 25.572100,
 -34.504860 -72.418213 -40.515423 -4.427845 -10.489819 -28.515274 15.664490 4.141551,
 -6.622570 -34.656044 -75.261398 -47.854382 -2.736744 0.533821 19.165825 -1.202427,
 -23.012058 -6.457665 -38.850380 -90.722504 -16.616163 1.366782 2.762458 22.947897,
