Low-band skewness and kurtosis
 -2.223385 6.253923,
 -2.270119 6.857073,
 -1.893413 5.596881,
 -1.558738 4.567133,
 -1.339549 3.705634,

High-band variance
 134.182343,

Skewness, kurtosis, variance, mean, maximum and minimum of the reconstructed texture
 -2.213851 6.039133 6601.722168 222.589050 255.000000 0.000000,

Auto-correlations of the low-frequency bands at each scale
 2972.672607 3491.279785 3892.762695 4073.113770 3977.622070 3659.953125 3220.702881 3456.011963 4129.047363 4729.944336 5008.319336 4804.659180 4276.493652 3664.146729 3847.106445 4706.233398 5576.363770 5985.948242 5620.901855 4792.978516 3966.509277 4040.274902 4982.929688 5976.999023 6438.925293 5976.999023 4982.929688 4040.274902 3966.509277 4792.978516 5620.901855 5985.948242 5576.363770 4706.233398 3847.106445 3664.146729 4276.493652 4804.659180 5008.319336 4729.944336 4129.047363 3456.011963 3220.702881 3659.953125 3977.622070 4073.113770 3892.762695 3491.279785 2972.672607,
 1565.820679 1681.623413 1967.163574 2119.882568 2045.642090 1951.960083 1916.198364 1688.788818 2055.765137 2840.744385 3301.550537 3007.692139 2419.152832 2061.613525 1949.872314 2774.411865 4256.841309 5076.624023 4389.314941 3026.670654 2175.574951 2173.713867 3262.195312 5055.757812 5996.303711 5055.757812 3262.195312 2173.713867 2175.574951 3026.670654 4389.314941 5076.624023 4256.841309 2774.411865 1949.872314 2061.613525 2419.152832 3007.692139 3301.550537 2840.744385 2055.765137 1688.788818 1916.198364 1951.960083 2045.642090 2119.882568 1967.163574 1681.623413 1565.820679,
 1045.406616 1074.192627 1270.712280 1466.627686 1408.642700 1403.447021 1570.484985 1513.388184 1321.110474 1537.319092 1880.098999 1674.705811 1414.223999 1612.824707 1763.853027 1742.243774 2613.665771 3406.013672 2776.820557 1830.250854 1808.400391 1891.942871 2094.852783 3462.767090 4449.601074 3462.767090 2094.852783 1891.942871 1808.400391 1830.250854 2776.820557 3406.013672 2613.665771 1742.243774 1763.853027 1612.824707 1414.223999 1674.705811 1880.098999 1537.319092 1321.110474 1513.388184 1570.484985 1403.447021 1408.642700 1466.627686 1270.712280 1074.192627 1045.406616,
 -276.238556 -1.346100 205.123611 382.727661 617.952148 860.262207 898.936646 105.352600 422.985535 809.042908 1078.872925 1203.576904 1339.295654 1349.200928 734.179321 1115.168701 1758.375732 2173.014648 2020.817627 1737.096436 1533.897095 1335.573975 1733.690186 2408.398438 2815.949707 2408.398438 1733.690186 1335.573975 1533.897095 1737.096436 2020.817627 2173.014648 1758.375732 1115.168701 734.179321 1349.200928 1339.295654 1203.576904 1078.872925 809.042908 422.985535 105.352600 898.936646 860.262207 617.952148 382.727661 205.123611 -1.346100 -276.238556,
 -606.187012 -711.250488 -794.352417 -724.202148 -526.713257 -391.425079 -421.125610 -499.166321 -636.089539 -479.857544 -85.540253 283.054077 392.490814 193.910751 -284.205078 -36.194092 642.826782 1303.909058 1466.153442 1116.118164 523.603149 218.333023 900.873657 1731.056396 2128.386963 1731.056396 900.873657 218.333023 523.603149 1116.118164 1466.153442 1303.909058 642.826782 -36.194092 -284.205078 193.910751 392.490814 283.054077 -85.540253 -479.857544 -636.089539 -499.166321 -421.125610 -391.425079 -526.713257 -724.202148 -794.352417 -711.250488 -606.187012,

Auto-correlations of the modulus of each oriented sub-band
 84.499199 89.830208 94.786316 96.348175 93.252426 87.054680 80.881111 98.404991 108.077141 117.018135 120.552048 116.480217 106.878105 96.463036 112.429237 127.025612 140.437332 145.920959 140.242874 126.520729 111.540031 118.362495 135.512360 151.397995 158.031952 151.397995 135.512360 118.362495 111.540031 126.520729 140.242874 145.920959 140.437332 127.025612 112.429237 96.463036 106.878105 116.480217 120.552048 117.018135 108.077141 98.404991 80.881111 87.054680 93.252426 96.348175 94.786316 89.830208 84.499199,
 95.883835 100.852936 103.478546 101.931107 96.570343 89.398987 82.204117 100.989609 113.900589 123.834572 124.935944 116.518501 103.128860 89.784897 103.668358 123.674004 141.256943 146.415680 135.767471 116.385750 96.895073 102.139542 124.663170 146.244049 155.757217 146.244049 124.663170 102.139542 96.895073 116.385750 135.767471 146.415680 141.256943 123.674004 103.668358 89.784897 103.128860 116.518501 124.935944 123.834572 113.900589 100.989609 82.204117 89.398987 96.570343 101.931107 103.478546 100.852936 95.883835,
 76.116997 90.602600 104.570908 109.747047 102.426102 87.994553 74.805916 83.026077 101.788506 120.520638 128.080566 118.621590 99.546181 81.792358 89.509056 111.916916 134.976074 145.101929 133.827606 110.609299 88.756874 91.943222 115.625687 140.505508 152.203033 140.505508 115.625687 91.943222 88.756874 110.609299 133.827606 145.101929 134.976074 111.916916 89.509056 81.792358 99.546181 118.621590 128.080566 120.520638 101.788506 83.026077 74.805916 87.994553 102.426102 109.747047 104.570908 90.602600 76.116997,
 70.869774 79.475220 88.476196 95.677399 98.823578 97.358597 93.279320 79.469177 94.426788 109.480545 119.468437 119.603622 110.184845 97.308319 88.562698 109.495941 130.159882 141.903824 137.307648 119.462189 98.824753 95.774017 119.388168 141.846008 151.748932 141.846008 119.388168 95.774017 98.824753 119.462189 137.307648 141.903824 130.159882 109.495941 88.562698 97.308319 110.184845 119.603622 119.468437 109.480545 94.426788 79.469177 93.279320 97.358597 98.823578 95.677399 88.476196 79.475220 70.869774,
 220.424683 224.610947 227.426910 229.032166 228.930511 227.474472 224.981659 287.199890 300.716949 309.569214 310.292572 300.752319 284.425018 266.681702 344.733917 376.706207 402.022552 408.823578 391.065338 357.645721 321.744598 359.605743 403.703186 443.315948 460.435547 443.315948 403.703186 359.605743 321.744598 357.645721 391.065338 408.823578 402.022552 376.706207 344.733917 266.681702 284.425018 300.752319 310.292572 309.569214 300.716949 287.199890 224.981659 227.474472 228.930511 229.032166 227.426910 224.610947 220.424683,
 278.987640 290.587311 285.003723 262.777618 233.957214 209.343842 191.813629 312.127411 344.412018 358.368500 340.417786 298.691071 255.372284 222.719208 319.105682 370.683533 413.543915 415.759094 370.631134 310.802551 262.346466 299.333801 356.789795 419.003113 449.316467 419.003113 356.789795 299.333801 262.346466 310.802551 370.631134 415.759094 413.543915 370.683533 319.105682 222.719208 255.372284 298.691071 340.417786 358.368500 344.412018 312.127411 191.813629 209.343842 233.957214 262.777618 285.003723 290.587311 278.987640,
 199.799042 229.995255 270.182037 285.288147 260.537933 229.236832 214.565857 214.972473 254.454559 311.714417 336.674805 300.684998 249.451324 222.689423 226.703354 274.016602 347.717896 385.053009 340.086914 269.534424 229.414139 231.713287 280.109131 360.251282 406.599304 360.251282 280.109131 231.713287 229.414139 269.534424 340.086914 385.053009 347.717896 274.016602 226.703354 222.689423 249.451324 300.684998 336.674805 311.714417 254.454559 214.972473 214.565857 229.236832 260.537933 285.288147 270.182037 229.995255 199.799042,
 178.287018 188.413651 210.245514 243.010651 274.057892 285.813293 270.598541 197.793945 219.422333 260.476959 308.248291 335.282562 323.028595 282.157745 219.362640 261.106476 323.570740 376.118652 379.710938 333.222870 272.689209 246.892914 307.031525 375.499634 408.064941 375.499634 307.031525 246.892914 272.689209 333.222870 379.710938 376.118652 323.570740 261.106476 219.362640 282.157745 323.028595 335.282562 308.248291 260.476959 219.422333 197.793945 270.598541 285.813293 274.057892 243.010651 210.245514 188.413651 178.287018,
 146.066574 172.899902 197.692230 215.924622 223.562378 220.840912 210.112228 222.842361 265.749725 303.240723 324.635864 323.821533 304.709137 275.110931 318.197815 389.623260 449.757172 475.692810 455.295685 400.755768 335.013000 364.318298 452.928467 530.277466 562.607300 530.277466 452.928467 364.318298 335.013000 400.755768 455.295685 475.692810 449.757172 389.623260 318.197815 275.110931 304.709137 323.821533 324.635864 303.240723 265.749725 222.842361 210.112228 220.840912 223.562378 215.924622 197.692230 172.899902 146.066574,
 153.011658 177.058182 178.955444 159.106476 141.498352 141.524521 152.700012 205.294876 258.717926 283.640808 255.806519 203.410233 171.018311 162.495255 225.863449 312.646423 388.818634 386.852875 305.340179 224.584778 181.268784 208.330780 290.053284 399.490295 459.293640 399.490295 290.053284 208.330780 181.268784 224.584778 305.340179 386.852875 388.818634 312.646423 225.863449 162.495255 171.018311 203.410233 255.806519 283.640808 258.717926 205.294876 152.700012 141.524521 141.498352 159.106476 178.955444 177.058182 153.011658,
 168.091248 203.013077 239.975220 262.538391 246.936157 211.508316 188.493469 202.504639 249.863190 320.559814 367.432251 333.038818 261.180511 216.543213 229.852478 290.571136 394.766571 463.090210 404.710480 298.951691 237.534058 243.072632 310.097534 429.464630 503.565643 429.464630 310.097534 243.072632 237.534058 298.951691 404.710480 463.090210 394.766571 290.571136 229.852478 216.543213 261.180511 333.038818 367.432251 320.559814 249.863190 202.504639 188.493469 211.508316 246.936157 262.538391 239.975220 203.013077 168.091248,
 87.959198 104.655960 121.276230 138.785995 158.767166 173.185013 183.903137 107.698334 138.596405 182.115326 231.103607 259.049927 253.402313 241.039093 145.043701 198.378082 277.562500 350.767761 353.245361 297.892670 246.824524 202.131210 269.248535 361.670471 414.288147 361.670471 269.248535 202.131210 246.824524 297.892670 353.245361 350.767761 277.562500 198.378082 145.043701 241.039093 253.402313 259.049927 231.103607 182.115326 138.596405 107.698334 183.903137 173.185013 158.767166 138.785995 121.276230 104.655960 87.959198,
 -1.508549 4.553673 12.178717 21.162491 30.042131 34.673176 32.271179 12.734180 23.530703 37.347897 50.261322 57.979832 56.640305 47.318542 31.278500 51.510323 75.966446 91.750259 89.644363 73.408279 53.392872 48.819530 75.013550 103.852455 117.609802 103.852455 75.013550 48.819530 53.392872 73.408279 89.644363 91.750259 75.966446 51.510323 31.278500 47.318542 56.640305 57.979832 50.261322 37.347897 23.530703 12.734180 32.271179 34.673176 30.042131 21.162491 12.178717 4.553673 -1.508549,
 3.463789 -2.576899 -5.715332 1.397863 13.242077 17.486418 12.917452 9.411186 22.549124 30.433449 26.826082 23.249298 19.844912 10.974150 10.255366 36.373108 66.340836 69.020966 45.118717 23.617691 9.397981 9.172652 32.428574 69.811569 92.980835 69.811569 32.428574 9.172652 9.397981 23.617691 45.118717 69.020966 66.340836 36.373108 10.255366 10.974150 19.844912 23.249298 26.826082 30.433449 22.549124 9.411186 12.917452 17.486418 13.242077 1.397863 -5.715332 -2.576899 3.463789,
 -24.018116 -22.066406 -5.634885 11.312199 13.542953 8.669602 4.108074 1.296846 15.881312 43.315151 63.104836 55.873112 37.121941 21.333010 30.596561 56.879604 96.708160 121.686279 103.180542 68.038483 41.280186 46.889122 78.168144 123.145897 149.692291 123.145897 78.168144 46.889122 41.280186 68.038483 103.180542 121.686279 96.708160 56.879604 30.596561 21.333010 37.121941 55.873112 63.104836 43.315151 15.881312 1.296846 4.108074 8.669602 13.542953 11.312199 -5.634885 -22.066406 -24.018116,
 -20.631584 1.592937 24.889492 42.898941 50.075092 43.104279 29.164967 0.575130 22.783264 48.682011 74.559593 82.464462 64.564667 40.472805 20.854372 46.264294 82.666382 117.008255 113.320007 78.252068 46.299545 38.784958 70.101570 114.047951 139.852631 114.047951 70.101570 38.784958 46.299545 78.252068 113.320007 117.008255 82.666382 46.264294 20.854372 40.472805 64.564667 82.464462 74.559593 48.682011 22.783264 0.575130 29.164967 43.104279 50.075092 42.898941 24.889492 1.592937 -20.631584,

Pairwise cross-correlations of the modulus of all oriented sub-bands at the same scale (size QxQ)
 158.031967 111.493767 74.134766 108.512932,
 111.493767 155.757233 109.693893 74.340530,
 74.134766 109.693893 152.203079 106.564453,
 108.512932 74.340530 106.564453 151.748962,
 460.435577 363.982208 295.211945 346.353790,
 363.982208 449.316559 339.475464 323.858215,
 295.211945 339.475464 406.599365 326.310303,
 346.353790 323.858215 326.310303 408.064972,
 562.607300 398.984070 310.807404 369.393677,
 398.984070 459.293671 350.195282 286.257172,
 310.807404 350.195282 503.565704 320.814819,
 369.393677 286.257172 320.814819 414.288147,
 117.609802 52.532501 59.350861 90.736740,
 52.532501 92.980843 82.223709 41.855747,
 59.350861 82.223709 149.692307 84.890434,
 90.736740 41.855747 84.890434 139.852615,

Cross-correlations of the modulus of all oriented sub-bands with all oriented sub-bands at the coarser scale (size QxQ)
 229.151306 192.465881 149.478867 185.544220,
 196.199219 225.788727 183.271271 163.929977,
 157.301346 189.499802 211.858673 185.570267,
 189.789520 163.716385 177.674942 215.622284,
 380.679504 313.722809 314.186035 314.046387,
 343.782440 349.905487 328.509277 289.677063,
 291.441925 302.533203 345.309540 271.557953,
 337.042633 291.880493 316.569519 314.248657,
 156.395554 102.895477 153.983185 194.141602,
 144.600937 109.988693 149.087646 149.061035,
 158.652374 84.539413 127.583603 161.130646,
 144.159790 95.869301 138.411179 162.554840,

Cross-correlations of the real part of each oriented sub-band with both the real and imaginary part of all phase-doubled oriented sub-bands at the next coarser scale (Q matrices of size 1x2Q, which are computed and stored in a matrix of size Qx2Q)
 74.652176 36.842686 4.164952 33.720631 6.108973 0.845590 -0.938201 0.715398,
 31.899334 86.849800 39.626812 3.333085 1.105703 -0.498267 -2.126540 -0.123693,
 2.653517 40.831650 81.150261 27.394703 0.420342 -0.044341 -0.366720 -2.069335,
 32.559963 4.341871 32.520683 67.228455 3.615438 0.373691 -0.187212 -1.674566,
 -33.705566 -26.397743 -6.748053 -4.133095 11.853819 -17.000458 -0.778286 -2.985406,
 -18.695402 -74.041405 -42.028118 -1.478454 0.170521 -38.752872 1.307882 0.131292,
 -1.205625 -30.972406 -82.720612 -23.552242 -0.185663 -8.218704 0.606488 -7.202590,
 -11.579260 0.160318 -36.317249 -32.129478 7.262864 1.399927 -1.094164 -13.879869,
 -43.429966 -1.392235 -1.267966 -5.828403 26.497345 -12.265867 -2.320071 -7.781327,
 -13.276812 -17.974936 -21.578054 -4.147415 0.567259 -36.627644 1.311706 -3.379107,
 -0.155545 -16.111023 -46.777817 -17.679211 -0.703318 -20.447559 -7.216290 -12.743488,
 -15.177019 -1.182608 -15.571614 -26.078644 17.152599 -1.081087 -12.208008 -10.790417,
