Low-band skewness and kurtosis
 -2.118569 5.837566,
 -2.188508 6.646357,
 -1.564226 4.589919,
 -1.020563 3.258664,
 -0.603229 2.214315,

High-band variance
 159.519119,

Skewness, kurtosis, variance, mean, maximum and minimum of the reconstructed texture
 -2.103885 5.576567 6880.436523 220.449097 255.000000 0.000000,

Auto-correlations of the low-frequency bands at each scale
 2398.355469 3040.836914 3496.607178 3660.334473 3473.942627 2988.241211 2321.543457 2997.162842 3839.826416 4558.426758 4864.133789 4559.049805 3821.673584 2954.858643 3432.833984 4532.484863 5616.150391 6111.270508 5627.478516 4538.126465 3423.955566 3598.752930 4833.081055 6102.900391 6686.218750 6102.900391 4833.081055 3598.752930 3423.955566 4538.126465 5627.478516 6111.270508 5616.150391 4532.484863 3432.833984 2954.858643 3821.673584 4559.049805 4864.133789 4558.426758 3839.826416 2997.162842 2321.543457 2988.241211 3473.942627 3660.334473 3496.607178 3040.836914 2398.355469,
 571.345703 789.461243 1148.367065 1300.651245 1050.484497 656.327576 452.258514 723.031006 1223.999756 2172.154785 2673.403809 2129.753418 1113.608887 481.467041 995.397583 2102.890381 3972.914795 4954.510254 3961.408936 2035.812744 788.716309 1067.026611 2569.834229 4934.206055 6154.728027 4934.206055 2569.834229 1067.026611 788.716309 2035.812744 3961.408936 4954.510254 3972.914795 2102.890381 995.397583 481.467041 1113.608887 2129.753418 2673.403809 2172.154785 1223.999756 723.031006 452.258514 656.327576 1050.484497 1300.651245 1148.367065 789.461243 571.345703,
 527.214722 639.047607 732.940735 777.305298 615.117493 689.543945 892.721069 541.403809 475.867310 766.755981 1052.524292 622.467773 381.546875 710.041504 700.332458 738.002808 1918.204712 2833.336426 1721.088989 448.475128 553.682190 710.664917 867.502686 2712.004883 4117.509766 2712.004883 867.502686 710.664917 553.682190 448.475128 1721.088989 2833.336426 1918.204712 738.002808 700.332458 710.041504 381.546875 622.467773 1052.524292 766.755981 475.867310 541.403809 892.721069 689.543945 615.117493 777.305298 732.940735 639.047607 527.214722,
 -52.514297 269.471252 580.804077 619.983521 490.910278 401.947571 422.968933 27.954361 218.629196 608.071411 763.420471 558.069946 380.452820 396.040283 173.443085 311.107574 1003.243408 1437.510376 1004.612549 452.903961 388.324249 369.670105 506.331970 1351.489014 1939.595215 1351.489014 506.331970 369.670105 388.324249 452.903961 1004.612549 1437.510376 1003.243408 311.107574 173.443085 396.040283 380.452820 558.069946 763.420471 608.071411 218.629196 27.954361 422.968933 401.947571 490.910278 619.983521 580.804077 269.471252 -52.514297,
 -480.791290 -353.902740 -139.068985 3.109253 -4.904068 -88.262421 -255.090363 -404.590210 -253.032257 114.262131 375.495270 318.135864 142.301727 -71.530685 -261.150635 -24.112183 494.816010 844.340820 655.804321 278.562988 -9.614998 -92.700470 218.929138 759.320190 1082.775391 759.320190 218.929138 -92.700470 -9.614998 278.562988 655.804321 844.340820 494.816010 -24.112183 -261.150635 -71.530685 142.301727 318.135864 375.495270 114.262131 -253.032257 -404.590210 -255.090363 -88.262421 -4.904068 3.109253 -139.068985 -353.902740 -480.791290,

Auto-correlations of the modulus of each oriented sub-band
 72.842186 80.535904 87.881966 90.377701 85.915276 76.314224 65.842461 93.448029 106.281860 118.190804 122.610214 116.472862 102.538071 87.236725 113.003693 131.463486 148.506409 155.301483 147.611206 129.396988 109.476868 120.499496 142.145142 162.209839 170.562820 162.209839 142.145142 120.499496 109.476868 129.396988 147.611206 155.301483 148.506409 131.463486 113.003693 87.236725 102.538071 116.472862 122.610214 118.190804 106.281860 93.448029 65.842461 76.314224 85.915276 90.377701 87.881966 80.535904 72.842186,
 104.750320 110.049622 111.992668 108.793900 100.638924 89.208405 76.404892 110.490456 126.696045 138.197388 138.859406 127.849861 109.410065 89.126549 112.777908 138.573151 159.794205 165.675354 152.861649 128.192932 101.039505 109.659531 139.467834 165.932312 177.052826 165.932312 139.467834 109.659531 101.039505 128.192932 152.861649 165.675354 159.794205 138.573151 112.777908 89.126549 109.410065 127.849861 138.859406 138.197388 126.696045 110.490456 76.404892 89.208405 100.638924 108.793900 111.992668 110.049622 104.750320,
 69.284668 91.864334 111.904861 119.646240 110.352402 89.924606 68.469269 76.776871 104.377953 129.973358 140.664444 129.160553 103.572914 76.940933 84.246635 116.104660 146.537369 159.965271 146.231400 115.918747 84.624855 87.582100 120.946152 153.279526 167.971039 153.279526 120.946152 87.582100 84.624855 115.918747 146.231400 159.965271 146.537369 116.104660 84.246635 76.940933 103.572914 129.160553 140.664444 129.973358 104.377953 76.776871 68.469269 89.924606 110.352402 119.646240 111.904861 91.864334 69.284668,
 69.365669 83.193474 96.205276 105.092758 107.903641 105.005867 98.590294 82.897728 104.072289 123.320877 134.313995 132.966049 120.806557 104.146034 95.562340 123.068779 147.813370 160.282837 153.944809 132.661606 106.975319 104.324417 134.019745 160.240814 171.272705 160.240814 134.019745 104.324417 106.975319 132.661606 153.944809 160.282837 147.813370 123.068779 95.562340 104.146034 120.806557 132.966049 134.313995 123.320877 104.072289 82.897728 98.590294 105.005867 107.903641 105.092758 96.205276 83.193474 69.365669,
 193.440384 207.888702 218.483597 223.980042 222.146439 213.205963 199.476608 262.384003 291.150940 311.727661 317.672821 305.137146 278.922119 248.172394 330.245239 379.569061 419.714142 433.019409 410.086639 363.058990 311.622803 351.279907 412.234528 467.173523 490.874023 467.173523 412.234528 351.279907 311.622803 363.058990 410.086639 433.019409 419.714142 379.569061 330.245239 248.172394 278.922119 305.137146 317.672821 311.727661 291.150940 262.384003 199.476608 213.205963 222.146439 223.980042 218.483597 207.888702 193.440384,
 245.581116 274.144226 279.957916 259.922333 224.306122 188.417847 160.585022 279.184113 331.411346 358.392548 341.538849 289.607086 232.119415 189.317764 289.101898 365.578735 426.977966 432.136597 373.775085 292.492615 226.763275 266.837311 349.338440 435.972076 476.025818 435.972076 349.338440 266.837311 226.763275 292.492615 373.775085 432.136597 426.977966 365.578735 289.101898 189.317764 232.119415 289.607086 341.538849 358.392548 331.411346 279.184113 160.585022 188.417847 224.306122 259.922333 279.957916 274.144226 245.581116,
 161.194794 242.786606 339.994019 387.275421 351.084534 268.323456 193.964630 180.171463 275.558197 390.636627 447.145142 399.167023 295.112823 204.396957 196.653687 303.996948 434.742493 499.946533 439.867371 315.251831 210.084106 207.550293 319.366241 454.934174 522.410522 454.934174 319.366241 207.550293 210.084106 315.251831 439.867371 499.946533 434.742493 303.996948 196.653687 204.396957 295.112823 399.167023 447.145142 390.636627 275.558197 180.171463 193.964630 268.323456 351.084534 387.275421 339.994019 242.786606 161.194794,
 135.881775 156.515839 191.418365 231.667297 260.550140 262.284424 235.842255 154.683014 190.461304 250.232422 311.545349 337.104858 309.794678 250.980865 176.529083 241.197128 332.171967 403.186340 399.463043 326.946167 239.329620 207.966827 297.527527 398.934082 448.190338 398.934082 297.527527 207.966827 239.329620 326.946167 399.463043 403.186340 332.171967 241.197128 176.529083 250.980865 309.794678 337.104858 311.545349 250.232422 190.461304 154.683014 235.842255 262.284424 260.550140 231.667297 191.418365 156.515839 135.881775,
 129.351257 173.508652 212.884979 238.085526 243.982819 231.589767 205.287109 177.948044 236.729797 286.031860 310.939697 302.612183 265.962036 215.581863 254.752457 349.407654 433.698914 471.365448 441.008789 359.737915 266.243866 299.301758 418.566223 529.493164 577.034302 529.493164 418.566223 299.301758 266.243866 359.737915 441.008789 471.365448 433.698914 349.407654 254.752457 215.581863 265.962036 302.612183 310.939697 286.031860 236.729797 177.948044 205.287109 231.589767 243.982819 238.085526 212.884979 173.508652 129.351257,
 117.457748 164.908249 190.078354 187.833710 179.555069 175.123123 165.766312 141.748077 219.707825 276.179260 262.571503 211.062195 174.925049 153.350677 159.645508 256.162506 367.836365 383.065948 290.222107 200.907883 156.193420 163.264008 241.812714 374.035950 452.897278 374.035950 241.812714 163.264008 156.193420 200.907883 290.222107 383.065948 367.836365 256.162506 159.645508 153.350677 174.925049 211.062195 262.571503 276.179260 219.707825 141.748077 165.766312 175.123123 179.555069 187.833710 190.078354 164.908249 117.457748,
 118.431351 172.509399 220.683823 248.480423 237.046585 214.749634 198.455795 128.266113 212.458954 313.340027 362.147644 310.871643 231.283569 182.092224 143.493454 246.525970 397.262787 476.853363 388.226898 250.442169 170.134445 158.619415 259.683319 427.434509 528.878540 427.434509 259.683319 158.619415 170.134445 250.442169 388.226898 476.853363 397.262787 246.525970 143.493454 182.092224 231.283569 310.871643 362.147644 313.340027 212.458954 128.266113 198.455795 214.749634 237.046585 248.480423 220.683823 172.509399 118.431351,
 116.836922 155.937698 195.802582 232.491974 259.048798 263.308594 236.452362 135.097198 180.570526 239.942932 309.485474 352.107727 325.931152 252.140320 163.931778 232.259262 343.642365 454.456573 464.121063 357.885132 240.621201 203.100983 310.321198 462.504456 544.616516 462.504456 310.321198 203.100983 240.621201 357.885132 464.121063 454.456573 343.642365 232.259262 163.931778 252.140320 325.931152 352.107727 309.485474 239.942932 180.570526 135.097198 236.452362 263.308594 259.048798 232.491974 195.802582 155.937698 116.836922,
 29.145203 33.698170 36.337719 36.672081 35.499615 32.630108 27.370281 55.116524 63.977985 71.608795 72.308426 63.924252 50.707531 36.601143 78.443649 105.424721 133.541962 144.329666 127.082489 93.706322 59.929001 82.681824 125.106148 169.894470 190.980835 169.894470 125.106148 82.681824 59.929001 93.706322 127.082489 144.329666 133.541962 105.424721 78.443649 36.601143 50.707531 63.924252 72.308426 71.608795 63.977985 55.116524 27.370281 32.630108 35.499615 36.672081 36.337719 33.698170 29.145203,
 4.198402 16.857077 28.137053 24.821434 16.771177 16.507910 16.141199 15.914252 32.246864 49.187569 42.153023 22.489889 15.481676 17.103987 22.896217 44.904884 79.580063 83.083130 49.898029 24.554359 21.015068 24.357857 40.672005 83.436707 111.324783 83.436707 40.672005 24.357857 21.015068 24.554359 49.898029 83.083130 79.580063 44.904884 22.896217 17.103987 15.481676 22.489889 42.153023 49.187569 32.246864 15.914252 16.141199 16.507910 16.771177 24.821434 28.137053 16.857077 4.198402,
 2.809806 12.241571 22.164892 25.417191 17.762480 11.541426 12.227250 3.166432 24.578838 54.945831 71.525818 53.587906 29.587475 21.660507 9.468556 39.260063 88.640800 118.569107 88.163612 43.088066 22.329582 17.136341 46.987171 103.024643 139.197525 103.024643 46.987171 17.136341 22.329582 43.088066 88.163612 118.569107 88.640800 39.260063 9.468556 21.660507 29.587475 53.587906 71.525818 54.945831 24.578838 3.166432 12.227250 11.541426 17.762480 25.417191 22.164892 12.241571 2.809806,
 28.755318 17.515190 6.188706 6.229771 12.988229 7.201607 -10.215691 41.707607 34.718327 35.141575 49.913239 53.392208 26.520092 -6.995056 39.260628 46.926697 78.439445 114.531677 101.919411 47.151611 4.253046 23.207268 54.854565 115.715797 152.640137 115.715797 54.854565 23.207268 4.253046 47.151611 101.919411 114.531677 78.439445 46.926697 39.260628 -6.995056 26.520092 53.392208 49.913239 35.141575 34.718327 41.707607 -10.215691 7.201607 12.988229 6.229771 6.188706 17.515190 28.755318,

Pairwise cross-correlations of the modulus of all oriented sub-bands at the same scale (size QxQ)
 170.562820 114.754311 59.689430 111.726570,
 114.754311 177.052841 113.819710 70.864311,
 59.689430 113.819710 167.971039 111.787582,
 111.726570 70.864311 111.787582 171.272736,
 490.874054 374.915253 333.152740 373.274658,
 374.915253 476.025787 393.240601 310.900177,
 333.152740 393.240601 522.410583 371.572174,
 373.274658 310.900177 371.572174 448.190369,
 577.034302 387.129761 317.910370 395.733704,
 387.129761 452.897339 342.888245 304.518860,
 317.910370 342.888245 528.878540 402.916931,
 395.733704 304.518860 402.916931 544.616516,
 190.980835 80.229904 54.040642 115.416000,
 80.229904 111.324783 78.541832 59.372807,
 54.040642 78.541832 139.197540 75.312912,
 115.416000 59.372807 75.312912 152.640152,

Cross-correlations of the modulus of all oriented sub-bands with all oriented sub-bands at the coarser scale (size QxQ)
 243.907898 195.510223 156.252411 186.529083,
 205.760864 254.034531 213.978226 152.673828,
 156.010742 196.845917 249.870132 180.803452,
 208.374435 165.832214 210.057800 238.315643,
 396.955750 302.120911 287.752472 351.390533,
 353.007751 337.203094 342.000824 316.531372,
 326.621765 309.286682 354.570221 334.207886,
 347.894714 262.545288 296.729797 358.106140,
 180.673615 116.020401 132.583221 117.366631,
 123.969666 101.156036 109.696396 73.732346,
 134.318390 102.294273 136.469528 102.149422,
 177.975006 105.811684 136.466614 135.564468,

Cross-correlations of the real part of each oriented sub-band with both the real and imaginary part of all phase-doubled oriented sub-bands at the next coarser scale (Q matrices of size 1x2Q, which are computed and stored in a matrix of size Qx2Q)
 107.757133 52.151222 4.570877 43.377502 -1.314783 2.393427 0.179735 1.805121,
 49.292648 114.782379 46.403275 4.691430 1.642584 3.043972 -0.343114 0.065091,
 4.199799 49.984020 103.730965 45.645435 0.300106 -0.260354 -1.531075 1.230467,
 45.266884 5.324327 44.526863 97.851166 -1.910922 -0.272408 -0.709402 2.985195,
 -175.885864 -84.957626 -6.018231 -82.904648 -0.875188 -3.455057 -0.093772 3.696511,
 -79.615143 -147.692734 -50.470436 -11.514376 2.682944 -4.885295 -13.482352 -1.190174,
 -6.860816 -52.523540 -104.444153 -81.337151 1.471727 -0.853365 -52.539047 -0.938319,
 -73.563629 -9.119051 -47.734512 -173.684631 -1.410514 -0.475230 -26.891788 8.927575,
 -137.062958 -19.517683 -3.762930 -76.761040 -63.640545 0.839352 -3.618975 -13.300753,
 -27.490765 -65.331871 -49.771732 -9.724230 -18.882744 -24.859127 -2.882305 2.837626,
 -4.022064 -51.534599 -83.858871 -28.486851 2.324030 -17.222769 3.920558 -24.977320,
 -89.606903 -8.933049 -23.262180 -101.282059 -20.335188 1.304964 -3.555923 -62.191971,
