Low-band skewness and kurtosis
 -3.298148 12.178246,
 -3.302977 12.541348,
 -3.198672 12.423583,
 -2.773618 10.226335,
 -1.782933 5.398634,

High-band variance
 54.615639,

Skewness, kurtosis, variance, mean, maximum and minimum of the reconstructed texture
 -3.291393 11.964906 4139.843262 236.593994 255.000000 0.000000,

Auto-correlations of the low-frequency bands at each scale
 2453.429932 2724.282715 2948.346191 3117.763184 3211.671387 3211.075684 3125.382568 2737.840576 3044.363281 3323.297363 3507.593018 3529.933105 3412.024902 3225.641357 2985.280762 3337.363037 3694.239502 3895.102539 3812.515869 3540.948486 3245.579102 3165.301758 3527.114990 3900.000488 4072.601807 3900.000488 3527.114990 3165.301758 3245.579102 3540.948486 3812.515869 3895.102539 3694.239502 3337.363037 2985.280762 3225.641357 3412.024902 3529.933105 3507.593018 3323.297363 3044.363281 2737.840576 3125.382568 3211.075684 3211.671387 3117.763184 2948.346191 2724.282715 2453.429932,
 933.005615 1338.778809 1735.432373 2092.103027 2397.587158 2635.995361 2756.075928 1387.034424 1862.339600 2375.197021 2779.097168 2941.692627 2906.716553 2762.412842 1853.006714 2425.839600 3101.438965 3533.722656 3440.049316 3015.161377 2583.492920 2270.931152 2864.262451 3553.113037 3888.357422 3553.113037 2864.262451 2270.931152 2583.492920 3015.161377 3440.049316 3533.722656 3101.438965 2425.839600 1853.006714 2762.412842 2906.716553 2941.692627 2779.097168 2375.197021 1862.339600 1387.034424 2756.075928 2635.995361 2397.587158 2092.103027 1735.432373 1338.778809 933.005615,
 -316.488770 -190.466370 130.623901 692.749146 1441.878784 2176.525391 2548.970215 -150.921021 192.471313 850.184570 1653.742065 2284.354248 2580.359375 2436.957520 293.187500 967.431396 1992.370850 2843.902588 2959.885010 2490.884277 1819.165039 1009.939453 1886.829590 2925.816895 3442.099121 2925.816895 1886.829590 1009.939453 1819.165039 2490.884277 2959.885010 2843.902588 1992.370850 967.431396 293.187500 2436.957520 2580.359375 2284.354248 1653.742065 850.184570 192.471313 -150.921021 2548.970215 2176.525391 1441.878784 692.749146 130.623901 -190.466370 -316.488770,
 -235.591309 -295.797455 -504.018738 -448.986542 227.905396 1193.788574 1666.077148 -314.682251 -525.755249 -443.570190 333.313904 1469.681519 2048.766602 1586.568970 -505.864075 -356.719788 558.573486 1828.061768 2393.981201 1798.044189 632.279236 -281.552460 630.797241 1973.802002 2650.154785 1973.802002 630.797241 -281.552460 632.279236 1798.044189 2393.981201 1828.061768 558.573486 -356.719788 -505.864075 1586.568970 2048.766602 1469.681519 333.313904 -443.570190 -525.755249 -314.682251 1666.077148 1193.788574 227.905396 -448.986542 -504.018738 -295.797455 -235.591309,
 -182.403641 -324.178650 -472.867493 -486.885315 -192.642761 181.411011 250.883530 -336.699921 -511.511841 -562.078857 -148.527985 503.530640 702.468872 313.972992 -530.625610 -539.036011 -34.404541 843.218811 1201.879395 681.686401 -39.818939 -466.331970 7.109322 934.690308 1454.295410 934.690308 7.109322 -466.331970 -39.818939 681.686401 1201.879395 843.218811 -34.404541 -539.036011 -530.625610 313.972992 702.468872 503.530640 -148.527985 -562.078857 -511.511841 -336.699921 250.883530 181.411011 -192.642761 -486.885315 -472.867493 -324.178650 -182.403641,

Auto-correlations of the modulus of each oriented sub-band
 32.951500 37.936481 42.481205 45.180206 45.318295 43.360584 40.563446 38.517864 45.598808 51.854877 55.091324 54.210949 49.984474 44.459019 44.474030 53.758873 61.774097 65.365479 63.076122 56.223198 47.816360 48.212769 58.259155 66.811981 70.245377 66.811981 58.259155 48.212769 47.816360 56.223198 63.076122 65.365479 61.774097 53.758873 44.474030 44.459019 49.984474 54.210949 55.091324 51.854877 45.598808 38.517864 40.563446 43.360584 45.318295 45.180206 42.481205 37.936481 32.951500,
 42.420296 49.217499 55.802055 60.624275 62.852119 62.486755 60.111221 49.341499 58.808994 67.310455 72.098633 72.237396 68.611046 62.860497 56.113441 67.418663 77.366714 81.925453 79.583954 72.397575 63.364922 61.097569 72.275925 81.964890 85.995087 81.964890 72.275925 61.097569 63.364922 72.397575 79.583954 81.925453 77.366714 67.418663 56.113441 62.860497 68.611046 72.237396 72.098633 67.310455 58.808994 49.341499 60.111221 62.486755 62.852119 60.624275 55.802055 49.217499 42.420296,
 33.036564 39.426163 45.595421 49.031330 48.378311 45.132980 41.612057 38.648548 47.031120 55.181690 59.394726 57.308407 51.198288 44.595531 43.586136 53.593880 63.358727 68.117493 64.516968 55.810608 46.615700 46.455803 56.886551 66.972023 71.599449 66.972023 56.886551 46.455803 46.615700 55.810608 64.516968 68.117493 63.358727 53.593880 43.586136 44.595531 51.198288 57.308407 59.394726 55.181690 47.031120 38.648548 41.612057 45.132980 48.378311 49.031330 45.595421 39.426163 33.036564,
 29.304108 33.712421 38.120518 41.749245 43.417171 42.625683 40.213280 34.418388 41.335819 48.281826 53.111519 53.491581 49.303730 43.034836 39.296200 48.732967 57.955147 63.258194 61.465477 53.742962 44.257038 42.947784 53.592361 63.340408 67.527596 63.340408 53.592361 42.947784 44.257038 53.742962 61.465477 63.258194 57.955147 48.732967 39.296200 43.034836 49.303730 53.491581 53.111519 48.281826 41.335819 34.418388 40.213280 42.625683 43.417171 41.749245 38.120518 33.712421 29.304108,
 55.271278 62.155426 69.662033 76.692215 82.080063 85.034973 85.057884 74.901649 84.711693 94.612900 101.930313 104.210434 101.004799 93.596733 94.367905 110.199142 124.858337 132.586456 129.591232 117.655228 101.949707 104.408264 124.170868 141.579697 148.839615 141.579697 124.170868 104.408264 101.949707 117.655228 129.591232 132.586456 124.858337 110.199142 94.367905 93.596733 101.004799 104.210434 101.930313 94.612900 84.711693 74.901649 85.057884 85.034973 82.080063 76.692215 69.662033 62.155426 55.271278,
 104.899620 117.077080 126.789520 130.605408 130.213898 129.203903 127.985603 118.363304 136.171204 151.432434 156.173859 150.433594 141.089661 132.289047 128.420395 150.570786 171.659058 179.218323 168.952118 151.032974 134.404831 133.589783 155.475845 178.292633 189.117691 178.292633 155.475845 133.589783 134.404831 151.032974 168.952118 179.218323 171.659058 150.570786 128.420395 132.289047 141.089661 150.433594 156.173859 151.432434 136.171204 118.363304 127.985603 129.203903 130.213898 130.605408 126.789520 117.077080 104.899620,
 53.005959 70.058884 88.277115 96.746140 92.692108 86.260651 82.243813 60.361649 81.750290 106.428375 118.082672 109.133362 94.510239 83.621582 68.057617 92.205231 121.822952 136.971054 122.894821 99.148972 80.841476 75.223518 98.560623 128.252441 144.969269 128.252441 98.560623 75.223518 80.841476 99.148972 122.894821 136.971054 121.822952 92.205231 68.057617 83.621582 94.510239 109.133362 118.082672 106.428375 81.750290 60.361649 82.243813 86.260651 92.692108 96.746140 88.277115 70.058884 53.005959,
 42.382725 52.526215 65.517365 81.117523 95.826477 105.218933 106.841156 57.687874 73.588043 93.262840 112.541122 123.901527 123.206390 112.407402 75.144165 97.859276 123.117134 141.546539 143.420593 129.138245 107.066406 92.928513 119.239502 143.496765 153.939423 143.496765 119.239502 92.928513 107.066406 129.138245 143.420593 141.546539 123.117134 97.859276 75.144165 112.407402 123.206390 123.901527 112.541122 93.262840 73.588043 57.687874 106.841156 105.218933 95.826477 81.117523 65.517365 52.526215 42.382725,
 18.058590 35.417828 53.549686 72.529419 90.374237 103.333267 107.741409 47.156288 70.274117 90.348740 104.438408 111.389038 110.507607 101.761269 81.739777 115.469307 143.008469 153.991043 146.085831 125.696983 100.171448 99.475273 137.172424 170.455032 184.541763 170.455032 137.172424 99.475273 100.171448 125.696983 146.085831 153.991043 143.008469 115.469307 81.739777 101.761269 110.507607 111.389038 104.438408 90.348740 70.274117 47.156288 107.741409 103.333267 90.374237 72.529419 53.549686 35.417828 18.058590,
 132.769516 174.575867 211.032532 239.489777 260.056671 272.090729 270.781860 176.546371 228.019287 273.632965 300.313629 305.419769 297.834106 281.180206 214.755203 274.029541 329.956543 357.338928 344.162048 309.007446 270.497986 246.469055 302.121460 356.700439 381.804871 356.700439 302.121460 246.469055 270.497986 309.007446 344.162048 357.338928 329.956543 274.029541 214.755203 281.180206 297.834106 305.419769 300.313629 273.632965 228.019287 176.546371 270.781860 272.090729 260.056671 239.489777 211.032532 174.575867 132.769516,
 21.345345 52.642128 88.402489 117.014992 133.139496 138.619690 133.479248 43.486683 85.341965 133.543594 163.214935 163.715836 147.161026 124.476044 66.245743 115.750252 173.140900 203.762604 187.309906 147.786835 108.448792 88.385406 137.615601 192.770081 220.547485 192.770081 137.615601 88.385406 108.448792 147.786835 187.309906 203.762604 173.140900 115.750252 66.245743 124.476044 147.161026 163.715836 163.214935 133.543594 85.341965 43.486683 133.479248 138.619690 133.139496 117.014992 88.402489 52.642128 21.345345,
 -10.545986 10.704498 42.488052 80.277252 111.478607 123.907135 114.385559 8.645859 40.366928 84.292595 128.037613 150.525177 141.282745 109.098297 34.475624 79.471970 134.301743 175.092773 176.411667 140.295883 90.496101 63.634785 117.606537 171.817413 196.085632 171.817413 117.606537 63.634785 90.496101 140.295883 176.411667 175.092773 134.301743 79.471970 34.475624 109.098297 141.282745 150.525177 128.037613 84.292595 40.366928 8.645859 114.385559 123.907135 111.478607 80.277252 42.488052 10.704498 -10.545986,
 -32.895271 -12.290924 12.083738 36.426342 56.205414 67.529427 69.000206 -6.725700 20.128979 44.594379 63.501961 75.785873 79.496613 71.757828 22.803617 59.543427 88.253357 98.844742 92.550644 77.536316 58.499641 42.115334 77.880920 110.291313 124.086723 110.291313 77.880920 42.115334 58.499641 77.536316 92.550644 98.844742 88.253357 59.543427 22.803617 71.757828 79.496613 75.785873 63.501961 44.594379 20.128979 -6.725700 69.000206 67.529427 56.205414 36.426342 12.083738 -12.290924 -32.895271,
 -78.575470 72.424637 230.421387 369.128082 464.679993 500.857117 470.719940 92.069733 282.831238 461.550201 591.953857 648.519043 623.382324 525.145752 267.629456 479.986694 658.814026 760.797058 762.115784 668.238525 506.109497 414.966949 618.579590 768.814331 824.867310 768.814331 618.579590 414.966949 506.109497 668.238525 762.115784 760.797058 658.814026 479.986694 267.629456 525.145752 623.382324 648.519043 591.953857 461.550201 282.831238 92.069733 470.719940 500.857117 464.679993 369.128082 230.421387 72.424637 -78.575470,
 -44.689850 1.016273 51.997013 91.713928 123.299377 143.573425 138.117935 -8.684631 49.197311 114.345146 152.133011 160.834976 160.043976 138.553802 32.830429 93.813614 164.879242 202.531250 184.743835 153.220322 115.504074 76.651779 129.511032 188.787292 223.061234 188.787292 129.511032 76.651779 115.504074 153.220322 184.743835 202.531250 164.879242 93.813614 32.830429 138.553802 160.043976 160.834976 152.133011 114.345146 49.197311 -8.684631 138.117935 143.573425 123.299377 91.713928 51.997013 1.016273 -44.689850,
 -22.992054 -16.366581 -4.471419 12.169929 27.829910 35.743374 34.041447 -16.420168 -4.664970 13.552351 33.142891 43.706024 41.427597 31.128912 -5.653714 11.576372 35.030777 53.662579 53.578445 38.931496 21.455376 7.998950 28.029819 51.029419 62.852898 51.029419 28.029819 7.998950 21.455376 38.931496 53.578445 53.662579 35.030777 11.576372 -5.653714 31.128912 41.427597 43.706024 33.142891 13.552351 -4.664970 -16.420168 34.041447 35.743374 27.829910 12.169929 -4.471419 -16.366581 -22.992054,

Pairwise cross-correlations of the modulus of all oriented sub-bands at the same scale (size QxQ)
 70.245377 60.021637 41.369820 52.543472,
 60.021637 85.995102 58.739799 41.035210,
 41.369820 58.739799 71.599449 50.059261,
 52.543472 41.035210 50.059261 67.527603,
 148.839630 140.030548 106.453018 129.225754,
 140.030548 189.117691 128.326767 127.105827,
 106.453018 128.326767 144.969269 121.893623,
 129.225754 127.105827 121.893623 153.939438,
 184.541779 212.150909 150.563873 146.707901,
 212.150909 381.804901 231.813416 168.186493,
 150.563873 231.813416 220.547516 181.356979,
 146.707901 168.186493 181.356979 196.085663,
 124.086716 278.484802 126.652252 66.682755,
 278.484802 824.867432 373.179932 136.230759,
 126.652252 373.179932 223.061218 87.170532,
 66.682755 136.230759 87.170532 62.852898,

Cross-correlations of the modulus of all oriented sub-bands with all oriented sub-bands at the coarser scale (size QxQ)
 89.212769 86.916786 58.676609 81.730827,
 87.573288 112.964943 79.436806 78.237915,
 66.982803 83.289627 89.550232 80.772255,
 73.106514 67.580208 66.125481 88.700546,
 139.436554 172.660385 129.446777 123.225662,
 142.196320 229.644150 150.994492 120.304237,
 107.197258 165.001587 155.429550 133.533707,
 120.859901 156.972244 142.906494 133.995041,
 122.909195 254.647507 117.401131 76.984634,
 181.783997 487.654144 219.819519 100.007492,
 109.291824 271.526215 152.833084 82.233505,
 87.043205 175.635086 96.616928 70.450371,

Cross-correlations of the real part of each oriented sub-band with both the real and imaginary part of all phase-doubled oriented sub-bands at the next coarser scale (Q matrices of size 1x2Q, which are computed and stored in a matrix of size Qx2Q)
 18.051966 4.411599 0.286471 11.751634 -1.087689 0.405425 -0.167197 -1.032379,
 5.412621 11.257717 5.218529 0.720614 -0.241985 0.608447 -0.311678 -0.093909,
 0.878202 4.679161 15.710070 9.556829 -0.195286 -0.564491 0.787104 -0.420796,
 11.048075 0.308433 7.864011 25.065538 -0.592897 -0.242137 0.567607 -1.839252,
 -2.313428 13.236921 4.969408 -3.378199 -18.143772 2.291279 1.628249 2.153659,
 6.900878 36.397758 5.421646 -0.282120 -2.496047 15.367616 0.963241 0.685724,
 3.910945 13.657082 -20.942167 -10.717188 1.924746 4.805535 -11.585579 -4.391777,
 -1.417806 0.326788 -12.374046 -16.881449 -8.006037 -1.204672 -5.983982 -4.385812,
 -63.961884 -94.457352 -25.438469 -6.476098 -21.731937 4.046461 9.745396 1.217611,
 -94.594070 -272.067871 -104.229424 -0.588362 -16.797615 26.118198 12.178185 -0.094052,
 -27.523132 -109.759750 -82.071388 -7.555051 -3.371519 13.414255 -10.772165 -3.765808,
 -11.524978 -1.977442 -15.799349 -16.908875 -7.092223 -0.205722 -4.503611 -2.377419,
