Low-band skewness and kurtosis
 -2.060412 5.584280,
 -2.125386 6.345783,
 -1.481613 4.220677,
 -1.150746 4.043020,
 -1.010181 3.252757,

High-band variance
 162.921127,

Skewness, kurtosis, variance, mean, maximum and minimum of the reconstructed texture
 -2.046227 5.333964 7077.866211 219.252136 255.000000 0.000000,

Auto-correlations of the low-frequency bands at each scale
 2623.950439 3189.348877 3587.454102 3688.205078 3450.918945 2962.192627 2341.249756 3266.925049 4050.233643 4721.224121 4973.917969 4621.259277 3868.722900 3020.895264 3687.953369 4757.390137 5816.841309 6281.494141 5762.174316 4650.371582 3533.166748 3782.330566 5014.787598 6291.298828 6879.893555 6291.298828 5014.787598 3782.330566 3533.166748 4650.371582 5762.174316 6281.494141 5816.841309 4757.390137 3687.953369 3020.895264 3868.722900 4621.259277 4973.917969 4721.224121 4050.233643 3266.925049 2341.249756 2962.192627 3450.918945 3688.205078 3587.454102 3189.348877 2623.950439,
 957.723083 912.989380 954.018616 942.590820 761.258484 679.544800 894.696472 1132.382080 1525.541016 2251.781982 2576.005371 1991.386963 1155.509033 868.792908 1275.892334 2414.131104 4195.199219 5069.959961 4006.834961 2122.253662 1015.664734 1234.110718 2760.828125 5118.936523 6341.385254 5118.936523 2760.828125 1234.110718 1015.664734 2122.253662 4006.834961 5069.959961 4195.199219 2414.131104 1275.892334 868.792908 1155.509033 1991.386963 2576.005371 2251.781982 1525.541016 1132.382080 894.696472 679.544800 761.258484 942.590820 954.018616 912.989380 957.723083,
 870.333374 815.856262 624.626465 420.355957 549.825928 1059.521973 1257.041382 804.899658 698.335449 778.920288 782.496582 573.617676 765.693115 1155.994873 681.764221 901.769165 2063.528076 2798.098389 1865.798462 847.251343 852.782410 662.712646 1084.719482 2929.733154 4211.574707 2929.733154 1084.719482 662.712646 852.782410 847.251343 1865.798462 2798.098389 2063.528076 901.769165 681.764221 1155.994873 765.693115 573.617676 782.496582 778.920288 698.335449 804.899658 1257.041382 1059.521973 549.825928 420.355957 624.626465 815.856262 870.333374,
 292.160706 491.550964 521.775330 513.079712 558.155579 577.944153 490.450439 349.527863 539.693848 612.578064 682.243042 688.355896 649.889648 601.755249 303.164978 631.453369 1103.464844 1437.973633 1197.671631 791.788940 608.210571 449.697113 817.335510 1516.803589 1968.466064 1516.803589 817.335510 449.697113 608.210571 791.788940 1197.671631 1437.973633 1103.464844 631.453369 303.164978 601.755249 649.889648 688.355896 682.243042 612.578064 539.693848 349.527863 490.450439 577.944153 558.155579 513.079712 521.775330 491.550964 292.160706,
 -588.382263 -399.523193 -45.544884 209.021240 164.677032 -92.071976 -365.005859 -552.759399 -263.333954 228.676849 558.831421 489.778961 145.705963 -236.904602 -405.105255 -19.889511 616.628784 994.634888 789.592407 271.540955 -166.860016 -227.472839 213.040039 877.554443 1223.055176 877.554443 213.040039 -227.472839 -166.860016 271.540955 789.592407 994.634888 616.628784 -19.889511 -405.105255 -236.904602 145.705963 489.778961 558.831421 228.676849 -263.333954 -552.759399 -365.005859 -92.071976 164.677032 209.021240 -45.544884 -399.523193 -588.382263,

Auto-correlations of the modulus of each oriented sub-band
 73.873962 82.240234 89.993690 92.762161 88.738670 80.130798 71.459198 93.786705 108.017227 120.639580 125.230759 119.210274 105.776596 91.489937 112.842339 132.830719 150.533340 157.341705 149.541061 131.298492 111.347816 120.600418 143.200409 163.635727 172.024048 163.635727 143.200409 120.600418 111.347816 131.298492 149.541061 157.341705 150.533340 132.830719 112.842339 91.489937 105.776596 119.210274 125.230759 120.639580 108.017227 93.786705 71.459198 80.130798 88.738670 92.762161 89.993690 82.240234 73.873962,
 103.791260 107.776367 108.209518 102.778229 91.736603 77.746002 63.955143 110.001396 125.600151 136.463226 135.800873 122.490746 101.470909 79.542961 111.659767 137.792007 159.340820 164.849670 150.519135 123.684616 94.812263 106.458878 137.499115 165.283295 177.003174 165.283295 137.499115 106.458878 94.812263 123.684616 150.519135 164.849670 159.340820 137.792007 111.659767 79.542961 101.470909 122.490746 135.800873 136.463226 125.600151 110.001396 63.955143 77.746002 91.736603 102.778229 108.209518 107.776367 103.791260,
 68.516464 88.803375 109.646812 118.411560 108.628792 88.060333 68.218185 76.065117 101.441681 127.586929 138.803909 126.175430 100.011536 75.156197 83.039047 112.820618 143.828430 157.777634 142.816925 111.750824 82.355362 85.683746 117.075699 150.121460 165.705139 150.121460 117.075699 85.683746 82.355362 111.750824 142.816925 157.777634 143.828430 112.820618 83.039047 75.156197 100.011536 126.175430 138.803909 127.586929 101.441681 76.065117 68.218185 88.060333 108.628792 118.411560 109.646812 88.803375 68.516464,
 66.235237 77.093903 89.113930 100.395042 108.507286 111.557434 109.241081 78.237724 97.706390 117.596802 131.994415 135.696426 127.852600 113.147652 91.580994 119.050232 145.576645 161.067566 157.595047 137.482849 111.456879 103.654503 134.349823 161.966156 173.666107 161.966156 134.349823 103.654503 111.456879 137.482849 157.595047 161.067566 145.576645 119.050232 91.580994 113.147652 127.852600 135.696426 131.994415 117.596802 97.706390 78.237724 109.241081 111.557434 108.507286 100.395042 89.113930 77.093903 66.235237,
 192.487518 194.800323 198.593628 201.918457 201.060730 195.320099 186.559479 245.229370 265.953827 285.491394 295.621674 289.230286 268.375885 241.168030 304.453064 353.725983 398.012512 418.224579 401.260559 356.125824 302.398376 331.220154 397.526733 456.649506 482.043457 456.649506 397.526733 331.220154 302.398376 356.125824 401.260559 418.224579 398.012512 353.725983 304.453064 241.168030 268.375885 289.230286 295.621674 285.491394 265.953827 245.229370 186.559479 195.320099 201.060730 201.918457 198.593628 194.800323 192.487518,
 273.994446 291.476624 279.143890 240.759338 196.498962 164.054428 146.985641 299.634460 347.443542 363.056854 330.084778 265.868927 204.779358 165.499664 291.365906 367.877045 426.521545 423.399628 355.067139 268.058136 201.210022 250.801498 335.001770 424.704681 467.051636 424.704681 335.001770 250.801498 201.210022 268.058136 355.067139 423.399628 426.521545 367.877045 291.365906 165.499664 204.779358 265.868927 330.084778 363.056854 347.443542 299.634460 146.985641 164.054428 196.498962 240.759338 279.143890 291.476624 273.994446,
 182.224197 224.852051 287.039612 325.373962 297.349854 228.721008 176.499802 195.801437 253.932419 340.631042 392.675720 350.876404 257.915222 190.754532 204.979279 277.439575 386.437622 449.543701 392.784363 279.595093 201.518585 207.032471 287.380371 407.293274 473.096252 407.293274 287.380371 207.032471 201.518585 279.595093 392.784363 449.543701 386.437622 277.439575 204.979279 190.754532 257.915222 350.876404 392.675720 340.631042 253.932419 195.801437 176.499802 228.721008 297.349854 325.373962 287.039612 224.852051 182.224197,
 172.304260 192.932800 232.143219 282.221313 324.863495 341.262512 323.723755 199.861053 245.930817 314.303040 383.209137 419.263000 404.110931 349.495453 243.301453 318.797577 412.246460 482.944519 486.092163 423.384918 336.626526 294.784332 388.764709 483.902679 527.149475 483.902679 388.764709 294.784332 336.626526 423.384918 486.092163 482.944519 412.246460 318.797577 243.301453 349.495453 404.110931 419.263000 383.209137 314.303040 245.930817 199.861053 323.723755 341.262512 324.863495 282.221313 232.143219 192.932800 172.304260,
 112.932709 126.647011 139.202469 148.060196 149.517685 144.634186 135.555084 158.295639 182.796143 202.853699 210.647980 202.175934 183.740723 162.604568 210.052658 276.575104 339.415833 364.360779 334.685364 271.276703 207.742569 234.057953 328.878784 427.701324 472.972870 427.701324 328.878784 234.057953 207.742569 271.276703 334.685364 364.360779 339.415833 276.575104 210.052658 162.604568 183.740723 202.175934 210.647980 202.853699 182.796143 158.295639 135.555084 144.634186 149.517685 148.060196 139.202469 126.647011 112.932709,
 186.298569 214.375458 222.419266 201.548416 170.829208 152.340393 142.524979 232.862518 291.399933 326.878998 303.114594 239.421967 188.145752 166.886017 245.345367 338.302429 430.765076 437.154114 345.166687 244.284348 192.551239 222.717911 311.647919 440.201965 510.000092 440.201965 311.647919 222.717911 192.551239 244.284348 345.166687 437.154114 430.765076 338.302429 245.345367 166.886017 188.145752 239.421967 303.114594 326.878998 291.399933 232.862518 142.524979 152.340393 170.829208 201.548416 222.419266 214.375458 186.298569,
 137.070786 164.191986 213.622330 243.496902 214.822617 163.781525 117.921547 153.151062 203.355850 305.601318 364.858063 294.636719 188.600510 120.594841 153.007278 227.700043 385.746429 483.237183 373.378632 213.567932 128.059189 141.377243 230.045929 412.864410 535.307434 412.864410 230.045929 141.377243 128.059189 213.567932 373.378632 483.237183 385.746429 227.700043 153.007278 120.594841 188.600510 294.636719 364.858063 305.601318 203.355850 153.151062 117.921547 163.781525 214.822617 243.496902 213.622330 164.191986 137.070786,
 182.284927 184.127472 200.895813 238.397430 268.402863 256.267944 210.483444 190.827530 211.109497 264.377502 339.111938 370.951721 322.326172 239.191635 200.448166 264.501099 381.524597 490.359619 483.335693 366.314453 242.558853 220.763580 336.370636 491.982391 573.822998 491.982391 336.370636 220.763580 242.558853 366.314453 483.335693 490.359619 381.524597 264.501099 200.448166 239.191635 322.326172 370.951721 339.111938 264.377502 211.109497 190.827530 210.483444 256.267944 268.402863 238.397430 200.895813 184.127472 182.284927,
 -9.771366 -9.146929 -8.152641 -8.128929 -7.247465 -4.015488 -1.106570 -6.178731 1.774694 11.738121 17.180000 16.956861 14.369839 11.484675 8.632879 27.047871 49.182003 62.519058 58.315617 41.767879 25.326406 27.048412 52.666557 82.695572 97.522682 82.695572 52.666557 27.048412 25.326406 41.767879 58.315617 62.519058 49.182003 27.047871 8.632879 11.484675 14.369839 16.956861 17.180000 11.738121 1.774694 -6.178731 -1.106570 -4.015488 -7.247465 -8.128929 -8.152641 -9.146929 -9.771366,
 9.868141 35.815205 63.134907 57.440498 20.930073 -8.284702 -10.970579 31.642351 62.530251 105.933670 109.483963 62.825916 16.391083 1.404844 46.130039 79.330872 141.348053 163.384918 110.214607 49.019192 24.313053 43.522606 74.300583 143.855392 189.080444 143.855392 74.300583 43.522606 24.313053 49.019192 110.214607 163.384918 141.348053 79.330872 46.130039 1.404844 16.391083 62.825916 109.483963 105.933670 62.530251 31.642351 -10.970579 -8.284702 20.930073 57.440498 63.134907 35.815205 9.868141,
 19.142418 16.106438 32.698803 50.646049 36.801769 20.258121 16.626114 34.332203 33.143272 62.227978 87.418541 59.481876 25.761930 20.483402 40.622066 46.926891 96.108490 134.451569 91.814697 38.265423 27.331059 36.393494 48.818657 110.144058 158.244080 110.144058 48.818657 36.393494 27.331059 38.265423 91.814697 134.451569 96.108490 46.926891 40.622066 20.483402 25.761930 59.481876 87.418541 62.227978 33.143272 34.332203 16.626114 20.258121 36.801769 50.646049 32.698803 16.106438 19.142418,
 18.395975 24.510784 28.837151 24.996494 11.340515 -1.064344 -2.967564 13.330401 26.871923 45.784901 57.817078 49.415241 27.159685 9.644507 12.353240 37.064110 75.884209 104.882416 91.466499 50.041496 16.211151 15.349230 51.070480 103.040794 132.208740 103.040794 51.070480 15.349230 16.211151 50.041496 91.466499 104.882416 75.884209 37.064110 12.353240 9.644507 27.159685 49.415241 57.817078 45.784901 26.871923 13.330401 -2.967564 -1.064344 11.340515 24.996494 28.837151 24.510784 18.395975,

Pairwise cross-correlations of the modulus of all oriented sub-bands at the same scale (size QxQ)
 172.024048 116.198059 64.540733 113.710815,
 116.198059 177.003174 109.298912 66.742798,
 64.540733 109.298912 165.705139 113.304359,
 113.710815 66.742798 113.304359 173.666122,
 482.043518 368.916107 321.604187 398.286255,
 368.916107 467.051666 366.996948 348.798370,
 321.604187 366.996948 473.096344 389.240204,
 398.286255 348.798370 389.240204 527.149475,
 472.972900 332.692230 278.797546 374.169617,
 332.692230 510.000122 357.310089 309.051666,
 278.797546 357.310089 535.307434 399.434937,
 374.169617 309.051666 399.434937 573.822998,
 97.522690 68.761902 48.898491 68.365288,
 68.761902 189.080444 128.938461 79.549812,
 48.898491 128.938461 158.244110 72.255234,
 68.365288 79.549812 72.255234 132.208755,

Cross-correlations of the modulus of all oriented sub-bands with all oriented sub-bands at the coarser scale (size QxQ)
 242.972351 195.350784 152.496552 208.761581,
 203.367737 244.074036 196.489014 172.405746,
 156.233643 191.300964 237.298782 209.087662,
 204.929642 163.345139 200.288742 258.073730,
 346.881592 312.548920 300.143890 354.758423,
 302.835205 341.383606 337.571686 309.643890,
 277.747986 340.926300 388.343262 348.483826,
 309.026245 284.575500 353.943024 405.565857,
 77.916962 120.328712 133.505157 82.408768,
 62.455273 132.998810 116.954376 91.309074,
 71.751968 99.789658 124.464081 107.632088,
 81.309677 117.299660 149.401718 128.710617,

Cross-correlations of the real part of each oriented sub-band with both the real and imaginary part of all phase-doubled oriented sub-bands at the next coarser scale (Q matrices of size 1x2Q, which are computed and stored in a matrix of size Qx2Q)
 108.264313 45.407242 5.554348 50.672684 2.163587 0.612425 0.028072 -1.658001,
 46.509125 102.753487 44.271259 4.816610 0.859195 2.003469 1.189392 -1.416789,
 4.757754 43.942898 104.619301 53.543087 0.112285 0.983873 -2.052799 -3.127887,
 48.831375 4.315719 52.165802 116.037018 1.045538 0.141460 -2.153392 -2.171390,
 -150.416168 -66.634857 -9.343968 -69.111862 -1.182991 2.158959 0.298875 -6.418612,
 -64.768646 -161.194550 -82.560371 -9.630220 10.163013 -6.038240 0.691408 1.253831,
 -9.259665 -78.140114 -187.895309 -82.839279 2.501601 -4.414075 -1.311786 -2.010741,
 -70.536728 -8.396083 -83.970108 -160.704361 -1.800761 0.495837 -1.636971 -15.037346,
 -56.371399 -9.591871 -8.416933 -49.656586 -33.023785 -1.652384 5.416356 2.130026,
 -11.025570 -48.723732 -47.132473 -3.510441 -18.425129 37.267334 20.097183 -1.364521,
 -4.471518 -49.955776 -73.127937 -57.979908 0.255219 32.615868 -7.464889 -1.362881,
 -38.354538 -5.287096 -33.572525 -129.754395 -7.605480 2.770551 -6.448449 4.767510,
