Low-band skewness and kurtosis
 -2.146843 5.966386,
 -2.220911 6.823659,
 -1.527091 4.410774,
 -1.126642 4.173515,
 -0.581368 2.404385,

High-band variance
 156.664032,

Skewness, kurtosis, variance, mean, maximum and minimum of the reconstructed texture
 -2.132256 5.699946 6786.371582 221.009216 255.000000 0.000000,

Auto-correlations of the low-frequency bands at each scale
 2259.541260 2958.666992 3456.333740 3627.666504 3428.935791 2940.035156 2274.823975 2852.017822 3768.312744 4527.039551 4824.626953 4485.780762 3717.973389 2823.801514 3250.922852 4422.334473 5548.419434 6040.124512 5519.427246 4382.745605 3221.548828 3382.321777 4676.434570 5993.813477 6595.443359 5993.813477 4676.434570 3382.321777 3221.548828 4382.745605 5519.427246 6040.124512 5548.419434 4422.334473 3250.922852 2823.801514 3717.973389 4485.780762 4824.626953 4527.039551 3768.312744 2852.017822 2274.823975 2940.035156 3428.935791 3627.666504 3456.333740 2958.666992 2259.541260,
 475.303406 451.895813 727.063477 1018.998657 1019.786255 840.936218 755.819885 499.846741 1030.569946 2043.811401 2614.021484 2111.201172 1126.486938 577.239685 585.988892 1874.177246 3892.306152 4913.485352 3858.507324 1836.367188 570.431030 630.757080 2277.982910 4794.791016 6074.215820 4794.791016 2277.982910 630.757080 570.431030 1836.367188 3858.507324 4913.485352 3892.306152 1874.177246 585.988892 577.239685 1126.486938 2111.201172 2614.021484 2043.811401 1030.569946 499.846741 755.819885 840.936218 1019.786255 1018.998657 727.063477 451.895813 475.303406,
 738.584717 546.266907 150.012817 230.597229 615.395264 781.071960 614.419800 582.341675 374.399353 371.051880 725.608704 770.750244 636.086182 576.746948 348.571136 426.853088 1611.753540 2646.007812 1792.827026 514.342651 289.616486 180.127487 549.511841 2535.195801 3957.807617 2535.195801 549.511841 180.127487 289.616486 514.342651 1792.827026 2646.007812 1611.753540 426.853088 348.571136 576.746948 636.086182 770.750244 725.608704 371.051880 374.399353 582.341675 614.419800 781.071960 615.395264 230.597229 150.012817 546.266907 738.584717,
 141.162384 212.622757 350.070007 408.951935 315.932922 179.120438 206.098633 272.857910 225.804337 353.476440 478.832214 329.501953 160.318344 326.791931 266.702026 283.565460 791.578613 1218.280884 810.073120 254.447906 333.527832 267.286621 337.126465 1156.980591 1764.542969 1156.980591 337.126465 267.286621 333.527832 254.447906 810.073120 1218.280884 791.578613 283.565460 266.702026 326.791931 160.318344 329.501953 478.832214 353.476440 225.804337 272.857910 206.098633 179.120438 315.932922 408.951935 350.070007 212.622757 141.162384,
 -435.603760 -252.033386 -128.764923 -119.580627 -137.668884 -178.460724 -317.049683 -253.839508 -73.624954 134.145233 213.033112 156.947083 78.709961 -53.494102 -33.420418 147.535919 452.832275 621.979309 481.140625 271.250000 118.534737 115.854309 296.349518 622.607666 826.208252 622.607666 296.349518 115.854309 118.534737 271.250000 481.140625 621.979309 452.832275 147.535919 -33.420418 -53.494102 78.709961 156.947083 213.033112 134.145233 -73.624954 -253.839508 -317.049683 -178.460724 -137.668884 -119.580627 -128.764923 -252.033386 -435.603760,

Auto-correlations of the modulus of each oriented sub-band
 67.940041 77.992409 87.381630 91.588776 88.586586 80.506966 71.816017 89.828049 104.522575 118.032135 124.025856 119.599564 107.629478 94.392853 111.964859 130.939377 148.222855 155.647675 149.362717 133.123947 115.060440 122.802574 143.528656 162.394714 170.192703 162.394714 143.528656 122.802574 115.060440 133.123947 149.362717 155.647675 148.222855 130.939377 111.964859 94.392853 107.629478 119.599564 124.025856 118.032135 104.522575 89.828049 71.816017 80.506966 88.586586 91.588776 87.381630 77.992409 67.940041,
 98.205338 103.285652 104.785599 100.234589 89.201324 73.608635 56.557907 103.395020 119.670372 130.998566 131.014221 118.133606 96.272621 71.578644 103.793961 130.437103 151.825150 157.516510 143.787613 116.929604 86.290680 97.824081 129.747421 157.181046 168.547394 157.181046 129.747421 97.824081 86.290680 116.929604 143.787613 157.516510 151.825150 130.437103 103.793961 71.578644 96.272621 118.133606 131.014221 130.998566 119.670372 103.395020 56.557907 73.608635 89.201324 100.234589 104.785599 103.285652 98.205338,
 56.174908 77.381355 97.729202 107.010895 99.248947 80.386101 60.151600 64.939476 91.266541 116.700058 128.203445 117.511475 93.091919 67.791039 73.363747 103.847313 133.648865 147.311203 133.957031 104.679893 74.882866 77.332779 109.179565 140.580338 155.153091 140.580338 109.179565 77.332779 74.882866 104.679893 133.957031 147.311203 133.648865 103.847313 73.363747 67.791039 93.091919 117.511475 128.203445 116.700058 91.266541 64.939476 60.151600 80.386101 99.248947 107.010895 97.729202 77.381355 56.174908,
 61.615822 79.529541 96.192223 108.564484 114.704491 114.423004 109.171288 78.151764 103.748795 126.342041 139.995087 140.983459 130.277603 113.450562 94.087296 125.773979 153.156128 167.228729 161.986877 140.679153 113.153214 106.528053 139.531219 167.286240 178.639481 167.286240 139.531219 106.528053 113.153214 140.679153 161.986877 167.228729 153.156128 125.773979 94.087296 113.450562 130.277603 140.983459 139.995087 126.342041 103.748795 78.151764 109.171288 114.423004 114.704491 108.564484 96.192223 79.529541 61.615822,
 165.745499 179.696686 190.106445 194.623779 190.747589 179.277435 162.847641 234.504074 267.819946 294.257111 305.175385 294.632782 267.536560 232.277573 311.928986 371.936859 421.127930 441.289856 420.900269 371.170563 310.051422 346.752380 421.395233 483.964142 510.139923 483.964142 421.395233 346.752380 310.051422 371.170563 420.900269 441.289856 421.127930 371.936859 311.928986 232.277573 267.536560 294.632782 305.175385 294.257111 267.819946 234.504074 162.847641 179.277435 190.747589 194.623779 190.106445 179.696686 165.745499,
 233.782806 253.768768 242.681717 205.428650 158.128464 116.524384 87.795074 266.129059 316.989014 330.899200 297.203064 230.591034 161.239014 109.825043 258.029510 343.414917 402.048706 397.346436 327.422729 233.090683 153.171356 211.247681 308.346619 402.851654 445.104736 402.851654 308.346619 211.247681 153.171356 233.090683 327.422729 397.346436 402.048706 343.414917 258.029510 109.825043 161.239014 230.591034 297.203064 330.899200 316.989014 266.129059 87.795074 116.524384 158.128464 205.428650 242.681717 253.768768 233.782806,
 111.732414 164.168060 236.586685 281.945618 259.872040 187.300873 115.565468 123.060341 194.162094 290.672180 347.581726 310.651306 213.059586 125.668510 131.576569 220.603149 338.839111 404.297058 350.757812 231.418945 132.994873 135.356964 235.021637 362.990417 428.244507 362.990417 235.021637 135.356964 132.994873 231.418945 350.757812 404.297058 338.839111 220.603149 131.576569 125.668510 213.059586 310.651306 347.581726 290.672180 194.162094 123.060341 115.565468 187.300873 259.872040 281.945618 236.586685 164.168060 111.732414,
 96.520485 130.554352 187.409164 253.060425 298.824646 302.991852 265.192963 124.148621 190.404419 278.692871 358.656311 391.721741 363.666504 291.737061 176.020813 275.489136 386.773102 462.964355 461.573944 387.816223 283.139191 237.903412 354.262054 462.921204 509.690308 462.921204 354.262054 237.903412 283.139191 387.816223 461.573944 462.964355 386.773102 275.489136 176.020813 291.737061 363.666504 391.721741 358.656311 278.692871 190.404419 124.148621 265.192963 302.991852 298.824646 253.060425 187.409164 130.554352 96.520485,
 104.408180 132.695160 149.408875 146.479538 131.536285 112.579903 90.045036 154.159912 192.750641 214.572830 208.992096 180.058762 138.490082 93.269012 200.153061 279.552002 350.928711 373.173828 327.229065 237.266724 145.250198 201.848267 319.966675 440.807251 495.641785 440.807251 319.966675 201.848267 145.250198 237.266724 327.229065 373.173828 350.928711 279.552002 200.153061 93.269012 138.490082 180.058762 208.992096 214.572830 192.750641 154.159912 90.045036 112.579903 131.536285 146.479538 149.408875 132.695160 104.408180,
 185.263901 215.997009 215.757095 189.888855 165.513962 145.140411 123.751785 220.309937 299.057861 350.726196 326.780457 256.876587 190.921875 141.555481 232.215210 355.017059 478.638397 496.897888 392.327179 264.726349 173.082184 211.005264 338.628174 499.108215 583.383606 499.108215 338.628174 211.005264 173.082184 264.726349 392.327179 496.897888 478.638397 355.017059 232.215210 141.555481 190.921875 256.876587 326.780457 350.726196 299.057861 220.309937 123.751785 145.140411 165.513962 189.888855 215.757095 215.997009 185.263901,
 89.332649 131.191513 179.652054 205.938721 178.892563 135.628098 104.175682 101.862206 155.697754 241.764877 296.157776 236.305862 150.244476 104.743416 107.001877 172.436920 300.793671 389.069275 293.406097 164.927399 106.420059 107.490982 174.765015 322.399353 431.434357 322.399353 174.765015 107.490982 106.420059 164.927399 293.406097 389.069275 300.793671 172.436920 107.001877 104.743416 150.244476 236.305862 296.157776 241.764877 155.697754 101.862206 104.175682 135.628098 178.892563 205.938721 179.652054 131.191513 89.332649,
 136.316559 178.725052 204.871246 213.386612 200.830170 157.367508 106.302864 137.344559 189.782867 247.086349 301.977844 303.392883 226.810760 134.860031 135.042511 215.332367 335.951263 438.513763 413.095856 275.661713 148.172974 140.978119 261.137512 426.856812 515.954590 426.856812 261.137512 140.978119 148.172974 275.661713 413.095856 438.513763 335.951263 215.332367 135.042511 134.860031 226.810760 303.392883 301.977844 247.086349 189.782867 137.344559 106.302864 157.367508 200.830170 213.386612 204.871246 178.725052 136.316559,
 17.497143 22.995289 35.428570 45.691605 46.916004 38.275623 24.673351 51.774830 60.950264 73.428581 79.631577 74.782661 61.605392 47.394680 75.271156 96.733894 119.353981 129.834702 121.074211 98.950188 76.305412 91.354279 124.640320 158.294678 173.140610 158.294678 124.640320 91.354279 76.305412 98.950188 121.074211 129.834702 119.353981 96.733894 75.271156 47.394680 61.605392 74.782661 79.631577 73.428581 60.950264 51.774830 24.673351 38.275623 46.916004 45.691605 35.428570 22.995289 17.497143,
 38.674686 39.847061 41.164162 35.407501 21.077629 11.792889 19.521217 49.542664 66.579651 84.333496 77.159081 43.742939 17.269566 21.258104 44.004223 79.136772 128.882477 137.639908 88.294083 34.865936 21.913731 30.539141 63.833286 132.608902 173.489899 132.608902 63.833286 30.539141 21.913731 34.865936 88.294083 137.639908 128.882477 79.136772 44.004223 21.258104 17.269566 43.742939 77.159081 84.333496 66.579651 49.542664 19.521217 11.792889 21.077629 35.407501 41.164162 39.847061 38.674686,
 11.902590 12.048039 32.604263 53.479084 39.310577 5.659976 -15.904583 16.865417 27.084238 65.471428 100.425476 74.017891 22.250940 -6.462776 17.556124 37.346840 94.333824 141.949646 100.826393 35.047691 4.413954 13.198381 40.423607 108.533272 159.450745 108.533272 40.423607 13.198381 4.413954 35.047691 100.826393 141.949646 94.333824 37.346840 17.556124 -6.462776 22.250940 74.017891 100.425476 65.471428 27.084238 16.865417 -15.904583 5.659976 39.310577 53.479084 32.604263 12.048039 11.902590,
 18.033138 12.820687 14.022319 18.844738 21.565495 19.486181 14.385799 19.047319 21.034580 36.930275 55.065369 56.361801 40.103458 24.651815 21.889261 36.033745 71.581543 103.538773 93.861420 56.528877 30.252317 28.342882 54.052315 102.081520 131.251404 102.081520 54.052315 28.342882 30.252317 56.528877 93.861420 103.538773 71.581543 36.033745 21.889261 24.651815 40.103458 56.361801 55.065369 36.930275 21.034580 19.047319 14.385799 19.486181 21.565495 18.844738 14.022319 12.820687 18.033138,

Pairwise cross-correlations of the modulus of all oriented sub-bands at the same scale (size QxQ)
 170.192688 107.323929 55.003357 114.664864,
 107.323929 168.547394 102.084549 61.926319,
 55.003357 102.084549 155.153076 107.951454,
 114.664864 61.926319 107.951454 178.639465,
 510.139984 370.512573 309.255035 384.308960,
 370.512573 445.104767 341.229065 327.738281,
 309.255035 341.229065 428.244537 374.400452,
 384.308960 327.738281 374.400452 509.690369,
 495.641846 387.472565 267.983826 325.281372,
 387.472565 583.383667 338.328949 307.371307,
 267.983826 338.328949 431.434387 346.974823,
 325.281372 307.371307 346.974823 515.954590,
 173.140625 100.017273 47.945267 71.580414,
 100.017273 173.489883 88.589165 61.612041,
 47.945267 88.589165 159.450745 75.009636,
 71.580414 61.612041 75.009636 131.251389,

Cross-correlations of the modulus of all oriented sub-bands with all oriented sub-bands at the coarser scale (size QxQ)
 252.180679 182.732605 139.970169 203.454697,
 203.762985 235.522095 181.102310 165.514786,
 150.354019 178.443939 217.793518 198.452698,
 210.928238 156.809097 189.574646 260.594696,
 364.030609 366.670410 291.382996 349.807831,
 299.333923 379.403320 304.299408 288.454376,
 263.355927 341.373352 304.403168 291.199188,
 316.052246 334.205536 305.979858 368.419525,
 118.023582 119.283936 90.128708 80.765327,
 102.455750 163.639862 136.423798 89.227249,
 94.035522 128.658478 113.702103 86.551025,
 134.210037 143.219299 126.288094 104.053825,

Cross-correlations of the real part of each oriented sub-band with both the real and imaginary part of all phase-doubled oriented sub-bands at the next coarser scale (Q matrices of size 1x2Q, which are computed and stored in a matrix of size Qx2Q)
 112.830673 44.908909 3.885894 55.734184 0.037578 3.442587 -0.382777 0.145082,
 44.540581 91.278473 34.309147 5.000402 2.470562 3.179542 0.438729 -0.064247,
 4.377816 35.814838 89.529694 47.675545 0.020018 -0.151068 -2.922006 -0.565008,
 53.332699 4.525208 45.291805 118.614838 -2.297106 0.577780 -2.905929 -0.012406,
 -203.189194 -99.181427 -16.209116 -92.415733 -14.967819 0.699387 -0.799105 2.151983,
 -101.158653 -208.065765 -85.350975 -9.647871 0.523735 24.686892 -6.753151 2.455778,
 -15.025392 -85.348190 -165.672546 -88.310593 2.977157 10.268665 -9.800577 8.310840,
 -92.260727 -10.773602 -80.061897 -206.095535 -5.380463 -3.014161 -1.178019 6.536198,
 -111.032913 -54.188965 -2.587813 -35.262844 -59.278107 -38.553146 2.716202 17.676865,
 -61.700294 -113.921326 -19.048447 -4.428430 -44.786873 -9.080914 -5.110573 -2.464517,
 -8.313186 -39.079124 -50.253365 -32.719620 -0.864193 6.857179 -23.196121 14.332598,
 -41.906086 -2.994697 -26.576141 -74.939819 -5.893349 -6.663735 -3.719910 48.466835,
