Low-band skewness and kurtosis
 -2.245655 6.370537,
 -2.290433 7.008761,
 -1.852386 5.492773,
 -1.508050 4.710546,
 -1.226423 3.424418,

High-band variance
 138.335724,

Skewness, kurtosis, variance, mean, maximum and minimum of the reconstructed texture
 -2.232369 6.126531 6523.747070 222.934692 255.000000 0.000000,

Auto-correlations of the low-frequency bands at each scale
 2823.904053 3305.387207 3670.526367 3834.608398 3759.134766 3473.369629 3034.311279 3352.837646 4009.689941 4583.257324 4838.229004 4630.707520 4108.340332 3485.050049 3735.364014 4607.329590 5477.270996 5875.408203 5494.400879 4650.024902 3800.045166 3898.475098 4869.806641 5884.539062 6354.817383 5884.539062 4869.806641 3898.475098 3800.045166 4650.024902 5494.400879 5875.408203 5477.270996 4607.329590 3735.364014 3485.050049 4108.340332 4630.707520 4838.229004 4583.257324 4009.689941 3352.837646 3034.311279 3473.369629 3759.134766 3834.608398 3670.526367 3305.387207 2823.904053,
 1325.737671 1325.582764 1500.632690 1717.334717 1786.814575 1706.375732 1533.905396 1550.169067 1867.262939 2541.698730 3002.896484 2776.752930 2157.230225 1655.150269 1800.912720 2672.561035 4118.163574 4919.008301 4226.936035 2791.778809 1803.531616 1902.828125 3104.043213 4948.558594 5898.360352 4948.558594 3104.043213 1902.828125 1803.531616 2791.778809 4226.936035 4919.008301 4118.163574 2672.561035 1800.912720 1655.150269 2157.230225 2776.752930 3002.896484 2541.698730 1867.262939 1550.169067 1533.905396 1706.375732 1786.814575 1717.334717 1500.632690 1325.582764 1325.737671,
 1025.139893 1007.663086 1025.231934 1149.138184 1078.815674 929.534180 997.905640 1128.081177 1011.371704 1191.146240 1524.018555 1365.113037 1085.610229 1127.005493 1220.567261 1395.504517 2360.244385 3162.883301 2503.161377 1462.245972 1200.442017 1277.631104 1735.901367 3264.067383 4305.377930 3264.067383 1735.901367 1277.631104 1200.442017 1462.245972 2503.161377 3162.883301 2360.244385 1395.504517 1220.567261 1127.005493 1085.610229 1365.113037 1524.018555 1191.146240 1011.371704 1128.081177 997.905640 929.534180 1078.815674 1149.138184 1025.231934 1007.663086 1025.139893,
 332.736511 817.329468 877.294006 718.261230 769.975891 1102.422974 1146.081299 398.146667 783.787170 1005.940430 978.423706 853.988403 935.130310 993.689514 498.440857 819.235657 1524.311401 1911.628418 1466.072144 886.648254 729.131165 627.558594 966.553406 1964.259888 2596.864746 1964.259888 966.553406 627.558594 729.131165 886.648254 1466.072144 1911.628418 1524.311401 819.235657 498.440857 993.689514 935.130310 853.988403 978.423706 1005.940430 783.787170 398.146667 1146.081299 1102.422974 769.975891 718.261230 877.294006 817.329468 332.736511,
 -600.715393 -544.073303 -340.245911 -119.284180 -46.425781 -142.962769 -317.808777 -602.614746 -332.903320 145.329559 542.996399 580.683228 260.373047 -189.155121 -482.435120 79.482483 822.695312 1290.170776 1144.546631 518.097656 -179.610916 -304.976379 446.317657 1262.457642 1628.584717 1262.457642 446.317657 -304.976379 -179.610916 518.097656 1144.546631 1290.170776 822.695312 79.482483 -482.435120 -189.155121 260.373047 580.683228 542.996399 145.329559 -332.903320 -602.614746 -317.808777 -142.962769 -46.425781 -119.284180 -340.245911 -544.073303 -600.715393,

Auto-correlations of the modulus of each oriented sub-band
 76.189743 82.989876 89.000168 91.173813 88.135208 81.334404 74.026108 89.578110 100.826530 110.995232 115.129700 110.883278 100.411934 88.801666 103.908424 120.139397 134.908463 141.091629 135.229416 120.481651 104.075951 110.699371 129.386475 146.445267 153.500183 146.445267 129.386475 110.699371 104.075951 120.481651 135.229416 141.091629 134.908463 120.139397 103.908424 88.801666 100.411934 110.883278 115.129700 110.995232 100.826530 89.578110 74.026108 81.334404 88.135208 91.173813 89.000168 82.989876 76.189743,
 99.026833 103.584763 105.786217 103.713684 97.411201 88.877319 80.218666 104.241852 116.752281 126.143112 126.942909 118.203110 103.923195 89.099380 106.589256 126.440041 143.552948 148.448456 137.918304 118.306053 97.842384 104.344208 127.163559 148.503494 157.780792 148.503494 127.163559 104.344208 97.842384 118.306053 137.918304 148.448456 143.552948 126.440041 106.589256 89.099380 103.923195 118.203110 126.942909 126.143112 116.752281 104.241852 80.218666 88.877319 97.411201 103.713684 105.786217 103.584763 99.026833,
 76.524109 89.731544 104.248894 111.601059 106.197243 92.089897 77.563339 83.060890 100.911186 120.546249 130.427994 122.434082 103.160927 84.084740 89.531189 111.825996 136.121094 148.177124 137.343567 113.282722 90.253433 92.524918 116.899193 143.037506 155.619324 143.037506 116.899193 92.524918 90.253433 113.282722 137.343567 148.177124 136.121094 111.825996 89.531189 84.084740 103.160927 122.434082 130.427994 120.546249 100.911186 83.060890 77.563339 92.089897 106.197243 111.601059 104.248894 89.731544 76.524109,
 81.185120 92.070602 101.968124 108.704773 110.542862 107.551743 101.776794 91.065605 108.719597 125.066307 134.720978 133.450241 122.109703 106.727669 100.298470 124.385193 146.830704 158.556702 152.793869 132.846954 109.062309 106.850876 133.820465 158.304855 168.710144 158.304855 133.820465 106.850876 109.062309 132.846954 152.793869 158.556702 146.830704 124.385193 100.298470 106.727669 122.109703 133.450241 134.720978 125.066307 108.719597 91.065605 101.776794 107.551743 110.542862 108.704773 101.968124 92.070602 81.185120,
 188.709305 199.949570 207.733505 208.987000 203.333511 194.272232 185.130966 228.396072 249.576202 266.338928 270.983124 261.328430 243.816711 225.640945 275.855988 313.412079 345.768677 357.284607 340.930725 307.441559 271.913422 296.767212 343.521729 386.645325 405.280243 386.645325 343.521729 296.767212 271.913422 307.441559 340.930725 357.284607 345.768677 313.412079 275.855988 225.640945 243.816711 261.328430 270.983124 266.338928 249.576202 228.396072 185.130966 194.272232 203.333511 208.987000 207.733505 199.949570 188.709305,
 294.390717 312.020996 312.575226 296.794434 272.524323 247.683411 225.937958 319.510284 357.244171 374.699738 361.369965 325.208588 284.503021 250.591217 325.505310 382.937195 427.043427 430.433899 389.636322 331.633118 280.870422 309.887146 372.472107 434.799744 462.924622 434.799744 372.472107 309.887146 280.870422 331.633118 389.636322 430.433899 427.043427 382.937195 325.505310 250.591217 284.503021 325.208588 361.369965 374.699738 357.244171 319.510284 225.937958 247.683411 272.524323 296.794434 312.575226 312.020996 294.390717,
 215.786133 249.754791 293.317352 314.195831 291.085846 247.360626 212.749878 226.313828 270.237122 329.987762 359.245514 325.448761 265.542236 222.599380 232.606186 285.328674 361.335144 401.237122 357.900574 281.988220 230.325394 234.026642 290.052185 373.255920 419.801331 373.255920 290.052185 234.026642 230.325394 281.988220 357.900574 401.237122 361.335144 285.328674 232.606186 222.599380 265.542236 325.448761 359.245514 329.987762 270.237122 226.313828 212.749878 247.360626 291.085846 314.195831 293.317352 249.754791 215.786133,
 172.994904 204.319458 239.115326 270.532532 287.242584 281.359924 257.079559 195.844330 237.736969 286.876221 329.665070 342.523804 317.413361 272.897614 224.858047 280.310852 346.285217 394.470764 388.419617 334.944153 272.226318 253.836121 319.939697 391.342957 425.775208 391.342957 319.939697 253.836121 272.226318 334.944153 388.419617 394.470764 346.285217 280.310852 224.858047 272.897614 317.413361 342.523804 329.665070 286.876221 237.736969 195.844330 257.079559 281.359924 287.242584 270.532532 239.115326 204.319458 172.994904,
 65.446846 86.049904 108.664848 127.710098 136.615814 133.940811 124.415337 129.077454 168.393738 203.392792 222.148926 216.756866 189.912018 151.701080 204.356216 276.424530 339.635132 367.098694 344.466492 283.345978 208.238785 239.148743 331.747620 413.319580 447.525391 413.319580 331.747620 239.148743 208.238785 283.345978 344.466492 367.098694 339.635132 276.424530 204.356216 151.701080 189.912018 216.756866 222.148926 203.392792 168.393738 129.077454 124.415337 133.940811 136.615814 127.710098 108.664848 86.049904 65.446846,
 182.919205 216.246780 229.845764 225.514557 206.467346 184.036850 167.820969 222.324661 290.701843 330.872040 315.481689 261.500153 204.604721 162.115707 229.244064 332.906128 428.221069 437.265991 352.125854 250.487320 173.820694 203.279404 308.270355 435.333923 503.700592 435.333923 308.270355 203.279404 173.820694 250.487320 352.125854 437.265991 428.221069 332.906128 229.244064 162.115707 204.604721 261.500153 315.481689 330.872040 290.701843 222.324661 167.820969 184.036850 206.467346 225.514557 229.845764 216.246780 182.919205,
 176.054886 217.971634 283.335754 326.671997 300.950806 242.772873 208.565048 194.684250 257.007690 357.330139 418.207642 367.618958 273.794861 217.374527 209.604080 291.297760 424.609863 503.695862 429.425537 300.226654 221.269913 218.947083 308.359131 454.636658 541.074707 454.636658 308.359131 218.947083 221.269913 300.226654 429.425537 503.695862 424.609863 291.297760 209.604080 217.374527 273.794861 367.618958 418.207642 357.330139 257.007690 194.684250 208.565048 242.772873 300.950806 326.671997 283.335754 217.971634 176.054886,
 89.424019 91.870796 110.114998 152.073212 184.108917 175.500671 138.291687 87.972382 108.757736 166.426910 239.459991 268.734619 228.992752 160.286591 96.445763 157.056671 262.441467 353.815857 349.000305 255.594879 155.349106 124.790321 222.996552 350.524414 416.355225 350.524414 222.996552 124.790321 155.349106 255.594879 349.000305 353.815857 262.441467 157.056671 96.445763 160.286591 228.992752 268.734619 239.459991 166.426910 108.757736 87.972382 138.291687 175.500671 184.108917 152.073212 110.114998 91.870796 89.424019,
 -4.647778 13.656873 28.942553 39.241272 44.065842 44.829380 42.407017 -8.620241 13.573219 35.304928 50.364159 53.694340 46.119476 32.478455 13.890553 44.816368 77.429680 96.704369 90.962868 66.013908 36.214176 46.587605 86.864090 127.118500 145.384018 127.118500 86.864090 46.587605 36.214176 66.013908 90.962868 96.704369 77.429680 44.816368 13.890553 32.478455 46.119476 53.694340 50.364159 35.304928 13.573219 -8.620241 42.407017 44.829380 44.065842 39.241272 28.942553 13.656873 -4.647778,
 9.504321 45.309078 63.710510 59.802979 48.163895 39.619236 31.091766 20.913967 72.178589 108.969772 107.107880 78.775482 49.234940 28.798012 32.050575 90.520828 146.995636 157.969803 119.203148 67.603745 29.932434 34.424843 87.904625 152.639496 184.534973 152.639496 87.904625 34.424843 29.932434 67.603745 119.203148 157.969803 146.995636 90.520828 32.050575 28.798012 49.234940 78.775482 107.107880 108.969772 72.178589 20.913967 31.091766 39.619236 48.163895 59.802979 63.710510 45.309078 9.504321,
 20.636261 80.580902 124.698990 142.036957 127.998276 103.696701 69.285263 40.916389 111.904381 174.996460 204.263733 177.526459 132.167007 83.304710 57.900612 135.770096 217.817459 262.266907 221.213486 149.435898 83.057426 72.531830 149.739029 237.159363 287.206238 237.159363 149.739029 72.531830 83.057426 149.435898 221.213486 262.266907 217.817459 135.770096 57.900612 83.304710 132.167007 177.526459 204.263733 174.996460 111.904381 40.916389 69.285263 103.696701 127.998276 142.036957 124.698990 80.580902 20.636261,
 -18.027084 16.025482 43.976673 76.697845 113.343185 133.706482 119.627289 -0.953979 36.747566 83.142090 136.770004 172.476730 161.925415 109.358307 15.670107 72.382469 145.086807 207.007019 214.028976 158.704376 79.236343 43.068768 121.274063 202.877167 240.900665 202.877167 121.274063 43.068768 79.236343 158.704376 214.028976 207.007019 145.086807 72.382469 15.670107 109.358307 161.925415 172.476730 136.770004 83.142090 36.747566 -0.953979 119.627289 133.706482 113.343185 76.697845 43.976673 16.025482 -18.027084,

Pairwise cross-correlations of the modulus of all oriented sub-bands at the same scale (size QxQ)
 153.500214 109.413071 69.043510 112.075775,
 109.413071 157.780792 106.880005 75.084450,
 69.043510 106.880005 155.619354 112.213051,
 112.075775 75.084450 112.213051 168.710175,
 405.280273 343.018738 286.335846 323.740326,
 343.018738 462.924622 359.787415 320.655334,
 286.335846 359.787415 419.801361 333.930420,
 323.740326 320.655334 333.930420 425.775238,
 447.525421 346.785400 304.722900 315.909790,
 346.785400 503.700592 386.595947 264.086182,
 304.722900 386.595947 541.074707 364.146393,
 315.909790 264.086182 364.146393 416.355255,
 145.384033 62.800713 45.295727 133.883392,
 62.800713 184.534973 183.616516 108.637726,
 45.295727 183.616516 287.206268 123.932701,
 133.883392 108.637726 123.932701 240.900696,

Cross-correlations of the modulus of all oriented sub-bands with all oriented sub-bands at the coarser scale (size QxQ)
 213.389206 189.234940 148.008286 183.677414,
 187.609497 232.684525 187.152283 157.122086,
 145.028687 191.956192 219.890961 186.489090,
 184.564301 167.714569 188.286392 234.015198,
 338.142517 315.614746 305.172760 274.594147,
 316.269562 389.117676 367.346161 258.127319,
 278.677490 305.873383 373.920807 260.902893,
 304.018127 301.379089 355.805634 323.163666,
 159.413742 148.584091 146.485046 228.369995,
 155.337601 163.283447 164.520477 212.511154,
 142.515900 177.513641 216.497803 223.493256,
 124.756294 116.662796 149.174698 199.173538,

Cross-correlations of the real part of each oriented sub-band with both the real and imaginary part of all phase-doubled oriented sub-bands at the next coarser scale (Q matrices of size 1x2Q, which are computed and stored in a matrix of size Qx2Q)
 87.058380 36.217003 3.703249 40.557785 4.152881 0.451881 -0.843597 0.329737,
 37.293152 74.592339 30.297646 3.797821 -0.176751 -3.844610 -2.833080 0.035231,
 4.305232 31.200655 73.524841 40.384483 0.152284 -4.114747 -3.649669 0.349744,
 40.601955 3.668769 37.378666 91.731133 3.077281 -0.112869 -1.275851 0.935910,
 -79.016815 -21.057184 -2.122474 -36.778652 27.154705 10.703871 1.866731 0.831801,
 -31.559725 -61.241276 -21.297777 -1.949912 8.704248 14.822437 4.631014 1.276260,
 -5.918918 -34.593895 -63.458187 -41.484821 2.372058 3.024481 8.501658 5.082738,
 -41.898411 -3.369172 -37.521561 -92.856888 15.227314 1.120728 5.376512 4.547685,
 -89.473618 -49.358711 -2.617195 -23.951571 2.486794 -11.835651 1.673218 4.279275,
 -47.256760 -81.462509 -12.657792 0.704472 10.935530 -63.095757 -11.594118 5.470718,
 -3.313913 -29.242111 -14.895610 -30.040651 0.768370 -39.445507 9.657440 9.877202,
 -26.113253 -5.075300 -11.710563 -69.764465 -3.906902 -0.581096 19.965208 3.350660,
