Low-band skewness and kurtosis
 -2.143866 5.951171,
 -2.208465 6.748407,
 -1.519002 4.281143,
 -1.188196 4.066448,
 -1.033536 3.481373,

High-band variance
 158.128479,

Skewness, kurtosis, variance, mean, maximum and minimum of the reconstructed texture
 -2.130219 5.688780 6802.438477 220.936829 255.000000 0.000000,

Auto-correlations of the low-frequency bands at each scale
 2410.960449 2970.031494 3345.571777 3463.239014 3281.592285 2851.513428 2281.249512 3059.813965 3838.586426 4478.081055 4724.434570 4419.063477 3744.303223 2974.826172 3511.863525 4560.953613 5575.963379 6017.769531 5537.078613 4505.137207 3469.215576 3664.000000 4841.783203 6053.734375 6610.396484 6053.734375 4841.783203 3664.000000 3469.215576 4505.137207 5537.078613 6017.769531 5575.963379 4560.953613 3511.863525 2974.826172 3744.303223 4419.063477 4724.434570 4478.081055 3838.586426 3059.813965 2281.249512 2851.513428 3281.592285 3463.239014 3345.571777 2970.031494 2410.960449,
 488.346954 646.978149 818.813416 814.853943 594.939270 437.841766 524.717834 645.971741 1214.309692 2043.758667 2403.228027 1876.646362 1077.196411 748.570129 1013.492432 2197.185303 3961.208984 4834.782227 3892.543945 2158.208252 1111.471436 1251.907104 2712.049072 4929.284180 6067.477051 4929.284180 2712.049072 1251.907104 1111.471436 2158.208252 3892.543945 4834.782227 3961.208984 2197.185303 1013.492432 748.570129 1077.196411 1876.646362 2403.228027 2043.758667 1214.309692 645.971741 524.717834 437.841766 594.939270 814.853943 818.813416 646.978149 488.346954,
 626.096313 561.265869 785.170410 1045.682373 1004.095459 847.012939 734.931274 428.591064 264.614075 600.038818 909.993835 635.605469 400.167480 542.416992 423.050446 532.282837 1743.689697 2605.770020 1774.862061 722.889404 683.404663 709.474182 1038.600952 2790.907715 4010.700928 2790.907715 1038.600952 709.474182 683.404663 722.889404 1774.862061 2605.770020 1743.689697 532.282837 423.050446 542.416992 400.167480 635.605469 909.993835 600.038818 264.614075 428.591064 734.931274 847.012939 1004.095459 1045.682373 785.170410 561.265869 626.096313,
 66.096680 281.912872 365.015625 568.084351 723.017456 633.881836 493.725037 266.259003 368.444275 526.184326 830.352051 855.208984 659.892761 574.541626 402.173859 532.326294 960.041687 1395.701172 1147.388062 713.646362 612.217041 543.662903 721.585571 1327.239258 1788.052734 1327.239258 721.585571 543.662903 612.217041 713.646362 1147.388062 1395.701172 960.041687 532.326294 402.173859 574.541626 659.892761 855.208984 830.352051 526.184326 368.444275 266.259003 493.725037 633.881836 723.017456 568.084351 365.015625 281.912872 66.096680,
 -490.229248 -489.213013 -356.353882 -150.621033 5.918137 31.821609 -111.432205 -502.912964 -353.105042 -19.258286 313.896881 460.996338 369.273804 44.427185 -395.269531 -32.182709 512.475281 886.706726 832.379700 472.281311 2.511627 -188.725220 308.179047 885.796265 1166.875122 885.796265 308.179047 -188.725220 2.511627 472.281311 832.379700 886.706726 512.475281 -32.182709 -395.269531 44.427185 369.273804 460.996338 313.896881 -19.258286 -353.105042 -502.912964 -111.432205 31.821609 5.918137 -150.621033 -356.353882 -489.213013 -490.229248,

Auto-correlations of the modulus of each oriented sub-band
 64.920609 73.220123 81.023262 84.335953 81.234413 73.421326 64.968216 85.881493 99.060486 111.236160 116.401176 111.709885 99.676804 86.318001 104.893837 123.379379 140.360153 147.459900 140.709061 123.843887 105.194466 112.987366 134.143982 153.609711 161.681213 153.609711 134.143982 112.987366 105.194466 123.843887 140.709061 147.459900 140.360153 123.379379 104.893837 86.318001 99.676804 111.709885 116.401176 111.236160 99.060486 85.881493 64.968216 73.421326 81.234413 84.335953 81.023262 73.220123 64.920609,
 97.926178 104.039215 106.534126 103.886810 95.525551 82.554794 67.499054 103.903603 120.952621 133.020462 134.487885 123.806961 104.316055 81.692879 106.394302 133.009201 154.515869 160.904358 148.572693 123.448044 94.531876 103.344833 134.263062 160.841034 171.851746 160.841034 134.263062 103.344833 94.531876 123.448044 148.572693 160.904358 154.515869 133.009201 106.394302 81.692879 104.316055 123.806961 134.487885 133.020462 120.952621 103.903603 67.499054 82.554794 95.525551 103.886810 106.534126 104.039215 97.926178,
 73.668266 97.066856 118.555855 127.821220 118.581200 96.506264 72.981606 82.494118 110.532745 136.899445 148.411224 136.553040 109.461288 81.106239 90.324867 122.570160 153.500671 167.372314 153.175476 121.762009 89.273369 93.103653 127.148026 160.153503 175.230957 160.153503 127.148026 93.103653 89.273369 121.762009 153.175476 167.372314 153.500671 122.570160 90.324867 81.106239 109.461288 136.553040 148.411224 136.899445 110.532745 82.494118 72.981606 96.506264 118.581200 127.821220 118.555855 97.066856 73.668266,
 84.130142 98.265579 110.725677 119.159569 122.248856 120.440079 115.671051 98.546158 120.453720 139.534805 150.072647 148.602707 136.865067 121.006271 111.600792 139.994049 164.839706 176.971024 170.407028 149.096893 123.352608 120.412971 150.752380 177.118546 188.097214 177.118546 150.752380 120.412971 123.352608 149.096893 170.407028 176.971024 164.839706 139.994049 111.600792 121.006271 136.865067 148.602707 150.072647 139.534805 120.453720 98.546158 115.671051 120.440079 122.248856 119.159569 110.725677 98.265579 84.130142,
 149.696716 157.168777 162.515015 163.845291 159.166046 149.415695 138.843109 206.192764 229.354782 249.267838 257.115936 247.155502 223.914139 198.379623 275.765045 321.811035 363.558929 381.768738 364.497833 321.821350 274.813263 309.838928 368.216980 421.871643 444.972107 421.871643 368.216980 309.838928 274.813263 321.821350 364.497833 381.768738 363.558929 321.811035 275.765045 198.379623 223.914139 247.155502 257.115936 249.267838 229.354782 206.192764 138.843109 149.415695 159.166046 163.845291 162.515015 157.168777 149.696716,
 208.401672 243.914459 249.211639 221.428909 176.643677 136.726501 113.750526 233.807953 298.902954 331.539001 308.883972 244.258362 174.389832 126.549126 228.528564 319.798157 393.617218 399.373840 330.381866 234.081482 157.178741 197.221466 293.148041 394.065186 440.581207 394.065186 293.148041 197.221466 157.178741 234.081482 330.381866 399.373840 393.617218 319.798157 228.528564 126.549126 174.389832 244.258362 308.883972 331.539001 298.902954 233.807953 113.750526 136.726501 176.643677 221.428909 249.211639 243.914459 208.401672,
 145.222778 223.731033 307.018982 345.685425 312.226624 235.871231 164.637146 160.683044 255.433411 357.960907 404.951721 358.942291 259.884766 171.384827 172.126312 280.611633 402.380035 459.340668 401.498138 280.990906 176.511444 177.435730 290.150635 420.335632 483.091187 420.335632 290.150635 177.435730 176.511444 280.990906 401.498138 459.340668 402.380035 280.611633 172.126312 171.384827 259.884766 358.942291 404.951721 357.960907 255.433411 160.683044 164.637146 235.871231 312.226624 345.685425 307.018982 223.731033 145.222778,
 166.385025 202.281143 246.016602 290.606873 323.437134 331.729248 310.588196 185.283279 240.593521 310.313843 372.595978 399.056641 378.394897 325.622986 220.347763 300.705139 395.558838 462.726837 460.092041 394.249695 309.578918 267.838806 363.051727 460.934021 505.689728 460.934021 363.051727 267.838806 309.578918 394.249695 460.092041 462.726837 395.558838 300.705139 220.347763 325.622986 378.394897 399.056641 372.595978 310.313843 240.593521 185.283279 310.588196 331.729248 323.437134 290.606873 246.016602 202.281143 166.385025,
 110.576813 157.306641 191.346497 201.772827 190.866455 172.891113 159.266022 145.166153 206.626816 257.710052 276.966309 259.416290 223.834915 192.543320 206.890915 296.547241 381.441956 416.072754 380.690857 305.813721 236.495132 252.489868 354.510956 461.027283 509.433380 461.027283 354.510956 252.489868 236.495132 305.813721 380.690857 416.072754 381.441956 296.547241 206.890915 192.543320 223.834915 259.416290 276.966309 257.710052 206.626816 145.166153 159.266022 172.891113 190.866455 201.772827 191.346497 157.306641 110.576813,
 104.539413 127.630905 150.410889 154.108368 145.772217 144.751266 157.483963 141.353729 197.911621 239.284729 222.381714 172.557556 136.022156 131.058685 159.634735 258.050110 360.829102 363.414307 264.892212 166.835251 120.747833 141.042343 234.108109 375.456848 454.838379 375.456848 234.108109 141.042343 120.747833 166.835251 264.892212 363.414307 360.829102 258.050110 159.634735 131.058685 136.022156 172.557556 222.381714 239.284729 197.911621 141.353729 157.483963 144.751266 145.772217 154.108368 150.410889 127.630905 104.539413,
 160.572128 188.315918 274.944611 358.249084 363.392792 322.643616 288.811401 206.231934 263.743042 397.265411 497.870178 457.571503 357.354370 296.043579 249.433701 333.413666 507.348755 623.960754 537.501587 380.357819 294.043060 279.686340 375.319519 561.215088 677.058350 561.215088 375.319519 279.686340 294.043060 380.357819 537.501587 623.960754 507.348755 333.413666 249.433701 296.043579 357.354370 457.571503 497.870178 397.265411 263.743042 206.231934 288.811401 322.643616 363.392792 358.249084 274.944611 188.315918 160.572128,
 103.054047 141.253082 184.693283 219.698639 236.747391 231.404419 210.793274 142.616638 180.491898 234.215805 295.840393 322.421417 289.419586 235.122070 174.547943 227.525208 328.216095 430.228180 427.485565 328.244446 236.620941 209.129211 295.510315 432.377258 512.919006 432.377258 295.510315 209.129211 236.620941 328.244446 427.485565 430.228180 328.216095 227.525208 174.547943 235.122070 289.419586 322.421417 295.840393 234.215805 180.491898 142.616638 210.793274 231.404419 236.747391 219.698639 184.693283 141.253082 103.054047,
 -1.128005 7.860924 20.328133 31.574461 33.218189 25.118759 15.482445 10.877007 26.995762 51.096237 70.368553 67.105659 45.547955 23.356087 18.533981 52.675808 98.954620 128.292633 113.307129 68.968857 26.550022 24.411539 74.019829 133.604095 163.352661 133.604095 74.019829 24.411539 26.550022 68.968857 113.307129 128.292633 98.954620 52.675808 18.533981 23.356087 45.547955 67.105659 70.368553 51.096237 26.995762 10.877007 15.482445 25.118759 33.218189 31.574461 20.328133 7.860924 -1.128005,
 -24.624805 -3.706568 19.644320 30.151947 30.468100 24.897783 10.505863 -8.453568 17.299810 45.112789 48.557640 34.859013 22.440821 9.276875 1.156259 33.347862 76.393875 84.451965 51.964603 20.205162 3.581164 1.365114 28.368643 77.648453 107.341454 77.648453 28.368643 1.365114 3.581164 20.205162 51.964603 84.451965 76.393875 33.347862 1.156259 9.276875 22.440821 34.859013 48.557640 45.112789 17.299810 -8.453568 10.505863 24.897783 30.468100 30.151947 19.644320 -3.706568 -24.624805,
 -3.589978 0.829795 11.494540 16.960098 10.622209 2.918668 4.029918 2.288748 11.085030 31.947283 43.224480 30.127729 11.605576 7.654291 7.527715 21.238308 54.519787 74.121109 53.332310 21.288563 9.492904 9.594953 25.392323 64.495552 89.230927 64.495552 25.392323 9.594953 9.492904 21.288563 53.332310 74.121109 54.519787 21.238308 7.527715 7.654291 11.605576 30.127729 43.224480 31.947283 11.085030 2.288748 4.029918 2.918668 10.622209 16.960098 11.494540 0.829795 -3.589978,
 4.857360 6.067524 5.906817 12.763290 20.518883 19.120199 11.233308 10.355236 10.232081 15.887050 29.727386 36.518238 25.815495 13.532455 12.808262 17.209290 36.188683 61.125423 58.438103 31.617172 15.124205 14.099016 27.014660 59.089275 81.448868 59.089275 27.014660 14.099016 15.124205 31.617172 58.438103 61.125423 36.188683 17.209290 12.808262 13.532455 25.815495 36.518238 29.727386 15.887050 10.232081 10.355236 11.233308 19.120199 20.518883 12.763290 5.906817 6.067524 4.857360,

Pairwise cross-correlations of the modulus of all oriented sub-bands at the same scale (size QxQ)
 161.681244 108.569534 56.619213 113.129883,
 108.569534 171.851776 113.149734 68.554314,
 56.619213 113.149734 175.231003 118.286369,
 113.129883 68.554314 118.286369 188.097260,
 444.972168 350.249634 322.830994 360.678375,
 350.249634 440.581299 370.109375 298.096161,
 322.830994 370.109375 483.091248 374.089508,
 360.678375 298.096161 374.089508 505.689819,
 509.433350 345.749664 319.074341 353.712769,
 345.749664 454.838409 395.064880 284.384766,
 319.074341 395.064880 677.058472 425.889587,
 353.712769 284.384766 425.889587 512.919067,
 163.352692 87.153801 34.989399 66.218773,
 87.153801 107.341446 50.632156 33.739151,
 34.989399 50.632156 89.230927 44.263485,
 66.218773 33.739151 44.263485 81.448868,

Cross-correlations of the modulus of all oriented sub-bands with all oriented sub-bands at the coarser scale (size QxQ)
 230.096161 182.879654 155.211639 188.995728,
 195.233398 239.699112 206.865417 155.429626,
 150.368835 190.025864 249.996567 198.509323,
 201.130615 156.591476 214.716949 267.110413,
 341.395264 287.002930 338.159973 343.379150,
 325.590454 335.997040 374.936066 293.621094,
 304.051544 299.391418 429.520325 347.274017,
 325.697937 268.656921 399.472809 397.207092,
 132.380676 99.855682 82.213730 99.220032,
 97.062828 102.992622 91.693817 67.859436,
 88.214142 95.438675 128.000549 104.368759,
 100.450577 81.713043 103.172638 100.480568,

Cross-correlations of the real part of each oriented sub-band with both the real and imaginary part of all phase-doubled oriented sub-bands at the next coarser scale (Q matrices of size 1x2Q, which are computed and stored in a matrix of size Qx2Q)
 103.734322 40.075562 5.489315 53.025970 -1.749148 -1.220287 0.825582 0.231360,
 41.353188 97.739868 46.546242 4.202134 -3.075887 0.241563 5.594451 -0.163743,
 5.303463 47.509346 100.426674 47.038963 -1.031463 2.396593 4.585243 -1.476153,
 51.847244 4.532110 44.660503 116.093643 -0.169782 0.289536 -1.455159 -0.281413,
 -187.640686 -84.714088 -9.402225 -81.162720 -10.721774 -7.706601 -1.582664 5.913060,
 -81.578026 -188.129486 -73.551613 -14.010241 -9.797241 -2.145135 -5.858939 0.743298,
 -9.119185 -88.955368 -159.556412 -83.729881 -0.369414 5.154250 -13.888483 -5.291188,
 -86.968971 -12.607822 -74.887802 -168.866150 -2.960413 0.470483 -5.515049 1.610511,
 -74.173340 -30.417645 -1.073496 -54.386959 44.569572 -5.010079 0.984225 -5.878814,
 -26.136690 -70.807983 -52.509693 -8.067521 13.288611 -5.425714 -6.593409 -4.283442,
 -4.863973 -51.619568 -92.463516 -25.567951 -0.998572 1.430909 -23.074545 8.055829,
 -42.938690 -10.023166 -21.568977 -76.138329 15.795292 -0.785865 -5.163980 14.043833,
