Low-band skewness and kurtosis
 -2.077124 5.647067,
 -2.138525 6.372031,
 -1.544569 4.461661,
 -1.482239 4.814537,
 -0.893488 2.695986,

High-band variance
 157.404846,

Skewness, kurtosis, variance, mean, maximum and minimum of the reconstructed texture
 -2.065920 5.413869 7020.766113 219.651794 255.000000 0.000000,

Auto-correlations of the low-frequency bands at each scale
 2716.229248 3313.891113 3732.706543 3882.570312 3705.454590 3217.254395 2505.531982 3257.714111 4082.164307 4778.220215 5060.011719 4740.544434 3988.504639 3085.517334 3633.192383 4732.160156 5802.214844 6272.186523 5766.752930 4662.468750 3527.171387 3733.991699 4977.549805 6247.875000 6829.772461 6247.875000 4977.549805 3733.991699 3527.171387 4662.468750 5766.752930 6272.186523 5802.214844 4732.160156 3633.192383 3085.517334 3988.504639 4740.544434 5060.011719 4778.220215 4082.164307 3257.714111 2505.531982 3217.254395 3705.454590 3882.570312 3732.706543 3313.891113 2716.229248,
 1256.959351 1307.252441 1411.701904 1468.219727 1242.069336 864.790588 710.291138 1194.830078 1664.777832 2480.293945 2909.464844 2342.847656 1307.660400 751.334900 1209.792969 2371.359375 4214.783203 5155.625000 4112.212891 2125.634766 901.070740 1129.300415 2675.650879 5082.767578 6317.212891 5082.767578 2675.650879 1129.300415 901.070740 2125.634766 4112.212891 5155.625000 4214.783203 2371.359375 1209.792969 751.334900 1307.660400 2342.847656 2909.464844 2480.293945 1664.777832 1194.830078 710.291138 864.790588 1242.069336 1468.219727 1411.701904 1307.252441 1256.959351,
 572.573608 861.652771 1030.874512 803.000366 557.180176 747.475403 843.291626 766.260986 805.381592 1210.856079 1220.009644 642.705444 601.568848 1019.097900 823.008179 957.710205 2290.182861 3055.395020 1871.231201 769.843018 982.099976 869.979126 1038.370239 2915.442871 4302.607422 2915.442871 1038.370239 869.979126 982.099976 769.843018 1871.231201 3055.395020 2290.182861 957.710205 823.008179 1019.097900 601.568848 642.705444 1220.009644 1210.856079 805.381592 766.260986 843.291626 747.475403 557.180176 803.000366 1030.874512 861.652771 572.573608,
 315.793579 294.764954 437.292023 530.620972 441.390228 275.906921 44.682755 544.305054 543.279785 744.163635 838.020020 547.533997 226.481323 64.262115 618.538696 778.835815 1310.278076 1629.268921 1139.963623 482.187836 202.435242 461.074036 804.277283 1624.143921 2158.350098 1624.143921 804.277283 461.074036 202.435242 482.187836 1139.963623 1629.268921 1310.278076 778.835815 618.538696 64.262115 226.481323 547.533997 838.020020 744.163635 543.279785 544.305054 44.682755 275.906921 441.390228 530.620972 437.292023 294.764954 315.793579,
 -246.369492 -265.434723 -289.411987 -276.637787 -357.525879 -486.564178 -480.995422 38.711212 103.672073 223.271179 296.443909 47.591034 -289.085510 -326.401306 173.998672 351.300232 750.523010 973.763306 562.460388 8.017639 -112.679214 108.405685 311.631561 917.542603 1314.098511 917.542603 311.631561 108.405685 -112.679214 8.017639 562.460388 973.763306 750.523010 351.300232 173.998672 -326.401306 -289.085510 47.591034 296.443909 223.271179 103.672073 38.711212 -480.995422 -486.564178 -357.525879 -276.637787 -289.411987 -265.434723 -246.369492,

Auto-correlations of the modulus of each oriented sub-band
 69.307251 75.474930 81.800186 84.572998 81.840179 75.080048 67.888565 88.835693 99.875671 110.369682 114.616402 109.825310 98.488083 86.297058 107.908142 124.652008 140.145737 146.399536 139.570572 123.418121 105.968414 115.713257 135.530533 153.964752 161.684814 153.964752 135.530533 115.713257 105.968414 123.418121 139.570572 146.399536 140.145737 124.652008 107.908142 86.297058 98.488083 109.825310 114.616402 110.369682 99.875671 88.835693 67.888565 75.080048 81.840179 84.572998 81.800186 75.474930 69.307251,
 104.895393 109.610725 108.989746 102.244949 90.591278 76.281654 61.310265 107.625755 123.689545 133.488144 131.287842 117.101860 96.059479 74.035378 105.736938 131.943756 152.837723 157.360138 142.374680 115.649796 87.180817 98.574020 129.266418 156.784622 168.452133 156.784622 129.266418 98.574020 87.180817 115.649796 142.374680 157.360138 152.837723 131.943756 105.736938 74.035378 96.059479 117.101860 131.287842 133.488144 123.689545 107.625755 61.310265 76.281654 90.591278 102.244949 108.989746 109.610725 104.895393,
 64.378632 84.501457 103.945854 111.880463 101.873421 80.186684 58.150757 71.569412 96.560364 121.240746 131.812164 119.672188 93.323181 66.909866 78.044868 107.307053 136.750656 149.971893 135.902908 105.560562 75.531059 79.912025 111.113968 142.795563 157.467255 142.795563 111.113968 79.912025 75.531059 105.560562 135.902908 149.971893 136.750656 107.307053 78.044868 66.909866 93.323181 119.672188 131.812164 121.240746 96.560364 71.569412 58.150757 80.186684 101.873421 111.880463 103.945854 84.501457 64.378632,
 64.230438 77.497589 91.116188 102.112381 107.839165 107.501083 102.907440 78.582565 99.520859 119.749306 133.027908 134.178391 123.535233 107.586746 92.219528 119.855087 145.819229 160.175507 155.077072 133.871597 107.974030 102.683701 132.780334 159.973297 171.602173 159.973297 132.780334 102.683701 107.974030 133.871597 155.077072 160.175507 145.819229 119.855087 92.219528 107.586746 123.535233 134.178391 133.027908 119.749306 99.520859 78.582565 102.907440 107.501083 107.839165 102.112381 91.116188 77.497589 64.230438,
 174.853668 177.427948 180.601990 182.930695 182.266968 178.298981 172.121185 230.350372 253.974579 274.767853 285.252411 280.415985 262.515778 237.933014 300.067780 349.563995 392.642609 412.551239 399.432953 360.314545 310.665131 339.487762 401.983093 454.894104 476.701355 454.894104 401.983093 339.487762 310.665131 360.314545 399.432953 412.551239 392.642609 349.563995 300.067780 237.933014 262.515778 280.415985 285.252411 274.767853 253.974579 230.350372 172.121185 178.298981 182.266968 182.930695 180.601990 177.427948 174.853668,
 264.141235 292.352600 280.498962 233.131012 173.069946 124.625046 100.755157 290.017151 355.913940 377.703979 339.306274 260.075562 179.524948 126.403580 275.954376 374.858185 445.999512 443.318420 364.541016 258.116241 172.315063 229.177826 335.310364 441.676819 489.215576 441.676819 335.310364 229.177826 172.315063 258.116241 364.541016 443.318420 445.999512 374.858185 275.954376 126.403580 179.524948 260.075562 339.306274 377.703979 355.913940 290.017151 100.755157 124.625046 173.069946 233.131012 280.498962 292.352600 264.141235,
 145.262466 212.856262 283.004395 304.650665 253.881470 176.074799 127.234116 149.054672 233.967773 330.387360 368.128235 307.172821 205.037933 135.278091 150.047073 247.598175 367.605194 422.527588 353.999786 230.883362 141.836594 147.317413 247.005463 377.869995 445.292084 377.869995 247.005463 147.317413 141.836594 230.883362 353.999786 422.527588 367.605194 247.598175 150.047073 135.278091 205.037933 307.172821 368.128235 330.387360 233.967773 149.054672 127.234116 176.074799 253.881470 304.650665 283.004395 212.856262 145.262466,
 117.422485 135.592102 169.303497 213.040192 250.087433 262.921631 246.376404 137.450089 180.954147 243.693665 306.391052 338.618225 323.701904 273.643433 177.297318 250.162720 337.461060 402.678833 406.000854 348.323120 266.730713 227.943787 318.471130 407.193054 446.723450 407.193054 318.471130 227.943787 266.730713 348.323120 406.000854 402.678833 337.461060 250.162720 177.297318 273.643433 323.701904 338.618225 306.391052 243.693665 180.954147 137.450089 246.376404 262.921631 250.087433 213.040192 169.303497 135.592102 117.422485,
 155.849731 178.708618 199.008804 203.099335 187.736496 161.785004 136.910583 189.091156 225.658310 264.168762 282.881195 268.157166 226.248276 177.658752 247.473434 327.550476 410.942444 451.864319 419.554382 331.524292 234.848862 270.835388 387.789429 503.589447 554.412476 503.589447 387.789429 270.835388 234.848862 331.524292 419.554382 451.864319 410.942444 327.550476 247.473434 177.658752 226.248276 268.157166 282.881195 264.168762 225.658310 189.091156 136.910583 161.785004 187.736496 203.099335 199.008804 178.708618 155.849731,
 86.122284 135.925400 158.617172 136.153091 98.271500 68.898544 52.030949 107.193390 177.479095 233.360962 213.032639 149.271088 100.832977 74.882172 127.296249 216.700424 326.275574 339.032471 244.334045 147.010635 99.269180 121.262238 201.522446 334.751587 411.656372 334.751587 201.522446 121.262238 99.269180 147.010635 244.334045 339.032471 326.275574 216.700424 127.296249 74.882172 100.832977 149.271088 213.032639 233.360962 177.479095 107.193390 52.030949 68.898544 98.271500 136.153091 158.617172 135.925400 86.122284,
 61.464943 113.814507 190.569016 223.384796 172.248123 104.026970 74.085350 67.141052 129.264496 249.456070 319.835266 247.615402 138.730499 91.174530 77.814888 152.825241 314.245331 417.818298 317.662628 163.516922 95.726952 89.286163 168.455887 345.824463 462.038940 345.824463 168.455887 89.286163 95.726952 163.516922 317.662628 417.818298 314.245331 152.825241 77.814888 91.174530 138.730499 247.615402 319.835266 249.456070 129.264496 67.141052 74.085350 104.026970 172.248123 223.384796 190.569016 113.814507 61.464943,
 125.295166 140.312027 152.283722 168.225082 181.698792 177.769943 149.902100 116.306320 145.739044 202.396515 274.422424 312.690399 278.647919 200.319290 125.861099 201.004059 325.519531 439.052612 442.985596 332.481171 204.409164 165.465576 290.582703 449.639374 530.918945 449.639374 290.582703 165.465576 204.409164 332.481171 442.985596 439.052612 325.519531 201.004059 125.861099 200.319290 278.647919 312.690399 274.422424 202.396515 145.739044 116.306320 149.902100 177.769943 181.698792 168.225082 152.283722 140.312027 125.295166,
 28.530300 35.819412 32.950203 23.222984 14.539375 11.930487 13.065548 45.126659 66.613037 73.573151 60.414589 35.541672 14.965107 7.561707 43.270859 79.378296 108.979630 108.905563 75.621475 33.861481 8.650253 25.517889 65.003746 113.283264 136.611115 113.283264 65.003746 25.517889 8.650253 33.861481 75.621475 108.905563 108.979630 79.378296 43.270859 7.561707 14.965107 35.541672 60.414589 73.573151 66.613037 45.126659 13.065548 11.930487 14.539375 23.222984 32.950203 35.819412 28.530300,
 -19.127975 -16.524525 -12.003991 -2.835097 14.265807 27.957394 26.462093 0.547829 12.208174 22.386339 18.696426 13.952833 18.406734 21.278734 19.633137 42.748135 73.266037 73.942551 44.869831 22.105862 15.277538 20.412937 42.297146 84.119202 110.536606 84.119202 42.297146 20.412937 15.277538 22.105862 44.869831 73.942551 73.266037 42.748135 19.633137 21.278734 18.406734 13.952833 18.696426 22.386339 12.208174 0.547829 26.462093 27.957394 14.265807 -2.835097 -12.003991 -16.524525 -19.127975,
 -30.948851 -9.658985 23.954906 46.679016 46.718067 30.202068 8.223642 -21.169357 9.019983 57.007179 89.518837 81.853600 47.324242 13.566018 -4.261145 36.581039 102.320419 143.850235 120.292038 61.758209 16.125772 10.534190 59.133080 132.004242 171.742188 132.004242 59.133080 10.534190 16.125772 61.758209 120.292038 143.850235 102.320419 36.581039 -4.261145 13.566018 47.324242 81.853600 89.518837 57.007179 9.019983 -21.169357 8.223642 30.202068 46.718067 46.679016 23.954906 -9.658985 -30.948851,
 2.841837 20.729889 38.672752 55.624195 60.921944 41.027702 6.129968 8.176882 26.733944 51.711571 82.003922 88.186653 54.321476 12.214733 12.415862 36.299065 79.741318 124.646927 117.424820 63.536568 17.292469 15.222103 52.672699 114.371887 151.263550 114.371887 52.672699 15.222103 17.292469 63.536568 117.424820 124.646927 79.741318 36.299065 12.415862 12.214733 54.321476 88.186653 82.003922 51.711571 26.733944 8.176882 6.129968 41.027702 60.921944 55.624195 38.672752 20.729889 2.841837,

Pairwise cross-correlations of the modulus of all oriented sub-bands at the same scale (size QxQ)
 161.684830 111.395569 61.302441 108.359810,
 111.395569 168.452148 107.410110 66.245171,
 61.302441 107.410110 157.467224 108.732033,
 108.359810 66.245171 108.732033 171.602158,
 476.701324 389.164795 301.498199 354.652039,
 389.164795 489.215576 358.301758 312.987488,
 301.498199 358.301758 445.292145 350.610840,
 354.652039 312.987488 350.610840 446.723480,
 554.412537 362.690002 296.938751 375.316833,
 362.690002 411.656403 319.718384 275.955566,
 296.938751 319.718384 462.039001 357.490997,
 375.316833 275.955566 357.490997 530.919067,
 136.611115 72.705482 58.710823 73.028656,
 72.705482 110.536606 73.870003 26.922482,
 58.710823 73.870003 171.742203 84.026161,
 73.028656 26.922482 84.026161 151.263550,

Cross-correlations of the modulus of all oriented sub-bands with all oriented sub-bands at the coarser scale (size QxQ)
 235.815948 201.097763 146.985016 184.758026,
 200.284470 246.999084 190.998993 151.424652,
 148.718414 190.198532 226.808701 183.064331,
 196.400253 161.325745 193.886673 241.115509,
 404.318604 301.960541 263.331268 348.070953,
 365.869049 316.642059 289.514374 317.717529,
 297.067688 285.743958 327.125885 342.619110,
 340.499847 247.066528 289.254364 365.563141,
 141.678009 87.850014 113.441620 85.145721,
 73.203026 58.314934 79.368797 59.792625,
 86.057831 58.079830 105.845428 102.511322,
 140.189972 108.430389 134.704041 96.316010,

Cross-correlations of the real part of each oriented sub-band with both the real and imaginary part of all phase-doubled oriented sub-bands at the next coarser scale (Q matrices of size 1x2Q, which are computed and stored in a matrix of size Qx2Q)
 94.731712 48.475483 4.306131 37.540897 0.441333 -0.978511 0.287258 0.375475,
 49.411087 105.266762 42.668415 3.915573 0.167571 -0.701130 1.226854 0.104145,
 4.461071 41.268597 100.784096 47.052273 0.596328 -0.247345 2.404473 0.452648,
 36.433445 3.262600 46.186298 95.583527 1.200350 -0.512223 1.321923 1.381451,
 -153.132492 -67.196907 -9.718892 -67.421341 11.869670 -3.438272 -0.704516 7.474303,
 -70.323509 -169.050827 -84.498085 -6.380812 -1.155853 -10.689972 2.327287 0.104510,
 -5.583237 -78.668343 -214.114304 -97.031067 -4.266462 -3.823468 20.854376 -4.512629,
 -65.677933 -5.998140 -109.456337 -182.459351 -1.958087 2.481779 9.938206 3.123146,
 -81.350357 -0.865869 -7.341018 -33.379818 -70.627205 -13.692120 -3.851053 -4.027145,
 -20.633060 -43.158623 -27.447659 -2.460260 -25.490984 1.806845 2.556321 2.317522,
 -6.188732 -48.284916 -37.509155 -17.440540 1.850301 3.872093 -38.007099 -19.105495,
 -49.931599 -7.190989 -25.570389 -57.063396 -25.386829 -6.747731 -41.469280 -33.787189,
