Low-band skewness and kurtosis
 -2.150169 5.969934,
 -2.214335 6.736845,
 -1.665571 5.007962,
 -1.267470 3.876640,
 -0.969233 2.723424,

High-band variance
 155.300247,

Skewness, kurtosis, variance, mean, maximum and minimum of the reconstructed texture
 -2.137409 5.719250 6783.973145 221.108215 255.000000 0.000000,

Auto-correlations of the low-frequency bands at each scale
 2630.659424 3176.721924 3550.171631 3656.903809 3471.028564 3045.583740 2459.124756 3207.162354 3969.202393 4602.150391 4835.697266 4519.418945 3837.314209 3049.965576 3601.714111 4620.349121 5615.256348 6042.296387 5556.786621 4529.693848 3501.508545 3710.155029 4856.341309 6046.554199 6595.054688 6046.554199 4856.341309 3710.155029 3501.508545 4529.693848 5556.786621 6042.296387 5615.256348 4620.349121 3601.714111 3049.965576 3837.314209 4519.418945 4835.697266 4602.150391 3969.202393 3207.162354 2459.124756 3045.583740 3471.028564 3656.903809 3550.171631 3176.721924 2630.659424,
 886.628296 991.008362 1137.116455 1186.422241 1075.337891 974.999695 1064.671509 1122.652344 1555.758179 2322.320801 2684.926270 2179.865723 1373.647827 1082.764893 1413.155151 2405.197510 4090.733154 4936.845703 3964.841553 2216.900146 1296.244751 1499.617188 2768.643799 4947.727539 6089.313477 4947.727539 2768.643799 1499.617188 1296.244751 2216.900146 3964.841553 4936.845703 4090.733154 2405.197510 1413.155151 1082.764893 1373.647827 2179.865723 2684.926270 2322.320801 1555.758179 1122.652344 1064.671509 974.999695 1075.337891 1186.422241 1137.116455 991.008362 886.628296,
 690.069092 811.408081 695.976501 566.672241 660.124451 950.856079 1019.623291 766.044983 660.686707 807.278870 959.175964 828.841736 885.454163 1114.298584 1033.888794 1080.227173 2054.164795 2797.620361 2086.763428 1278.787964 1327.793091 1350.094238 1561.168823 3011.835938 4091.967285 3011.835938 1561.168823 1350.094238 1327.793091 1278.787964 2086.763428 2797.620361 2054.164795 1080.227173 1033.888794 1114.298584 885.454163 828.841736 959.175964 807.278870 660.686707 766.044983 1019.623291 950.856079 660.124451 566.672241 695.976501 811.408081 690.069092,
 -178.455841 -5.680145 219.271851 497.415466 752.724182 856.377197 764.289185 220.336700 382.693665 509.748413 665.299805 773.367554 794.736633 739.279053 494.834961 838.372986 1239.256592 1501.186523 1327.586670 954.654724 696.380981 657.969482 1126.899536 1775.739990 2136.804688 1775.739990 1126.899536 657.969482 696.380981 954.654724 1327.586670 1501.186523 1239.256592 838.372986 494.834961 739.279053 794.736633 773.367554 665.299805 509.748413 382.693665 220.336700 764.289185 856.377197 752.724182 497.415466 219.271851 -5.680145 -178.455841,
 -409.236145 -604.241028 -602.815674 -352.977386 -21.342133 156.038681 89.883820 -580.826355 -571.437622 -252.925812 236.676804 589.372070 575.364624 206.733810 -587.469604 -188.528336 473.110138 1006.212891 1056.372192 636.143494 1.497406 -357.082947 327.446411 1069.490234 1405.815918 1069.490234 327.446411 -357.082947 1.497406 636.143494 1056.372192 1006.212891 473.110138 -188.528336 -587.469604 206.733810 575.364624 589.372070 236.676804 -252.925812 -571.437622 -580.826355 89.883820 156.038681 -21.342133 -352.977386 -602.815674 -604.241028 -409.236145,

Auto-correlations of the modulus of each oriented sub-band
 68.240280 74.868507 81.285385 84.113922 81.786514 75.818336 69.569473 88.505989 99.606674 109.941589 114.325180 110.375519 100.421585 89.688042 108.403664 124.635239 139.522659 145.697144 139.716171 125.027618 109.062523 117.235901 135.926636 153.230637 160.439728 153.230637 135.926636 117.235901 109.062523 125.027618 139.716171 145.697144 139.522659 124.635239 108.403664 89.688042 100.421585 110.375519 114.325180 109.941589 99.606674 88.505989 69.569473 75.818336 81.786514 84.113922 81.285385 74.868507 68.240280,
 96.562920 102.945320 105.784935 102.963730 94.490288 82.509911 69.856255 101.033974 117.267693 129.446121 130.965576 120.469551 102.404243 82.887047 103.589645 128.280960 149.376144 155.842880 143.729874 120.037354 94.447372 101.729958 129.794968 155.392303 166.338211 155.392303 129.794968 101.729958 94.447372 120.037354 143.729874 155.842880 149.376144 128.280960 103.589645 82.887047 102.404243 120.469551 130.965576 129.446121 117.267693 101.033974 69.856255 82.509911 94.490288 102.963730 105.784935 102.945320 96.562920,
 73.214340 91.003433 108.295898 115.501305 106.409897 87.063705 67.868881 79.772217 103.044235 126.003677 135.930847 124.379211 99.761780 75.494171 85.594589 113.736404 141.941650 154.696625 141.006592 111.875381 83.219009 87.223694 117.480087 148.141342 162.466629 148.141342 117.480087 87.223694 83.219009 111.875381 141.006592 154.696625 141.941650 113.736404 85.594589 75.494171 99.761780 124.379211 135.930847 126.003677 103.044235 79.772217 67.868881 87.063705 106.409897 115.501305 108.295898 91.003433 73.214340,
 81.654945 93.053337 104.337074 113.467773 118.259178 117.939568 114.034752 94.900513 113.443008 131.152283 142.609207 143.184265 133.295914 118.852158 107.223763 132.285065 155.738617 168.517029 163.463501 143.835480 120.108879 116.219131 143.805756 168.772003 179.456802 168.772003 143.805756 116.219131 120.108879 143.835480 163.463501 168.517029 155.738617 132.285065 107.223763 118.852158 133.295914 143.184265 142.609207 131.152283 113.443008 94.900513 114.034752 117.939568 118.259178 113.467773 104.337074 93.053337 81.654945,
 191.311020 206.472885 219.454941 227.292419 228.280624 223.407181 214.924210 271.030029 297.241943 319.141357 329.847687 324.931335 307.079834 282.770386 359.712158 404.332916 442.546021 460.011475 447.329224 411.119354 365.580444 402.550598 458.765778 506.414551 526.144287 506.414551 458.765778 402.550598 365.580444 411.119354 447.329224 460.011475 442.546021 404.332916 359.712158 282.770386 307.079834 324.931335 329.847687 319.141357 297.241943 271.030029 214.924210 223.407181 228.280624 227.292419 219.454941 206.472885 191.311020,
 239.587112 271.595001 273.884735 245.000000 204.455856 174.466553 161.579330 268.144592 322.391449 348.474518 325.791321 269.489471 214.985504 182.179230 274.097260 349.091095 410.218903 413.042908 352.766205 274.538666 216.362335 253.114502 330.098907 414.619324 454.657104 414.619324 330.098907 253.114502 216.362335 274.538666 352.766205 413.042908 410.218903 349.091095 274.097260 182.179230 214.985504 269.489471 325.791321 348.474518 322.391449 268.144592 161.579330 174.466553 204.455856 245.000000 273.884735 271.595001 239.587112,
 185.852188 236.121414 292.373260 321.042358 294.131134 235.005295 185.741562 194.452255 262.757935 344.330872 387.215515 348.529419 265.162964 196.481461 201.328735 284.780792 389.077118 444.322968 392.735382 287.582855 203.632019 205.137131 294.932922 409.008362 468.424255 409.008362 294.932922 205.137131 203.632019 287.582855 392.735382 444.322968 389.077118 284.780792 201.328735 196.481461 265.162964 348.529419 387.215515 344.330872 262.757935 194.452255 185.741562 235.005295 294.131134 321.042358 292.373260 236.121414 185.852188,
 180.950607 203.058487 241.981659 292.345306 336.877472 352.583679 329.328674 210.347748 258.136475 325.669373 392.522461 426.696106 408.279053 349.324738 253.754608 331.150330 423.833405 491.892120 492.886566 428.281799 339.137421 302.289703 398.396942 493.764343 536.669189 493.764343 398.396942 302.289703 339.137421 428.281799 492.886566 491.892120 423.833405 331.150330 253.754608 349.324738 408.279053 426.696106 392.522461 325.669373 258.136475 210.347748 329.328674 352.583679 336.877472 292.345306 241.981659 203.058487 180.950607,
 83.224373 87.177925 89.799530 95.181290 102.973694 110.619347 115.765984 133.056900 159.975708 181.837311 195.114227 194.524384 177.642639 150.197800 202.639618 277.961029 346.366028 376.029053 350.897461 286.625519 212.679108 242.211823 344.829773 443.291840 486.727325 443.291840 344.829773 242.211823 212.679108 286.625519 350.897461 376.029053 346.366028 277.961029 202.639618 150.197800 177.642639 194.524384 195.114227 181.837311 159.975708 133.056900 115.765984 110.619347 102.973694 95.181290 89.799530 87.177925 83.224373,
 130.213989 155.840759 160.956955 142.196518 118.565811 109.946037 111.878922 168.444397 227.219086 270.117279 248.523651 189.103638 148.754730 126.118622 192.982391 273.311554 372.392151 387.495300 296.308289 210.332047 160.225830 189.351959 263.734863 383.158997 458.438812 383.158997 263.734863 189.351959 160.225830 210.332047 296.308289 387.495300 372.392151 273.311554 192.982391 126.118622 148.754730 189.103638 248.523651 270.117279 227.219086 168.444397 111.878922 109.946037 118.565811 142.196518 160.956955 155.840759 130.213989,
 174.436127 227.561234 279.192047 293.527039 269.745087 248.490250 242.590118 199.158447 266.783447 363.814392 404.729523 354.695984 291.021362 259.452667 224.899109 301.924530 437.028107 508.790894 430.761932 318.675934 260.882874 247.737152 322.362335 464.612854 553.876953 464.612854 322.362335 247.737152 260.882874 318.675934 430.761932 508.790894 437.028107 301.924530 224.899109 259.452667 291.021362 354.695984 404.729523 363.814392 266.783447 199.158447 242.590118 248.490250 269.745087 293.527039 279.192047 227.561234 174.436127,
 92.495247 92.526154 104.260880 137.819427 171.587540 183.440460 176.868256 107.719414 122.594650 172.881165 249.263351 285.382568 254.879349 203.496033 142.246719 188.710419 293.052429 400.485931 396.233704 297.168610 210.927170 185.616272 266.312134 401.411438 480.880005 401.411438 266.312134 185.616272 210.927170 297.168610 396.233704 400.485931 293.052429 188.710419 142.246719 203.496033 254.879349 285.382568 249.263351 172.881165 122.594650 107.719414 176.868256 183.440460 171.587540 137.819427 104.260880 92.526154 92.495247,
 4.226774 7.662668 10.842465 16.251648 22.660633 26.020575 23.292479 8.605367 11.443472 17.106956 24.646902 29.340492 28.355768 22.623138 15.612598 26.044886 40.846428 50.697151 46.419731 32.106636 17.277836 18.248789 38.553280 62.587669 74.709953 62.587669 38.553280 18.248789 17.277836 32.106636 46.419731 50.697151 40.846428 26.044886 15.612598 22.623138 28.355768 29.340492 24.646902 17.106956 11.443472 8.605367 23.292479 26.020575 22.660633 16.251648 10.842465 7.662668 4.226774,
 19.921911 28.783819 41.385471 46.277885 41.311802 31.004049 21.571123 34.108715 49.744267 68.937576 70.803673 55.725994 39.805859 27.158369 40.263386 65.866493 102.089371 111.035156 81.931137 49.641792 29.780270 35.359669 62.837234 106.979095 134.563965 106.979095 62.837234 35.359669 29.780270 49.641792 81.931137 111.035156 102.089371 65.866493 40.263386 27.158369 39.805859 55.725994 70.803673 68.937576 49.744267 34.108715 21.571123 31.004049 41.311802 46.277885 41.385471 28.783819 19.921911,
 -32.824814 -8.656387 36.494316 82.627792 102.880867 104.933487 94.957161 -4.570850 29.957821 88.495651 139.081604 141.803909 117.339813 88.325272 27.940140 75.261917 147.327072 198.961517 177.355362 123.301987 76.877991 57.177177 110.792671 183.870285 226.825806 183.870285 110.792671 57.177177 76.877991 123.301987 177.355362 198.961517 147.327072 75.261917 27.940140 88.325272 117.339813 141.803909 139.081604 88.495651 29.957821 -4.570850 94.957161 104.933487 102.880867 82.627792 36.494316 -8.656387 -32.824814,
 10.737441 15.422051 27.151787 45.384205 54.502449 46.179077 28.873619 18.101856 33.255798 57.523380 83.007683 87.899284 63.650620 34.797016 26.326847 52.794991 89.703445 123.760498 115.096848 73.258018 37.931957 34.528553 68.792160 115.582138 144.777328 115.582138 68.792160 34.528553 37.931957 73.258018 115.096848 123.760498 89.703445 52.794991 26.326847 34.797016 63.650620 87.899284 83.007683 57.523380 33.255798 18.101856 28.873619 46.179077 54.502449 45.384205 27.151787 15.422051 10.737441,

Pairwise cross-correlations of the modulus of all oriented sub-bands at the same scale (size QxQ)
 160.439743 109.468994 63.398190 116.492531,
 109.468994 166.338226 108.362167 72.886330,
 63.398190 108.362167 162.466644 114.804611,
 116.492531 72.886330 114.804611 179.456833,
 526.144226 396.135498 347.563324 425.494873,
 396.135498 454.657135 368.187897 344.801208,
 347.563324 368.187897 468.424286 398.375275,
 425.494873 344.801208 398.375275 536.669250,
 486.727417 348.951721 318.521179 375.224701,
 348.951721 458.438843 378.358093 294.426270,
 318.521179 378.358093 553.876953 388.270813,
 375.224701 294.426270 388.270813 480.880066,
 74.709961 71.097565 60.012905 47.135254,
 71.097565 134.563995 109.898323 54.246899,
 60.012905 109.898323 226.825806 119.119331,
 47.135254 54.246899 119.119331 144.777344,

Cross-correlations of the modulus of all oriented sub-bands with all oriented sub-bands at the coarser scale (size QxQ)
 245.874924 191.938736 158.490616 210.050919,
 212.384247 237.508820 200.292191 173.790894,
 165.610046 186.071991 235.952225 205.670441,
 223.555832 169.165298 206.485367 269.259003,
 366.410095 336.510895 345.395966 331.153687,
 327.731567 340.079254 342.045959 279.111481,
 287.094299 320.188568 365.303619 317.882874,
 344.455261 307.303436 375.561890 378.931458,
 70.677231 88.535149 133.748459 114.233139,
 72.852516 108.969391 155.448944 110.801422,
 76.066620 129.047272 196.898407 130.350952,
 77.646042 110.321716 149.515442 129.498596,

Cross-correlations of the real part of each oriented sub-band with both the real and imaginary part of all phase-doubled oriented sub-bands at the next coarser scale (Q matrices of size 1x2Q, which are computed and stored in a matrix of size Qx2Q)
 98.566391 40.707958 3.362514 49.252930 0.586895 -1.230559 -0.453310 -1.455692,
 39.892506 88.583603 37.416073 3.776133 -0.679841 -2.984982 0.368130 -0.645125,
 4.559589 36.403595 94.679398 46.445366 0.079258 -0.921411 -0.198561 -1.077331,
 48.255630 3.235533 44.754612 109.776634 0.591171 -0.543389 -1.703498 -2.314435,
 -106.599869 -32.323547 -8.555683 -60.254856 18.086187 11.884857 0.297018 5.763686,
 -39.717529 -86.463547 -43.923531 -7.430707 10.973012 2.708812 11.992096 5.145209,
 -3.377036 -47.444679 -102.396461 -77.289391 0.397733 0.490887 46.676785 19.391771,
 -52.557644 -5.763906 -55.687325 -153.031082 3.331011 5.133955 20.742424 18.174896,
 -39.091248 -19.994884 -3.501209 -32.795727 2.292230 -9.064734 -3.147528 4.676734,
 -11.720047 -70.089348 -64.094948 -9.034532 -1.073411 -15.127201 -0.679505 6.262602,
 -3.534620 -65.447327 -129.008545 -37.518959 3.215399 -5.280041 43.013248 35.297764,
 -27.482002 -12.388306 -44.708805 -69.234596 11.196625 0.288933 26.397081 32.472160,
