Low-band skewness and kurtosis
 -2.162161 6.023388,
 -2.228761 6.822156,
 -1.614578 4.729202,
 -1.428419 4.687696,
 -1.213610 3.637405,

High-band variance
 151.887177,

Skewness, kurtosis, variance, mean, maximum and minimum of the reconstructed texture
 -2.149559 5.773522 6734.512695 221.352783 255.000000 0.000000,

Auto-correlations of the low-frequency bands at each scale
 2363.744141 3031.805908 3525.575439 3710.068359 3536.301025 3089.521240 2494.209961 2950.729004 3799.182129 4530.941406 4839.953125 4548.716797 3864.083984 3078.480957 3391.640625 4465.807129 5527.895508 6010.094238 5543.809570 4512.088379 3473.653320 3587.640137 4765.020508 5985.818359 6549.275391 5985.818359 4765.020508 3587.640137 3473.653320 4512.088379 5543.809570 6010.094238 5527.895508 4465.807129 3391.640625 3078.480957 3864.083984 4548.716797 4839.953125 4530.941406 3799.182129 2950.729004 2494.209961 3089.521240 3536.301025 3710.068359 3525.575439 3031.805908 2363.744141,
 464.077118 720.558960 1153.208008 1340.083008 1097.528320 804.835449 868.910278 599.238770 1173.457886 2216.983887 2770.442383 2259.658691 1373.083130 1056.459351 972.165161 2054.355957 3930.289062 4930.115234 4000.739258 2236.597168 1293.170776 1305.791260 2616.135254 4863.820801 6041.547852 4863.820801 2616.135254 1305.791260 1293.170776 2236.597168 4000.739258 4930.115234 3930.289062 2054.355957 972.165161 1056.459351 1373.083130 2259.658691 2770.442383 2216.983887 1173.457886 599.238770 868.910278 804.835449 1097.528320 1340.083008 1153.208008 720.558960 464.077118,
 617.863281 437.895264 333.727386 434.342651 560.233704 813.465088 1032.250366 666.614014 393.157349 551.028198 889.177856 828.640747 945.358154 1242.734253 595.290405 723.300720 1829.714111 2755.877441 2083.485596 1253.657227 1173.058960 843.071167 1276.564575 2875.043945 4042.873535 2875.043945 1276.564575 843.071167 1173.058960 1253.657227 2083.485596 2755.877441 1829.714111 723.300720 595.290405 1242.734253 945.358154 828.640747 889.177856 551.028198 393.157349 666.614014 1032.250366 813.465088 560.233704 434.342651 333.727386 437.895264 617.863281,
 181.475723 272.033691 296.367950 384.931305 548.002563 633.911194 493.275818 248.485504 253.921631 327.041992 525.472595 706.619019 799.633301 707.473267 255.816376 421.843018 920.252319 1383.060303 1299.874634 954.483887 689.164673 432.993622 810.269714 1558.415527 2016.919189 1558.415527 810.269714 432.993622 689.164673 954.483887 1299.874634 1383.060303 920.252319 421.843018 255.816376 707.473267 799.633301 706.619019 525.472595 327.041992 253.921631 248.485504 493.275818 633.911194 548.002563 384.931305 296.367950 272.033691 181.475723,
 -508.941589 -471.920593 -336.777161 -145.051758 -3.207077 -26.450363 -203.396713 -458.766083 -324.601654 1.130051 344.455505 458.594177 279.218597 -48.279907 -285.779297 -14.098129 496.622498 895.690186 831.417542 424.261658 10.061813 -89.655228 309.829041 877.727966 1171.716553 877.727966 309.829041 -89.655228 10.061813 424.261658 831.417542 895.690186 496.622498 -14.098129 -285.779297 -48.279907 279.218597 458.594177 344.455505 1.130051 -324.601654 -458.766083 -203.396713 -26.450363 -3.207077 -145.051758 -336.777161 -471.920593 -508.941589,

Auto-correlations of the modulus of each oriented sub-band
 68.488953 77.847702 86.316643 89.895515 86.902534 79.266068 71.013748 92.625031 106.057602 117.917595 122.662018 117.940926 106.382614 93.559616 114.147820 131.917419 147.685379 154.025879 147.584732 131.859863 114.257469 122.942337 142.855988 160.769348 168.125595 160.769348 142.855988 122.942337 114.257469 131.859863 147.584732 154.025879 147.685379 131.917419 114.147820 93.559616 106.382614 117.940926 122.662018 117.917595 106.057602 92.625031 71.013748 79.266068 86.902534 89.895515 86.316643 77.847702 68.488953,
 96.699028 101.332108 102.305077 98.169762 89.050941 76.674286 63.408974 101.899353 117.483704 128.103195 128.175156 116.914413 98.207458 77.539536 103.147636 128.444839 148.819427 154.252991 141.619232 117.271858 90.087837 99.110870 128.620514 154.389801 165.160706 154.389801 128.620514 99.110870 90.087837 117.271858 141.619232 154.252991 148.819427 128.444839 103.147636 77.539536 98.207458 116.914413 128.175156 128.103195 117.483704 101.899353 63.408974 76.674286 89.050941 98.169762 102.305077 101.332108 96.699028,
 56.928440 80.001152 101.875397 111.757324 103.693802 83.563820 61.945827 66.258911 93.902512 120.559326 132.784073 122.305817 97.179077 70.661301 75.360527 106.831108 137.452866 151.589249 138.526627 108.796532 77.950233 79.987534 112.769897 144.682648 159.280487 144.682648 112.769897 79.987534 77.950233 108.796532 138.526627 151.589249 137.452866 106.831108 75.360527 70.661301 97.179077 122.305817 132.784073 120.559326 93.902512 66.258911 61.945827 83.563820 103.693802 111.757324 101.875397 80.001152 56.928440,
 64.943298 81.373383 96.243340 106.252419 109.878426 107.898712 102.562744 80.085800 103.669464 124.583199 136.547028 135.938339 124.450775 108.226700 94.222084 123.566887 149.449783 162.471085 156.555893 135.435089 109.388329 104.621674 135.411957 162.091736 173.153290 162.091736 135.411957 104.621674 109.388329 135.435089 156.555893 162.471085 149.449783 123.566887 94.222084 108.226700 124.450775 135.938339 136.547028 124.583199 103.669464 80.085800 102.562744 107.898712 109.878426 106.252419 96.243340 81.373383 64.943298,
 142.796326 168.051620 195.451706 218.309845 231.688553 236.041306 233.970673 248.698853 290.445251 329.372589 353.846558 356.449310 341.161987 316.536255 359.908844 420.245117 472.723602 498.304871 485.976532 445.348511 393.812469 418.261658 485.533264 542.317566 565.830627 542.317566 485.533264 418.261658 393.812469 445.348511 485.976532 498.304871 472.723602 420.245117 359.908844 316.536255 341.161987 356.449310 353.846558 329.372589 290.445251 248.698853 233.970673 236.041306 231.688553 218.309845 195.451706 168.051620 142.796326,
 199.544281 220.284500 212.219543 180.284241 142.995087 117.826767 110.479393 233.359451 283.608551 301.260132 273.035767 215.920898 162.238800 131.452194 234.505005 311.853302 371.583710 371.002563 307.762238 226.055267 165.495361 205.754868 287.201111 375.402069 416.622009 375.402069 287.201111 205.754868 165.495361 226.055267 307.762238 371.002563 371.583710 311.853302 234.505005 131.452194 162.238800 215.920898 273.035767 301.260132 283.608551 233.359451 110.479393 117.826767 142.995087 180.284241 212.219543 220.284500 199.544281,
 124.050423 183.353302 253.520081 286.801788 255.980988 190.778778 138.774261 141.946243 217.655426 308.064178 350.424744 308.122101 221.646027 151.204666 155.686096 244.570480 353.249146 405.446106 352.421387 246.178482 159.989624 162.065338 255.398895 370.979858 428.428314 370.979858 255.398895 162.065338 159.989624 246.178482 352.421387 405.446106 353.249146 244.570480 155.686096 151.204666 221.646027 308.122101 350.424744 308.064178 217.655426 141.946243 138.774261 190.778778 255.980988 286.801788 253.520081 183.353302 124.050423,
 83.141838 104.753349 141.045898 186.980957 228.130249 247.517761 237.527893 119.524582 161.715973 224.503265 288.981750 325.485626 317.042938 273.905884 171.006866 239.962677 327.211792 394.824646 400.901245 346.496429 270.865784 229.275909 314.799835 403.113220 443.937866 403.113220 314.799835 229.275909 270.865784 346.496429 400.901245 394.824646 327.211792 239.962677 171.006866 273.905884 317.042938 325.485626 288.981750 224.503265 161.715973 119.524582 237.527893 247.517761 228.130249 186.980957 141.045898 104.753349 83.141838,
 69.535370 81.478912 89.361526 99.303284 109.832108 115.221725 115.604004 110.414230 148.904800 177.806320 191.251556 188.041367 171.819199 149.163162 179.486389 261.610474 338.550537 368.469360 335.194824 266.738037 198.433655 220.515442 321.332581 427.075195 476.271790 427.075195 321.332581 220.515442 198.433655 266.738037 335.194824 368.469360 338.550537 261.610474 179.486389 149.163162 171.819199 188.041367 191.251556 177.806320 148.904800 110.414230 115.604004 115.221725 109.832108 99.303284 89.361526 81.478912 69.535370,
 134.683746 156.487732 150.501907 129.178070 112.591965 102.958069 98.440208 177.689865 248.775558 282.032745 248.184036 192.032043 149.179459 119.563156 189.040024 293.131409 404.379059 407.019470 305.612396 207.443222 149.825912 175.381912 266.474274 408.303314 491.512939 408.303314 266.474274 175.381912 149.825912 207.443222 305.612396 407.019470 404.379059 293.131409 189.040024 119.563156 149.179459 192.032043 248.184036 282.032745 248.775558 177.689865 98.440208 102.958069 112.591965 129.178070 150.501907 156.487732 134.683746,
 109.934151 127.960991 161.814880 183.102722 156.851654 115.999001 103.802650 116.508408 158.853058 247.403595 302.402039 244.528351 151.025238 113.559433 122.699188 189.965179 333.243744 424.239410 333.802521 188.247131 123.854507 126.803940 204.066208 371.908875 479.004059 371.908875 204.066208 126.803940 123.854507 188.247131 333.802521 424.239410 333.243744 189.965179 122.699188 113.559433 151.025238 244.528351 302.402039 247.403595 158.853058 116.508408 103.802650 115.999001 156.851654 183.102722 161.814880 127.960991 109.934151,
 74.003220 68.843887 66.822006 103.187973 148.451645 147.994064 115.043228 80.432922 82.694336 122.160034 207.709473 256.090240 214.542816 152.078674 109.226814 141.339951 239.970535 357.653625 357.724792 252.316910 167.284271 146.431396 217.312027 352.195923 435.993591 352.195923 217.312027 146.431396 167.284271 252.316910 357.724792 357.653625 239.970535 141.339951 109.226814 152.078674 214.542816 256.090240 207.709473 122.160034 82.694336 80.432922 115.043228 147.994064 148.451645 103.187973 66.822006 68.843887 74.003220,
 12.710106 21.497623 21.154522 13.309958 4.037225 -1.397873 -1.319091 14.421078 31.462105 37.756733 32.078590 21.108696 11.258537 5.752274 18.997923 48.253754 74.351494 78.155182 59.515057 35.291344 19.091692 24.308504 54.805988 94.159729 113.859383 94.159729 54.805988 24.308504 19.091692 35.291344 59.515057 78.155182 74.351494 48.253754 18.997923 5.752274 11.258537 21.108696 32.078590 37.756733 31.462105 14.421078 -1.319091 -1.397873 4.037225 13.309958 21.154522 21.497623 12.710106,
 7.983837 32.836937 53.122036 64.694664 69.595657 70.589272 61.761768 34.178032 69.125031 97.680984 103.679367 91.401001 76.818100 62.666893 59.611015 107.804466 156.008484 168.202332 134.440704 92.960793 63.001411 66.987427 114.541931 174.920258 208.992157 174.920258 114.541931 66.987427 63.001411 92.960793 134.440704 168.202332 156.008484 107.804466 59.611015 62.666893 76.818100 91.401001 103.679367 97.680984 69.125031 34.178032 61.761768 70.589272 69.595657 64.694664 53.122036 32.836937 7.983837,
 31.251421 41.926601 49.072838 56.807281 52.922455 43.718220 39.175838 42.187485 63.855080 88.464378 106.957390 86.344215 53.234825 37.346275 46.838654 80.497818 130.260605 164.731155 126.343132 70.111649 40.178741 45.391396 82.897247 147.031693 192.011078 147.031693 82.897247 45.391396 40.178741 70.111649 126.343132 164.731155 130.260605 80.497818 46.838654 37.346275 53.234825 86.344215 106.957390 88.464378 63.855080 42.187485 39.175838 43.718220 52.922455 56.807281 49.072838 41.926601 31.251421,
 13.536132 11.059975 8.673532 8.096770 10.513966 9.469521 4.503835 16.212482 24.113934 30.435722 41.257286 44.117996 29.807575 15.719231 21.307253 37.215057 57.981026 83.355743 76.219521 45.707962 23.697725 24.777973 46.600540 81.089722 105.760498 81.089722 46.600540 24.777973 23.697725 45.707962 76.219521 83.355743 57.981026 37.215057 21.307253 15.719231 29.807575 44.117996 41.257286 30.435722 24.113934 16.212482 4.503835 9.469521 10.513966 8.096770 8.673532 11.059975 13.536132,

Pairwise cross-correlations of the modulus of all oriented sub-bands at the same scale (size QxQ)
 168.125595 107.762726 57.233036 115.184204,
 107.762726 165.160706 106.408737 67.134491,
 57.233036 106.408737 159.280518 107.861488,
 115.184204 67.134491 107.861488 173.153351,
 565.830688 376.016479 336.019318 412.012848,
 376.016479 416.622040 335.228760 292.043610,
 336.019318 335.228760 428.428345 342.347443,
 412.012848 292.043610 342.347443 443.937836,
 476.271820 336.548859 291.183838 351.039948,
 336.548859 491.513000 373.324097 283.427185,
 291.183838 373.324097 479.004089 315.443176,
 351.039948 283.427185 315.443176 435.993652,
 113.859390 70.423347 67.366364 66.721588,
 70.423347 208.992157 112.136292 51.350700,
 67.366364 112.136292 192.011078 90.902725,
 66.721588 51.350700 90.902725 105.760513,

Cross-correlations of the modulus of all oriented sub-bands with all oriented sub-bands at the coarser scale (size QxQ)
 262.776337 178.587555 142.447205 189.155411,
 212.862442 228.074188 190.541336 154.023041,
 160.389160 177.020782 223.749191 180.216461,
 227.650497 149.226974 191.412689 238.580093,
 378.637207 327.452515 329.954742 345.098969,
 306.942078 320.875305 325.616486 273.162506,
 278.358246 289.554077 344.448181 302.544373,
 316.697357 268.291382 320.041718 326.784271,
 87.545341 152.253799 120.030411 81.474808,
 109.995834 153.679382 102.041046 95.441986,
 94.323479 167.650681 147.202759 100.539108,
 105.141769 148.906708 111.679153 81.142113,

Cross-correlations of the real part of each oriented sub-band with both the real and imaginary part of all phase-doubled oriented sub-bands at the next coarser scale (Q matrices of size 1x2Q, which are computed and stored in a matrix of size Qx2Q)
 108.546829 48.118340 3.613208 49.373489 -1.575687 0.841963 0.247546 0.090551,
 43.352489 104.160484 47.002583 5.359297 0.133451 0.986589 2.426109 -0.100195,
 2.904968 45.651333 99.514420 38.187363 0.051587 1.802788 0.355004 -2.449034,
 48.275528 4.588262 39.209446 95.293564 -1.200429 0.621735 -1.720062 -3.062024,
 -144.885696 -89.894493 -7.454913 -67.533493 -12.930164 6.782633 -0.161436 7.984486,
 -73.949028 -207.693283 -78.109528 -10.168269 -4.580264 29.652269 13.066031 2.686138,
 -10.280296 -92.024628 -165.321625 -66.727699 -0.080055 18.993963 21.073559 -3.624798,
 -59.683556 -7.821057 -67.054588 -142.861984 -7.303800 1.049172 1.878425 -1.402192,
 -56.966999 -9.642441 -4.735906 -20.356514 8.858023 0.784825 -2.840702 11.360188,
 -24.522467 -50.478970 -50.489815 -5.712692 4.356373 15.343410 9.303910 2.175573,
 -3.143610 -39.302536 -94.225800 -20.745922 -1.855604 3.637320 9.931517 -2.667279,
 -28.641884 -3.840948 -38.096832 -35.961105 -2.237843 -4.005996 0.870689 0.570804,
