Low-band skewness and kurtosis
 -2.294643 6.615672,
 -2.366314 7.446126,
 -1.776457 5.153679,
 -1.729539 5.239505,
 -1.701583 5.153651,

High-band variance
 140.744812,

Skewness, kurtosis, variance, mean, maximum and minimum of the reconstructed texture
 -2.280162 6.350188 6359.208984 223.807678 255.000000 0.000000,

Auto-correlations of the low-frequency bands at each scale
 2864.044189 3288.892578 3586.528809 3672.577148 3499.808594 3126.062500 2658.595459 3288.146240 3906.349854 4443.189941 4653.489258 4371.882324 3769.925049 3116.277588 3571.835938 4432.700195 5308.207031 5699.381836 5269.695312 4358.303711 3477.877930 3647.364258 4635.259277 5693.796875 6188.022461 5693.796875 4635.259277 3647.364258 3477.877930 4358.303711 5269.695312 5699.381836 5308.207031 4432.700195 3571.835938 3116.277588 3769.925049 4371.882324 4653.489258 4443.189941 3906.349854 3288.146240 2658.595459 3126.062500 3499.808594 3672.577148 3586.528809 3288.892578 2864.044189,
 1771.738525 1770.037842 1801.639893 1815.381104 1716.007324 1687.859375 1905.102539 1816.443726 2085.165039 2620.099854 2890.788574 2471.940186 1858.395020 1736.350464 1837.381226 2627.187012 4018.205566 4737.322266 3904.562500 2447.364746 1744.524048 1819.249512 2861.925293 4721.572266 5715.196289 4721.572266 2861.925293 1819.249512 1744.524048 2447.364746 3904.562500 4737.322266 4018.205566 2627.187012 1837.381226 1736.350464 1858.395020 2471.940186 2890.788574 2620.099854 2085.165039 1816.443726 1905.102539 1687.859375 1716.007324 1815.381104 1801.639893 1770.037842 1771.738525,
 988.197693 1423.511963 1600.680420 1549.189941 1735.188721 2097.383545 2075.470703 1164.514282 1423.844727 1743.918823 1821.240234 1798.748657 2056.742188 2212.414551 1284.351562 1553.406006 2498.834229 3059.081543 2493.104736 1938.978271 1961.555664 1563.850342 1821.648193 3064.972168 3948.032227 3064.972168 1821.648193 1563.850342 1961.555664 1938.978271 2493.104736 3059.081543 2498.834229 1553.406006 1284.351562 2212.414551 2056.742188 1798.748657 1821.240234 1743.918823 1423.844727 1164.514282 2075.470703 2097.383545 1735.188721 1549.189941 1600.680420 1423.511963 988.197693,
 -405.140930 -18.348938 483.438171 937.607788 1210.585938 1394.805420 1397.969482 -20.787415 415.327026 992.924133 1521.413086 1724.912842 1713.370728 1492.420166 408.832703 929.837402 1652.649780 2219.171143 2160.302490 1745.515625 1256.293457 851.599976 1456.471191 2193.964355 2598.253418 2193.964355 1456.471191 851.599976 1256.293457 1745.515625 2160.302490 2219.171143 1652.649780 929.837402 408.832703 1492.420166 1713.370728 1724.912842 1521.413086 992.924133 415.327026 -20.787415 1397.969482 1394.805420 1210.585938 937.607788 483.438171 -18.348938 -405.140930,
 -511.512207 -661.858643 -725.375916 -478.098022 -60.463867 97.765594 -97.039551 -682.268311 -749.299194 -383.406097 363.327576 885.013794 722.479980 137.560181 -801.247498 -427.787994 561.729675 1567.401123 1690.498047 893.702515 -56.588806 -549.121582 329.181671 1558.106934 2174.347656 1558.106934 329.181671 -549.121582 -56.588806 893.702515 1690.498047 1567.401123 561.729675 -427.787994 -801.247498 137.560181 722.479980 885.013794 363.327576 -383.406097 -749.299194 -682.268311 -97.039551 97.765594 -60.463867 -478.098022 -725.375916 -661.858643 -511.512207,

Auto-correlations of the modulus of each oriented sub-band
 77.998138 86.827728 95.409737 100.023926 98.848396 93.249573 86.624969 95.350624 107.798798 119.459724 125.102928 122.272499 113.019318 102.231956 113.154015 129.679276 144.931412 151.724487 146.639999 132.784256 117.073601 122.303017 140.673553 157.477661 164.446259 157.477661 140.673553 122.303017 117.073601 132.784256 146.639999 151.724487 144.931412 129.679276 113.154015 102.231956 113.019318 122.272499 125.102928 119.459724 107.798798 95.350624 86.624969 93.249573 98.848396 100.023926 95.409737 86.827728 77.998138,
 102.987556 107.708496 108.861664 105.225449 97.304962 86.945938 76.274559 107.773056 122.566727 132.465546 132.274567 121.655617 104.711502 86.734879 108.830048 132.457672 151.563492 156.403839 144.203110 121.461433 96.975754 104.983391 132.138504 156.397980 166.633499 156.397980 132.138504 104.983391 96.975754 121.461433 144.203110 156.403839 151.563492 132.457672 108.830048 86.734879 104.711502 121.655617 132.274567 132.465546 122.566727 107.773056 76.274559 86.945938 97.304962 105.225449 108.861664 107.708496 102.987556,
 79.057861 95.208801 111.983818 119.981812 112.925148 96.202484 80.036087 86.014450 106.641983 128.296768 138.594879 129.048294 107.281387 86.358444 92.634430 117.487236 143.787384 156.311310 144.188385 117.773354 92.651764 95.344498 122.046967 150.352158 163.787628 150.352158 122.046967 95.344498 92.651764 117.773354 144.188385 156.311310 143.787384 117.487236 92.634430 86.358444 107.281387 129.048294 138.594879 128.296768 106.641983 86.014450 80.036087 96.202484 112.925148 119.981812 111.983818 95.208801 79.057861,
 83.603905 94.404366 105.922470 115.391205 120.566177 121.098732 118.367973 95.405991 112.706116 129.883102 141.292267 142.565414 134.425064 122.163239 107.639832 130.688232 152.705978 164.941223 160.771439 143.420593 122.401764 117.423546 142.431061 165.250275 175.050568 165.250275 142.431061 117.423546 122.401764 143.420593 160.771439 164.941223 152.705978 130.688232 107.639832 122.163239 134.425064 142.565414 141.292267 129.883102 112.706116 95.405991 118.367973 121.098732 120.566177 115.391205 105.922470 94.404366 83.603905,
 217.276855 231.517624 245.547333 257.787598 266.519318 271.232422 271.613403 266.919098 295.502350 322.621338 340.893188 345.011230 336.065582 319.108429 333.478119 381.328064 424.426056 447.407715 440.583344 409.589417 368.378326 378.264648 434.248322 482.003876 501.692200 482.003876 434.248322 378.264648 368.378326 409.589417 440.583344 447.407715 424.426056 381.328064 333.478119 319.108429 336.065582 345.011230 340.893188 322.621338 295.502350 266.919098 271.613403 271.232422 266.519318 257.787598 245.547333 231.517624 217.276855,
 255.011871 284.661835 286.615723 265.610107 240.165939 221.496674 207.795441 285.074738 339.171814 360.924225 338.144043 291.001068 247.273499 216.455765 287.323914 362.973755 419.856842 419.057373 362.797760 292.363770 236.775894 265.422699 341.278748 420.497528 457.691376 420.497528 341.278748 265.422699 236.775894 292.363770 362.797760 419.057373 419.856842 362.973755 287.323914 216.455765 247.273499 291.001068 338.144043 360.924225 339.171814 285.074738 207.795441 221.496674 240.165939 265.610107 286.615723 284.661835 255.011871,
 201.978851 249.531403 315.565399 359.098236 345.241486 293.921600 248.523071 220.822891 277.288666 359.674072 411.564575 383.572754 312.299225 255.319382 238.780212 304.560425 400.832886 458.201508 414.541687 324.349609 257.359802 251.811768 322.465393 422.748627 478.013367 422.748627 322.465393 251.811768 257.359802 324.349609 414.541687 458.201508 400.832886 304.560425 238.780212 255.319382 312.299225 383.572754 411.564575 359.674072 277.288666 220.822891 248.523071 293.921600 345.241486 359.098236 315.565399 249.531403 201.978851,
 197.454575 234.437256 278.518829 325.585480 362.872772 377.371948 365.983826 231.308395 286.599152 352.720612 412.706421 440.816132 426.644989 383.375793 278.663177 354.486389 438.990051 498.597534 498.427979 443.787476 370.196747 330.227295 416.021210 499.663208 537.198364 499.663208 416.021210 330.227295 370.196747 443.787476 498.427979 498.597534 438.990051 354.486389 278.663177 383.375793 426.644989 440.816132 412.706421 352.720612 286.599152 231.308395 365.983826 377.371948 362.872772 325.585480 278.518829 234.437256 197.454575,
 105.568626 125.399780 144.333542 158.615082 165.059036 166.949585 169.467072 143.532806 169.420685 196.377625 214.938507 216.044067 204.545807 190.659027 189.742050 240.342560 292.262848 320.129700 305.811676 262.706757 215.417831 219.805023 289.347321 359.783325 392.164734 359.783325 289.347321 219.805023 215.417831 262.706757 305.811676 320.129700 292.262848 240.342560 189.742050 190.659027 204.545807 216.044067 214.938507 196.377625 169.420685 143.532806 169.467072 166.949585 165.059036 158.615082 144.333542 125.399780 105.568626,
 93.405853 136.402313 175.261490 192.258148 189.167343 172.846771 148.596863 131.579758 194.307770 246.242645 253.305664 224.347961 191.518707 163.286423 152.695572 234.033539 317.799988 337.011475 280.506287 211.200714 164.463791 159.532715 233.479828 330.175964 382.074829 330.175964 233.479828 159.532715 164.463791 211.200714 280.506287 337.011475 317.799988 234.033539 152.695572 163.286423 191.518707 224.347961 253.305664 246.242645 194.307770 131.579758 148.596863 172.846771 189.167343 192.258148 175.261490 136.402313 93.405853,
 85.702362 124.064087 181.949295 217.023773 205.165787 179.519836 156.373428 109.789818 163.147293 248.967865 296.338074 254.486694 193.803329 159.407959 127.259201 192.372452 307.329315 375.293396 304.133881 203.432999 152.862289 141.240036 205.288116 328.647034 410.404297 328.647034 205.288116 141.240036 152.862289 203.432999 304.133881 375.293396 307.329315 192.372452 127.259201 159.407959 193.803329 254.486694 296.338074 248.967865 163.147293 109.789818 156.373428 179.519836 205.165787 217.023773 181.949295 124.064087 85.702362,
 137.028107 168.548706 204.001740 244.229889 277.930145 281.251465 248.258026 161.098022 203.834320 265.274414 335.548492 372.575928 342.270844 274.024841 196.093109 267.725494 368.412750 456.889465 459.807709 376.044159 278.858643 245.914093 344.308411 461.197632 520.198730 461.197632 344.308411 245.914093 278.858643 376.044159 459.807709 456.889465 368.412750 267.725494 196.093109 274.024841 342.270844 372.575928 335.548492 265.274414 203.834320 161.098022 248.258026 281.251465 277.930145 244.229889 204.001740 168.548706 137.028107,
 -27.502342 -17.969358 -6.025411 7.404631 19.956470 28.425531 30.300354 -13.043959 5.844633 25.023258 39.972748 47.597248 46.370651 36.626556 8.868687 37.524437 64.192429 78.415344 75.818069 60.659004 39.161335 29.625671 59.803459 86.855629 98.392487 86.855629 59.803459 29.625671 39.161335 60.659004 75.818069 78.415344 64.192429 37.524437 8.868687 36.626556 46.370651 47.597248 39.972748 25.023258 5.844633 -13.043959 30.300354 28.425531 19.956470 7.404631 -6.025411 -17.969358 -27.502342,
 -2.529396 -2.327535 2.573944 10.291393 18.154642 25.428753 30.240669 6.112005 16.664875 28.307358 36.037586 37.617668 35.889240 33.599625 14.607066 38.813236 64.112099 73.306717 62.179371 43.943478 28.713711 21.321711 47.360653 78.761917 95.225998 78.761917 47.360653 21.321711 28.713711 43.943478 62.179371 73.306717 64.112099 38.813236 14.607066 33.599625 35.889240 37.617668 36.037586 28.307358 16.664875 6.112005 30.240669 25.428753 18.154642 10.291393 2.573944 -2.327535 -2.529396,
 -9.057634 -4.246373 5.351599 12.103999 9.748137 6.856891 6.658878 -9.287374 1.888707 23.607874 36.626339 26.286684 10.219856 1.943972 -9.019479 9.453194 43.507454 63.697945 43.812599 12.834478 -3.654626 -7.391161 13.298929 51.999130 76.553604 51.999130 13.298929 -7.391161 -3.654626 12.834478 43.812599 63.697945 43.507454 9.453194 -9.019479 1.943972 10.219856 26.286684 36.626339 23.607874 1.888707 -9.287374 6.658878 6.856891 9.748137 12.103999 5.351599 -4.246373 -9.057634,
 -3.252483 -0.917769 1.556384 5.983505 13.016041 20.144997 23.196865 -0.907824 3.468346 10.438934 20.731335 30.600941 33.635323 28.234392 1.631711 11.444695 26.761963 43.086266 47.959869 37.840130 21.534756 9.127896 26.107037 46.051895 56.310223 46.051895 26.107037 9.127896 21.534756 37.840130 47.959869 43.086266 26.761963 11.444695 1.631711 28.234392 33.635323 30.600941 20.731335 10.438934 3.468346 -0.907824 23.196865 20.144997 13.016041 5.983505 1.556384 -0.917769 -3.252483,

Pairwise cross-correlations of the modulus of all oriented sub-bands at the same scale (size QxQ)
 164.446289 113.376755 73.175644 122.256462,
 113.376755 166.633514 115.359566 81.259628,
 73.175644 115.359566 163.787628 117.147095,
 122.256462 81.259628 117.147095 175.050613,
 501.692261 387.264282 371.600464 436.775848,
 387.264282 457.691376 373.719330 365.159454,
 371.600464 373.719330 478.013428 427.917755,
 436.775848 365.159454 427.917755 537.198425,
 392.164734 287.592834 262.999268 365.077484,
 287.592834 382.074890 291.678772 272.663300,
 262.999268 291.678772 410.404327 356.512939,
 365.077484 272.663300 356.512939 520.198853,
 98.392487 42.808380 20.769089 51.178658,
 42.808380 95.226006 56.921928 25.088030,
 20.769089 56.921928 76.553604 29.063574,
 51.178658 25.088030 29.063574 56.310226,

Cross-correlations of the modulus of all oriented sub-bands with all oriented sub-bands at the coarser scale (size QxQ)
 250.649384 195.032135 170.919357 219.358139,
 212.050018 242.143677 204.340271 186.586945,
 176.976913 197.903427 244.187775 217.754623,
 227.147446 173.037186 220.057571 265.757599,
 325.826569 301.606781 311.955658 363.564087,
 290.882263 315.163635 303.211395 311.764923,
 277.552002 286.658691 344.200104 363.432312,
 303.653992 297.744904 333.072815 393.579224,
 86.869965 89.778152 74.401749 81.490433,
 86.720505 103.829361 90.719131 77.174980,
 83.229294 94.073059 100.082718 78.200844,
 94.950836 105.511505 103.540222 91.777542,

Cross-correlations of the real part of each oriented sub-band with both the real and imaginary part of all phase-doubled oriented sub-bands at the next coarser scale (Q matrices of size 1x2Q, which are computed and stored in a matrix of size Qx2Q)
 108.365852 48.303505 4.727998 47.922085 2.331375 -1.333066 0.449171 -0.443852,
 49.144852 103.791862 41.335140 3.680518 -1.459261 -4.044618 -0.236384 0.934258,
 5.329101 43.826714 92.396904 41.218102 -1.262830 -1.447482 3.433914 2.542437,
 49.098522 4.677432 42.297993 101.623558 1.387622 0.503637 3.796546 1.111575,
 -104.847855 -62.804924 -10.463089 -30.871323 -5.719625 11.057830 0.068832 15.283713,
 -57.741760 -139.044449 -47.718601 -3.948095 0.642561 19.763367 2.469207 2.124667,
 -6.471484 -58.514244 -83.066391 -41.327393 -1.071149 3.968404 22.220171 7.943419,
 -37.519569 -6.606316 -43.358940 -81.441521 -6.725352 0.173115 12.929679 20.626297,
 -10.028871 -13.494453 -2.792529 -11.499233 24.095867 12.341866 2.987328 -18.647017,
 -3.056985 -41.072342 -24.660526 -1.288933 7.280689 60.989677 25.402510 -1.585383,
 2.061102 -22.562948 -44.139366 -9.167412 3.341001 33.531216 22.002495 -0.047246,
 -2.406709 -1.914331 -15.271679 -21.409431 18.707008 1.633634 -1.196100 -13.598492,
