Low-band skewness and kurtosis
 -2.249639 6.401361,
 -2.303724 7.111662,
 -1.752128 5.027519,
 -1.432037 4.481618,
 -1.008136 3.053593,

High-band variance
 141.046051,

Skewness, kurtosis, variance, mean, maximum and minimum of the reconstructed texture
 -2.237596 6.155744 6483.379883 223.057617 255.000000 0.000000,

Auto-correlations of the low-frequency bands at each scale
 2699.586914 3184.755127 3535.435059 3671.885254 3545.437012 3193.806396 2694.187500 3207.859131 3898.202637 4484.721191 4735.424805 4496.489746 3914.350586 3218.427979 3564.504395 4495.284668 5404.279785 5816.125488 5412.983887 4508.403809 3576.989746 3700.927246 4749.208984 5820.341797 6311.190430 5820.341797 4749.208984 3700.927246 3576.989746 4508.403809 5412.983887 5816.125488 5404.279785 4495.284668 3564.504395 3218.427979 3914.350586 4496.489746 4735.424805 4484.721191 3898.202637 3207.859131 2694.187500 3193.806396 3545.437012 3671.885254 3535.435059 3184.755127 2699.586914,
 1318.330444 1277.121094 1345.773438 1384.872559 1314.385986 1205.501465 1079.998169 1386.897461 1741.976074 2413.274414 2773.683105 2412.245117 1700.442627 1152.002441 1475.240723 2464.269775 4014.006348 4816.507812 4022.445801 2444.805420 1326.341309 1482.471313 2837.545410 4834.415039 5848.967773 4834.415039 2837.545410 1482.471313 1326.341309 2444.805420 4022.445801 4816.507812 4014.006348 2464.269775 1475.240723 1152.002441 1700.442627 2412.245117 2773.683105 2413.274414 1741.976074 1386.897461 1079.998169 1205.501465 1314.385986 1384.872559 1345.773438 1277.121094 1318.330444,
 922.544434 1003.876038 979.891785 926.856323 862.763000 876.666809 957.864868 1078.569092 1069.493408 1177.328369 1248.191284 964.163757 761.049561 909.815002 994.843628 1236.840820 2271.557129 2950.049072 2068.588379 883.494812 693.501221 765.671204 1237.740479 2989.092285 4151.221680 2989.092285 1237.740479 765.671204 693.501221 883.494812 2068.588379 2950.049072 2271.557129 1236.840820 994.843628 909.815002 761.049561 964.163757 1248.191284 1177.328369 1069.493408 1078.569092 957.864868 876.666809 862.763000 926.856323 979.891785 1003.876038 922.544434,
 -68.308014 87.598114 368.850189 722.378418 897.902588 935.830322 924.428345 299.041199 420.441772 651.196045 866.044189 803.856445 729.983276 774.478333 544.396667 812.832275 1364.753784 1674.985718 1215.499146 674.998779 560.556580 558.098694 877.943237 1702.592285 2252.185547 1702.592285 877.943237 558.098694 560.556580 674.998779 1215.499146 1674.985718 1364.753784 812.832275 544.396667 774.478333 729.983276 803.856445 866.044189 651.196045 420.441772 299.041199 924.428345 935.830322 897.902588 722.378418 368.850189 87.598114 -68.308014,
 -584.579651 -583.130371 -396.468628 -117.615662 34.159805 -28.386810 -223.928543 -573.917480 -442.037659 -15.741028 461.056335 600.360046 352.757935 -56.859344 -408.585602 -52.443024 589.507874 1099.274414 1027.555298 515.213989 -37.660522 -179.203690 356.917023 1045.179688 1393.200684 1045.179688 356.917023 -179.203690 -37.660522 515.213989 1027.555298 1099.274414 589.507874 -52.443024 -408.585602 -56.859344 352.757935 600.360046 461.056335 -15.741028 -442.037659 -573.917480 -223.928543 -28.386810 34.159805 -117.615662 -396.468628 -583.130371 -584.579651,

Auto-correlations of the modulus of each oriented sub-band
 67.960999 74.937599 81.653046 84.673607 82.397995 76.297508 69.635284 83.786209 95.195412 105.770500 110.210838 106.106728 95.816689 84.541183 100.421844 116.837112 131.898865 138.152130 132.083649 117.127136 100.764618 108.017555 126.901657 144.333389 151.581696 144.333389 126.901657 108.017555 100.764618 117.127136 132.083649 138.152130 131.898865 116.837112 100.421844 84.541183 95.816689 106.106728 110.210838 105.770500 95.195412 83.786209 69.635284 76.297508 82.397995 84.673607 81.653046 74.937599 67.960999,
 104.105743 107.045105 107.768669 105.106018 99.003365 90.479309 80.524612 108.512772 121.166527 130.180649 130.530197 121.363548 106.183876 89.268112 109.429756 131.277145 149.309280 154.188293 142.846970 121.456825 98.077568 105.545975 131.424088 154.589951 164.426895 154.589951 131.424088 105.545975 98.077568 121.456825 142.846970 154.188293 149.309280 131.277145 109.429756 89.268112 106.183876 121.363548 130.530197 130.180649 121.166527 108.512772 80.524612 90.479309 99.003365 105.106018 107.768669 107.045105 104.105743,
 74.252632 87.845848 102.072281 108.696686 102.038834 86.783760 71.625664 80.310753 98.500122 117.611786 126.447884 117.192734 97.183304 78.020576 85.978584 108.295784 132.035751 143.258545 131.681595 107.456398 84.707481 87.943329 112.047501 137.888306 150.367401 137.888306 112.047501 87.943329 84.707481 107.456398 131.681595 143.258545 132.035751 108.295784 85.978584 78.020576 97.183304 117.192734 126.447884 117.611786 98.500122 80.310753 71.625664 86.783760 102.038834 108.696686 102.072281 87.845848 74.252632,
 69.786072 80.913757 91.911293 100.408386 104.561516 104.025970 100.002853 81.168808 99.613060 116.942047 127.834312 128.326019 118.822960 104.304733 92.515137 117.395721 140.275558 152.556885 147.938065 129.065109 105.367371 101.307541 128.731964 152.971664 163.120529 152.971664 128.731964 101.307541 105.367371 129.065109 147.938065 152.556885 140.275558 117.395721 92.515137 104.304733 118.822960 128.326019 127.834312 116.942047 99.613060 81.168808 100.002853 104.025970 104.561516 100.408386 91.911293 80.913757 69.786072,
 176.885834 188.584732 197.485062 202.072479 202.327133 200.039261 196.494110 225.801071 246.350754 260.990723 264.680115 256.076721 240.293442 223.581467 279.971771 317.526489 347.660553 356.835754 338.999664 304.661133 268.411285 299.623291 347.065186 389.602356 407.842194 389.602356 347.065186 299.623291 268.411285 304.661133 338.999664 356.835754 347.660553 317.526489 279.971771 223.581467 240.293442 256.076721 264.680115 260.990723 246.350754 225.801071 196.494110 200.039261 202.327133 202.072479 197.485062 188.584732 176.885834,
 280.666931 311.619019 316.858215 297.613739 265.168762 233.912476 212.400269 299.985657 354.753693 381.422119 366.906311 319.425232 263.285736 219.938782 293.799683 372.886108 433.076477 440.472504 388.685181 309.346436 239.264404 268.366699 354.383606 437.756104 474.476440 437.756104 354.383606 268.366699 239.264404 309.346436 388.685181 440.472504 433.076477 372.886108 293.799683 219.938782 263.285736 319.425232 366.906311 381.422119 354.753693 299.985657 212.400269 233.912476 265.168762 297.613739 316.858215 311.619019 280.666931,
 187.075073 232.474594 289.975952 320.376038 292.059631 231.165543 182.939819 191.351578 249.293076 325.405304 365.979767 327.026459 247.238358 186.797684 193.070618 263.532837 358.255951 408.798889 358.851349 261.662659 189.832092 192.308685 268.620483 372.513153 427.685852 372.513153 268.620483 192.308685 189.832092 261.662659 358.851349 408.798889 358.255951 263.532837 193.070618 186.797684 247.238358 327.026459 365.979767 325.405304 249.293076 191.351578 182.939819 231.165543 292.059631 320.376038 289.975952 232.474594 187.075073,
 152.900848 176.941772 212.792816 252.521179 280.141418 282.597229 260.193512 167.485947 210.199081 269.864441 325.995758 348.366028 325.450104 274.967407 194.698486 260.218109 341.265381 400.776917 397.120483 337.500824 262.724670 230.826981 311.069000 395.050262 434.669434 395.050262 311.069000 230.826981 262.724670 337.500824 397.120483 400.776917 341.265381 260.218109 194.698486 274.967407 325.450104 348.366028 325.995758 269.864441 210.199081 167.485947 260.193512 282.597229 280.141418 252.521179 212.792816 176.941772 152.900848,
 131.406219 167.112518 197.667572 221.715637 237.141144 239.108612 223.336273 167.557220 213.031662 257.608063 292.178375 305.664520 293.635468 262.829987 231.612167 298.710632 370.008484 414.845459 407.208191 355.940491 294.019867 289.361755 372.614258 457.544220 496.066345 457.544220 372.614258 289.361755 294.019867 355.940491 407.208191 414.845459 370.008484 298.710632 231.612167 262.829987 293.635468 305.664520 292.178375 257.608063 213.031662 167.557220 223.336273 239.108612 237.141144 221.715637 197.667572 167.112518 131.406219,
 170.922836 224.910721 251.351501 236.551605 210.832733 202.295883 196.534927 205.500824 280.140045 335.866425 324.383850 270.405304 232.434662 216.635406 241.071182 329.832031 427.251343 441.681580 360.765564 277.160767 236.662094 251.257111 325.271393 443.027710 509.415070 443.027710 325.271393 251.257111 236.662094 277.160767 360.765564 441.681580 427.251343 329.832031 241.071182 216.635406 232.434662 270.405304 324.383850 335.866425 280.140045 205.500824 196.534927 202.295883 210.832733 236.551605 251.351501 224.910721 170.922836,
 139.175964 192.283325 267.172943 302.065643 263.000885 208.379517 178.268829 173.941345 232.358551 335.983734 392.629883 326.584991 238.200714 202.830322 202.997940 261.136322 391.880890 474.798584 384.448578 262.730072 218.888748 219.269791 272.015228 411.502747 510.080444 411.502747 272.015228 219.269791 218.888748 262.730072 384.448578 474.798584 391.880890 261.136322 202.997940 202.830322 238.200714 326.584991 392.629883 335.983734 232.358551 173.941345 178.268829 208.379517 263.000885 302.065643 267.172943 192.283325 139.175964,
 217.332428 258.696930 289.269012 304.329407 298.707062 275.006256 240.777069 256.364105 305.493988 354.000092 394.484039 403.549591 368.297150 303.848907 290.685181 359.306519 445.181152 515.264404 511.415588 431.245911 329.249695 317.209747 416.751038 528.760132 583.282410 528.760132 416.751038 317.209747 329.249695 431.245911 511.415588 515.264404 445.181152 359.306519 290.685181 303.848907 368.297150 403.549591 394.484039 354.000092 305.493988 256.364105 240.777069 275.006256 298.707062 304.329407 289.269012 258.696930 217.332428,
 0.003422 16.049366 33.943558 46.260559 49.669983 45.160751 34.625217 21.605543 40.628151 60.648735 72.684357 71.961189 61.211693 46.258331 49.812630 77.493256 107.041718 122.534622 112.902344 86.517563 59.497063 65.632919 101.004013 138.713989 156.562241 138.713989 101.004013 65.632919 59.497063 86.517563 112.902344 122.534622 107.041718 77.493256 49.812630 46.258331 61.211693 71.961189 72.684357 60.648735 40.628151 21.605543 34.625217 45.160751 49.669983 46.260559 33.943558 16.049366 0.003422,
 7.813640 5.103002 -1.236482 0.458586 13.563807 24.034298 21.131065 15.094788 27.472023 28.065411 16.760292 12.315639 22.675533 30.025768 16.561384 40.046158 64.492950 60.617306 35.145157 22.961876 27.432535 20.717236 34.372917 67.705894 89.611710 67.705894 34.372917 20.717236 27.432535 22.961876 35.145157 60.617306 64.492950 40.046158 16.561384 30.025768 22.675533 12.315639 16.760292 28.065411 27.472023 15.094788 21.131065 24.034298 13.563807 0.458586 -1.236482 5.103002 7.813640,
 -18.049927 0.301960 47.442802 88.033501 94.630928 77.418060 57.399155 6.244431 32.223248 92.092773 140.177322 134.170013 98.457642 70.923706 34.931049 68.394287 136.242950 185.950027 161.950378 107.679626 73.324402 60.255920 97.209732 163.652069 204.922302 163.652069 97.209732 60.255920 73.324402 107.679626 161.950378 185.950027 136.242950 68.394287 34.931049 70.923706 98.457642 134.170013 140.177322 92.092773 32.223248 6.244431 57.399155 77.418060 94.630928 88.033501 47.442802 0.301960 -18.049927,
 -15.211025 25.930855 57.283333 78.880096 96.847923 101.021507 83.212646 41.451523 82.053070 118.129196 154.434723 173.647598 151.089066 102.946320 87.058380 133.975433 190.353592 240.836761 237.876572 178.104767 112.308319 109.696297 170.554306 243.928467 282.487915 243.928467 170.554306 109.696297 112.308319 178.104767 237.876572 240.836761 190.353592 133.975433 87.058380 102.946320 151.089066 173.647598 154.434723 118.129196 82.053070 41.451523 83.212646 101.021507 96.847923 78.880096 57.283333 25.930855 -15.211025,

Pairwise cross-correlations of the modulus of all oriented sub-bands at the same scale (size QxQ)
 151.581665 109.946564 68.853401 107.798012,
 109.946564 164.426895 109.165611 73.083099,
 68.853401 109.165611 150.367432 110.149475,
 107.798012 73.083099 110.149475 163.120514,
 407.842255 360.643250 283.928619 324.820587,
 360.643250 474.476532 368.999878 331.999664,
 283.928619 368.999878 427.685883 333.861420,
 324.820587 331.999664 333.861420 434.669434,
 496.066376 384.701172 309.269104 365.775177,
 384.701172 509.415039 341.972656 310.646698,
 309.269104 341.972656 510.080505 422.959167,
 365.775177 310.646698 422.959167 583.282410,
 156.562256 67.033585 97.866623 135.240509,
 67.033585 89.611717 74.649902 63.537926,
 97.866623 74.649902 204.922333 186.380310,
 135.240509 63.537926 186.380310 282.487915,

Cross-correlations of the modulus of all oriented sub-bands with all oriented sub-bands at the coarser scale (size QxQ)
 210.634262 193.681320 149.669937 179.130051,
 184.225494 240.514496 193.233307 156.759003,
 145.216476 198.669327 214.786163 182.303116,
 180.895737 174.368088 185.686142 228.307907,
 343.257355 309.589844 295.330750 345.121399,
 343.299011 358.115204 345.337555 326.190552,
 305.251495 313.323608 358.648926 332.790588,
 312.341492 272.079865 318.782288 372.250366,
 149.967575 92.457039 153.527740 173.907272,
 130.068268 111.959488 176.390564 192.634598,
 150.824280 88.212914 198.334595 240.154495,
 137.040756 85.093826 193.316376 268.965912,

Cross-correlations of the real part of each oriented sub-band with both the real and imaginary part of all phase-doubled oriented sub-bands at the next coarser scale (Q matrices of size 1x2Q, which are computed and stored in a matrix of size Qx2Q)
 87.278015 41.699520 5.610093 39.534599 -2.292341 1.885317 0.852250 -1.379141,
 41.889740 92.240173 34.855919 3.503570 -0.040267 1.946401 0.479924 0.215320,
 5.749394 38.538616 73.785660 39.549507 0.246650 0.616380 -1.287168 0.205779,
 40.509163 3.630867 36.176361 91.687752 -0.249108 0.317887 -0.876612 -1.839041,
 -143.029373 -52.108620 -9.057971 -76.283379 -19.268703 -2.038098 1.980829 10.301368,
 -59.780239 -105.017441 -36.613754 -10.341370 -8.298429 -8.185030 14.190018 3.173781,
 -9.183406 -36.180317 -95.721352 -72.926361 -3.392009 2.146184 31.213869 9.062194,
 -74.216713 -3.084749 -57.450039 -163.260651 -13.665722 2.633769 12.946703 17.867386,
 -19.711224 -52.069607 -1.370976 1.206876 -14.280381 -10.699259 3.407313 26.258080,
 -40.285519 -89.208755 -27.614395 -6.095447 -12.395166 -25.145969 -6.439927 -1.328452,
 -3.562848 -33.513546 -95.314255 -57.423294 -9.156207 -2.074415 -16.497597 12.362862,
 15.453094 -5.175313 -53.179928 -61.033947 -18.594238 3.869216 1.681678 55.921818,
