Low-band skewness and kurtosis
 -2.090246 5.700058,
 -2.147959 6.415682,
 -1.556187 4.631988,
 -1.108497 3.843301,
 -0.421574 2.006450,

High-band variance
 155.010254,

Skewness, kurtosis, variance, mean, maximum and minimum of the reconstructed texture
 -2.078550 5.464022 6997.145020 219.889343 255.000000 0.000000,

Auto-correlations of the low-frequency bands at each scale
 2281.801758 2997.411377 3557.530518 3823.013184 3695.240967 3219.478271 2523.967773 2936.314209 3846.333008 4653.525879 5040.328125 4776.776855 4039.736328 3135.037354 3428.766357 4578.249023 5714.992676 6256.496094 5793.507324 4698.108398 3545.982666 3654.808350 4926.381836 6216.507324 6808.315918 6216.507324 4926.381836 3654.808350 3545.982666 4698.108398 5793.507324 6256.496094 5714.992676 4578.249023 3428.766357 3135.037354 4039.736328 4776.776855 5040.328125 4653.525879 3846.333008 2936.314209 2523.967773 3219.478271 3695.240967 3823.013184 3557.530518 2997.411377 2281.801758,
 290.490601 406.059265 798.647461 1132.288940 1025.293945 606.360168 324.339966 417.698975 990.945679 2082.079834 2781.580078 2336.568604 1230.377075 464.041992 686.697693 1965.937256 3993.111572 5114.154297 4168.865234 2140.617920 733.441711 861.633667 2545.558105 5031.589844 6289.899902 5031.589844 2545.558105 861.633667 733.441711 2140.617920 4168.865234 5114.154297 3993.111572 1965.937256 686.697693 464.041992 1230.377075 2336.568604 2781.580078 2082.079834 990.945679 417.698975 324.339966 606.360168 1025.293945 1132.288940 798.647461 406.059265 290.490601,
 440.806793 354.867676 159.365646 123.169830 350.706543 720.694824 773.763794 154.558746 35.581558 298.469055 621.864990 430.622253 306.746033 500.893524 21.650375 248.075104 1725.821045 2819.462402 1781.740479 371.505219 262.761536 98.613503 551.727295 2766.935059 4300.509277 2766.935059 551.727295 98.613503 262.761536 371.505219 1781.740479 2819.462402 1725.821045 248.075104 21.650375 500.893524 306.746033 430.622253 621.864990 298.469055 35.581558 154.558746 773.763794 720.694824 350.706543 123.169830 159.365646 354.867676 440.806793,
 214.967255 64.139923 75.709000 366.354492 536.396606 348.172211 91.160461 103.089119 -3.287720 134.998444 516.543518 635.258423 414.667358 204.956055 111.780197 143.503723 646.450684 1175.094971 938.738159 437.850159 266.797302 215.117813 370.231750 1100.043701 1649.096069 1100.043701 370.231750 215.117813 266.797302 437.850159 938.738159 1175.094971 646.450684 143.503723 111.780197 204.956055 414.667358 635.258423 516.543518 134.998444 -3.287720 103.089119 91.160461 348.172211 536.396606 366.354492 75.709000 64.139923 214.967255,
 -352.570068 -92.258308 56.355156 163.820297 159.663361 -111.671684 -450.118042 -188.359299 5.802760 152.020111 331.869019 308.788605 -22.294899 -337.592407 -85.942856 76.172188 353.972351 624.153564 495.350769 88.174248 -176.710709 -76.488235 129.847244 546.939453 806.538452 546.939453 129.847244 -76.488235 -176.710709 88.174248 495.350769 624.153564 353.972351 76.172188 -85.942856 -337.592407 -22.294899 308.788605 331.869019 152.020111 5.802760 -188.359299 -450.118042 -111.671684 159.663361 163.820297 56.355156 -92.258308 -352.570068,

Auto-correlations of the modulus of each oriented sub-band
 65.942795 75.645393 84.809540 88.930252 85.797714 77.209557 67.476166 87.537155 102.538033 116.095757 121.876373 116.952309 104.022881 89.299515 108.157669 128.262070 146.156830 153.542114 146.614105 129.147537 109.397018 117.547485 139.803680 159.701736 167.835968 159.701736 139.803680 117.547485 109.397018 129.147537 146.614105 153.542114 146.156830 128.262070 108.157669 89.299515 104.022881 116.952309 121.876373 116.095757 102.538033 87.537155 67.476166 77.209557 85.797714 88.930252 84.809540 75.645393 65.942795,
 97.344376 102.704567 104.113579 99.739204 89.526833 75.488441 60.264912 103.683029 120.199318 131.495239 131.571487 119.294647 98.936150 76.421158 105.455956 132.072525 153.567917 159.311691 145.753006 119.735947 90.785545 101.058800 132.200806 159.520370 170.983490 159.520370 132.200806 101.058800 90.785545 119.735947 145.753006 159.311691 153.567917 132.072525 105.455956 76.421158 98.936150 119.294647 131.571487 131.495239 120.199318 103.683029 60.264912 75.488441 89.526833 99.739204 104.113579 102.704567 97.344376,
 51.068542 72.461937 92.632172 101.405426 93.771484 75.390511 55.552689 59.616711 85.873428 111.207489 122.426102 112.169556 88.399643 63.467220 68.054062 98.307518 127.934860 141.343536 128.483353 99.788689 70.296921 72.310883 103.887634 134.920441 149.114136 134.920441 103.887634 72.310883 70.296921 99.788689 128.483353 141.343536 127.934860 98.307518 68.054062 63.467220 88.399643 112.169556 122.426102 111.207489 85.873428 59.616711 55.552689 75.390511 93.771484 101.405426 92.632172 72.461937 51.068542,
 47.380409 62.668915 77.427849 88.312897 93.026894 91.515213 86.055779 62.158363 84.701904 105.591667 118.406601 118.756493 107.609406 91.260124 76.611351 105.347275 131.339874 144.997772 139.617462 118.565445 92.441322 87.512878 118.152138 144.962158 156.171616 144.962158 118.152138 87.512878 92.441322 118.565445 139.617462 144.997772 131.339874 105.347275 76.611351 91.260124 107.609406 118.756493 118.406601 105.591667 84.701904 62.158363 86.055779 91.515213 93.026894 88.312897 77.427849 62.668915 47.380409,
 144.071182 155.294632 163.049469 163.814636 156.600922 145.378983 135.236923 221.754135 253.347977 276.251129 281.723602 266.626190 238.197678 207.041550 298.566681 354.158661 398.094269 412.968750 390.636627 342.484467 287.003510 327.473083 394.764954 451.507385 474.822205 451.507385 394.764954 327.473083 287.003510 342.484467 390.636627 412.968750 398.094269 354.158661 298.566681 207.041550 238.197678 266.626190 281.723602 276.251129 253.347977 221.754135 135.236923 145.378983 156.600922 163.814636 163.049469 155.294632 144.071182,
 234.280029 259.289581 243.766327 193.297684 132.249542 84.826271 61.443024 257.696411 319.569611 339.185669 300.660767 223.072647 143.322998 86.997490 245.546051 341.825928 410.317413 407.939331 332.275360 227.782715 138.155731 199.250671 306.715790 410.365082 456.125977 410.365082 306.715790 199.250671 138.155731 227.782715 332.275360 407.939331 410.317413 341.825928 245.546051 86.997490 143.322998 223.072647 300.660767 339.185669 319.569611 257.696411 61.443024 84.826271 132.249542 193.297684 243.766327 259.289581 234.280029,
 113.894478 174.960464 241.414688 271.187378 240.158768 173.469223 114.395943 120.655945 199.337952 289.299927 330.219788 285.400391 193.960846 117.749237 123.516533 217.296509 329.645203 383.052155 326.243469 212.656067 120.842018 123.190659 222.342194 344.810791 405.558655 344.810791 222.342194 123.190659 120.842018 212.656067 326.243469 383.052155 329.645203 217.296509 123.516533 117.749237 193.960846 285.400391 330.219788 289.299927 199.337952 120.655945 114.395943 173.469223 240.158768 271.187378 241.414688 174.960464 113.894478,
 54.533291 83.878487 124.889389 169.608856 200.914841 204.935455 181.901184 77.090988 126.123428 190.187317 248.893631 273.676392 253.529221 203.269180 115.925293 189.156281 274.841980 336.274933 335.021118 275.986481 196.908875 162.126251 250.535675 338.597717 378.574280 338.597717 250.535675 162.126251 196.908875 275.986481 335.021118 336.274933 274.841980 189.156281 115.925293 203.269180 253.529221 273.676392 248.893631 190.187317 126.123428 77.090988 181.901184 204.935455 200.914841 169.608856 124.889389 83.878487 54.533291,
 115.173103 131.069366 153.495163 171.443680 176.255142 167.970001 148.625473 131.051498 169.733109 211.061493 232.428787 224.572479 200.978012 177.195450 184.063171 277.512421 377.677979 425.027161 387.689941 302.328400 223.561829 235.345718 360.308472 497.687866 562.153687 497.687866 360.308472 235.345718 223.561829 302.328400 387.689941 425.027161 377.677979 277.512421 184.063171 177.195450 200.978012 224.572479 232.428787 211.061493 169.733109 131.051498 148.625473 167.970001 176.255142 171.443680 153.495163 131.069366 115.173103,
 149.655548 210.538513 223.876404 175.250778 108.996819 81.522163 94.839836 156.591690 274.511230 347.814697 303.425690 183.963623 98.897522 87.445984 141.480682 299.286865 457.821320 471.596924 320.475922 160.106888 89.282867 110.221695 247.758224 450.241943 561.722412 450.241943 247.758224 110.221695 89.282867 160.106888 320.475922 471.596924 457.821320 299.286865 141.480682 87.445984 98.897522 183.963623 303.425690 347.814697 274.511230 156.591690 94.839836 81.522163 108.996819 175.250778 223.876404 210.538513 149.655548,
 104.439255 165.073257 231.253189 272.286987 245.583969 179.426620 127.849899 90.345932 182.389725 305.656525 377.610779 311.491058 186.013596 103.344040 78.019012 197.937180 378.169952 486.130951 380.209076 197.532974 82.886749 74.250885 204.116730 409.939209 534.512878 409.939209 204.116730 74.250885 82.886749 197.532974 380.209076 486.130951 378.169952 197.937180 78.019012 103.344040 186.013596 311.491058 377.610779 305.656525 182.389725 90.345932 127.849899 179.426620 245.583969 272.286987 231.253189 165.073257 104.439255,
 94.745522 115.552345 148.993317 193.981583 236.355499 237.469696 191.438477 94.799934 130.781372 201.131607 291.752258 340.345459 296.598145 210.601562 117.989006 192.003281 323.690399 449.796448 452.456329 333.709778 213.100311 170.953949 287.005005 451.507294 539.998840 451.507294 287.005005 170.953949 213.100311 333.709778 452.456329 449.796448 323.690399 192.003281 117.989006 210.601562 296.598145 340.345459 291.752258 201.131607 130.781372 94.799934 191.438477 237.469696 236.355499 193.981583 148.993317 115.552345 94.745522,
 21.446814 28.298447 30.747023 29.893398 27.051798 23.289837 18.839464 26.778233 36.376255 42.780781 44.447090 40.737827 32.543034 22.597519 25.365957 48.394253 74.903854 86.892944 74.778061 49.737202 27.425692 31.143373 65.948540 109.081337 130.384979 109.081337 65.948540 31.143373 27.425692 49.737202 74.778061 86.892944 74.903854 48.394253 25.365957 22.597519 32.543034 40.737827 44.447090 42.780781 36.376255 26.778233 18.839464 23.289837 27.051798 29.893398 30.747023 28.298447 21.446814,
 -4.224599 11.911756 35.066696 45.773537 40.164825 35.353703 29.897728 12.488605 35.650078 73.041061 86.053185 65.755966 45.870247 34.248371 27.504930 60.052628 121.276260 142.587814 98.063034 55.995262 40.903770 37.177460 63.581528 131.533722 180.182999 131.533722 63.581528 37.177460 40.903770 55.995262 98.063034 142.587814 121.276260 60.052628 27.504930 34.248371 45.870247 65.755966 86.053185 73.041061 35.650078 12.488605 29.897728 35.353703 40.164825 45.773537 35.066696 11.911756 -4.224599,
 32.303040 50.489098 60.688778 60.970150 54.386211 44.216248 22.717073 49.667648 63.543442 77.408020 91.172874 77.417038 57.339699 38.158951 66.602043 79.494102 104.204453 133.324661 106.347610 74.773842 57.586227 70.434418 85.589630 120.189209 156.415421 120.189209 85.589630 70.434418 57.586227 74.773842 106.347610 133.324661 104.204453 79.494102 66.602043 38.158951 57.339699 77.417038 91.172874 77.408020 63.543442 49.667648 22.717073 44.216248 54.386211 60.970150 60.688778 50.489098 32.303040,
 17.507311 28.346947 29.205078 21.378571 10.087981 3.244794 4.725313 20.633032 27.083899 34.480667 40.036507 27.932938 8.830336 2.473818 21.461369 28.999807 53.483566 76.406281 56.650421 21.234476 7.936695 17.754721 30.813147 70.640266 99.829468 70.640266 30.813147 17.754721 7.936695 21.234476 56.650421 76.406281 53.483566 28.999807 21.461369 2.473818 8.830336 27.932938 40.036507 34.480667 27.083899 20.633032 4.725313 3.244794 10.087981 21.378571 29.205078 28.346947 17.507311,

Pairwise cross-correlations of the modulus of all oriented sub-bands at the same scale (size QxQ)
 167.836014 110.325653 52.480698 104.138916,
 110.325653 170.983490 100.838608 58.205223,
 52.480698 100.838608 149.114166 96.678329,
 104.138916 58.205223 96.678329 156.171631,
 474.822235 361.643158 266.644226 317.591125,
 361.643158 456.125977 323.921906 254.565079,
 266.644226 323.921906 405.558685 299.389404,
 317.591125 254.565079 299.389404 378.574280,
 562.153748 383.203857 318.693970 389.614441,
 383.203857 561.722412 384.028625 332.357727,
 318.693970 384.028625 534.512939 381.129822,
 389.614441 332.357727 381.129822 539.998901,
 130.384979 87.455383 57.495140 52.688446,
 87.455383 180.183014 86.064484 42.678581,
 57.495140 86.064484 156.415421 67.558350,
 52.688446 42.678581 67.558350 99.829460,

Cross-correlations of the modulus of all oriented sub-bands with all oriented sub-bands at the coarser scale (size QxQ)
 241.133118 186.246307 126.319618 161.582260,
 193.788177 239.824844 171.532852 125.779106,
 133.336273 172.897202 206.885925 153.319077,
 186.735748 141.034286 168.382996 205.532242,
 398.552795 324.757782 295.016907 357.659119,
 339.925781 358.405670 337.392944 316.909363,
 276.388489 290.224182 344.710297 319.145020,
 315.645508 242.093048 297.767578 345.637268,
 135.917969 131.806274 149.076691 121.707870,
 100.145706 135.282684 149.882156 123.585396,
 121.362755 126.369553 110.450874 117.024384,
 99.448776 108.854050 140.946594 117.538773,

Cross-correlations of the real part of each oriented sub-band with both the real and imaginary part of all phase-doubled oriented sub-bands at the next coarser scale (Q matrices of size 1x2Q, which are computed and stored in a matrix of size Qx2Q)
 105.322350 54.204453 3.156164 36.480591 0.414912 -0.722209 1.057068 -2.847855,
 53.701672 109.181580 43.806656 3.941489 -2.557847 -3.118703 -0.224729 -0.045493,
 3.657641 43.483128 90.398743 34.053814 0.492162 -1.933218 0.962955 1.595811,
 37.199261 5.075251 34.337990 78.863937 4.054177 0.331566 2.048619 -0.716447,
 -210.259933 -94.442291 -10.325302 -80.949585 5.234492 -10.864494 -3.565753 12.537817,
 -86.741951 -203.288116 -92.521851 -11.253426 -3.972658 -32.096016 -17.862207 -1.654924,
 -10.229742 -90.697433 -203.071854 -97.258156 -1.209754 -14.211400 -22.672503 3.389781,
 -96.871307 -10.381047 -92.447639 -197.578049 2.804557 0.526021 -6.610881 24.740067,
 -125.091232 -55.050110 -3.752378 -35.723427 -6.217134 -19.570911 -5.772042 19.439941,
 -72.889412 -90.287613 -42.102669 -9.017656 -5.658756 -17.639664 10.253619 4.855822,
 -8.182821 -26.864574 -120.142509 -40.548321 -5.119727 14.523973 43.578701 12.917866,
 -44.234909 -3.369549 -58.269337 -70.548737 -16.623302 5.570560 12.664243 24.646248,
