Low-band skewness and kurtosis
 -2.248926 6.404686,
 -2.301971 7.124975,
 -1.773194 5.300843,
 -1.378192 4.141958,
 -1.235247 3.512992,

High-band variance
 145.364014,

Skewness, kurtosis, variance, mean, maximum and minimum of the reconstructed texture
 -2.237821 6.157947 6493.844238 223.006775 255.000000 0.000000,

Auto-correlations of the low-frequency bands at each scale
 2678.610840 3236.734863 3612.106934 3714.487305 3528.513672 3117.253418 2563.192871 3150.653809 3898.971436 4519.805664 4759.950195 4468.627930 3815.987549 3059.235840 3472.965088 4452.537598 5405.446777 5827.036621 5382.523926 4408.116699 3415.732666 3568.818115 4670.339844 5799.409180 6317.205078 5799.409180 4670.339844 3568.818115 3415.732666 4408.116699 5382.523926 5827.036621 5405.446777 4452.537598 3472.965088 3059.235840 3815.987549 4468.627930 4759.950195 4519.805664 3898.971436 3150.653809 2563.192871 3117.253418 3528.513672 3714.487305 3612.106934 3236.734863 2678.610840,
 1105.601074 1255.185913 1415.201538 1471.029053 1375.946655 1250.718384 1187.359131 1146.302246 1702.210327 2494.556885 2840.756836 2361.952881 1560.619507 1122.278809 1196.073120 2334.139893 4022.260986 4837.208984 3931.138916 2236.358154 1183.998169 1239.097534 2639.095703 4768.997070 5846.875000 4768.997070 2639.095703 1239.097534 1183.998169 2236.358154 3931.138916 4837.208984 4022.260986 2334.139893 1196.073120 1122.278809 1560.619507 2361.952881 2840.756836 2494.556885 1702.210327 1146.302246 1187.359131 1250.718384 1375.946655 1471.029053 1415.201538 1255.185913 1105.601074,
 816.454712 590.449402 716.016785 1078.290527 1083.068481 838.872986 903.904663 762.720764 590.750488 963.967163 1407.882324 1141.829956 828.519043 1158.371948 942.979370 966.562256 2104.436768 2981.489502 2105.448486 1070.893677 1317.408813 1231.281738 1271.237427 2858.544189 4061.533203 2858.544189 1271.237427 1231.281738 1317.408813 1070.893677 2105.448486 2981.489502 2104.436768 966.562256 942.979370 1158.371948 828.519043 1141.829956 1407.882324 963.967163 590.750488 762.720764 903.904663 838.872986 1083.068481 1078.290527 716.016785 590.449402 816.454712,
 -251.157745 -9.512024 228.348694 400.002411 558.185608 746.775452 777.509766 173.305359 390.196716 660.370667 894.036499 956.197449 991.513855 942.502625 483.728516 736.718018 1255.468628 1664.634521 1477.320923 1113.473267 898.102051 714.248901 1032.979492 1696.825684 2131.290039 1696.825684 1032.979492 714.248901 898.102051 1113.473267 1477.320923 1664.634521 1255.468628 736.718018 483.728516 942.502625 991.513855 956.197449 894.036499 660.370667 390.196716 173.305359 777.509766 746.775452 558.185608 400.002411 228.348694 -9.512024 -251.157745,
 -425.833282 -599.673157 -640.150818 -499.638214 -287.695251 -136.795288 -124.315765 -477.672028 -596.748718 -366.788574 55.684113 322.412231 323.789368 133.461578 -303.284302 -139.148926 446.930115 1018.438599 1071.299805 703.859558 263.049622 64.776237 520.035522 1194.127441 1549.744629 1194.127441 520.035522 64.776237 263.049622 703.859558 1071.299805 1018.438599 446.930115 -139.148926 -303.284302 133.461578 323.789368 322.412231 55.684113 -366.788574 -596.748718 -477.672028 -124.315765 -136.795288 -287.695251 -499.638214 -640.150818 -599.673157 -425.833282,

Auto-correlations of the modulus of each oriented sub-band
 78.671265 84.785591 90.458389 92.604790 90.081192 84.592064 79.285645 96.907867 107.008186 116.345627 119.937508 115.754181 106.271049 96.458527 114.011475 128.620255 142.205276 147.612671 141.718674 127.995926 113.485306 121.184906 137.944855 153.785400 160.433975 153.785400 137.944855 121.184906 113.485306 127.995926 141.718674 147.612671 142.205276 128.620255 114.011475 96.458527 106.271049 115.754181 119.937508 116.345627 107.008186 96.907867 79.285645 84.592064 90.081192 92.604790 90.458389 84.785591 78.671265,
 99.533844 105.097969 108.097977 106.264862 98.816391 87.153389 73.917908 105.066643 120.181221 131.588882 133.484863 124.108528 106.754967 86.924171 107.927681 131.521362 151.143311 157.273087 146.284058 123.770271 98.289574 105.783539 133.179901 157.197189 167.232300 157.197189 133.179901 105.783539 98.289574 123.770271 146.284058 157.273087 151.143311 131.521362 107.927681 86.924171 106.754967 124.108528 133.484863 131.588882 120.181221 105.066643 73.917908 87.153389 98.816391 106.264862 108.097977 105.097969 99.533844,
 65.824036 83.604317 99.841797 106.192459 98.673065 82.910179 67.274734 73.183807 95.663857 116.746780 125.403938 115.534485 94.856529 74.256256 80.116386 106.406219 131.834412 143.002243 131.000793 105.805923 80.634346 83.108566 110.500298 137.641464 150.287964 137.641464 110.500298 83.108566 80.634346 105.805923 131.000793 143.002243 131.834412 106.406219 80.116386 74.256256 94.856529 115.534485 125.403938 116.746780 95.663857 73.183807 67.274734 82.910179 98.673065 106.192459 99.841797 83.604317 65.824036,
 71.823593 84.663132 96.569878 105.432938 109.766228 109.308395 105.081345 83.830147 102.712669 120.105743 131.015778 131.732300 122.849297 109.253777 95.468399 119.675804 141.890549 153.897614 149.545334 131.716232 109.574905 104.722168 130.732025 153.860565 163.649017 153.860565 130.732025 104.722168 109.574905 131.716232 149.545334 153.897614 141.890549 119.675804 95.468399 109.253777 122.849297 131.732300 131.015778 120.105743 102.712669 83.830147 105.081345 109.308395 109.766228 105.432938 96.569878 84.663132 71.823593,
 150.179688 159.529984 168.176071 175.387909 180.424332 184.067978 187.045349 205.554108 226.770676 244.945145 255.448822 255.150497 246.853317 235.293793 282.340393 320.909363 354.076904 369.634125 359.685181 331.302429 296.973450 323.411804 370.897736 412.428528 430.084198 412.428528 370.897736 323.411804 296.973450 331.302429 359.685181 369.634125 354.076904 320.909363 282.340393 235.293793 246.853317 255.150497 255.448822 244.945145 226.770676 205.554108 187.045349 184.067978 180.424332 175.387909 168.176071 159.529984 150.179688,
 270.890625 289.171356 282.340576 252.381546 214.060776 184.934540 172.242065 292.157074 336.146301 353.106659 329.401794 276.252716 221.937561 186.892197 289.058838 358.011261 410.527802 411.104889 355.310394 279.289398 218.906891 259.527771 335.279480 413.397430 449.035767 413.397430 335.279480 259.527771 218.906891 279.289398 355.310394 411.104889 410.527802 358.011261 289.058838 186.892197 221.937561 276.252716 329.401794 353.106659 336.146301 292.157074 172.242065 184.934540 214.060776 252.381546 282.340576 289.171356 270.890625,
 149.573181 195.669403 258.069977 296.820648 280.063690 226.392670 176.061340 157.698227 215.941162 296.984070 346.082886 318.522644 243.552643 177.862076 165.055435 235.681000 334.305389 391.029816 348.334808 252.455780 176.043808 171.534271 249.654541 355.257751 410.483521 355.257751 249.654541 171.534271 176.043808 252.455780 348.334808 391.029816 334.305389 235.681000 165.055435 177.862076 243.552643 318.522644 346.082886 296.984070 215.941162 157.698227 176.061340 226.392670 280.063690 296.820648 258.069977 195.669403 149.573181,
 198.980377 226.408417 268.513031 316.954224 353.717377 362.174347 340.147186 228.915787 275.405243 339.696014 400.459534 427.319855 407.015961 356.154205 269.746307 338.200256 421.146118 481.168671 479.820374 421.855164 346.590240 313.684692 395.542084 478.952728 516.722900 478.952728 395.542084 313.684692 346.590240 421.855164 479.820374 481.168671 421.146118 338.200256 269.746307 356.154205 407.015961 427.319855 400.459534 339.696014 275.405243 228.915787 340.147186 362.174347 353.717377 316.954224 268.513031 226.408417 198.980377,
 156.702866 186.047440 213.077576 232.551208 242.587158 243.702682 235.419754 205.542755 258.179291 306.849792 336.920044 341.354797 323.631866 291.760590 294.309509 386.211517 470.876190 513.745605 497.132233 434.789154 355.586304 366.777008 477.403687 575.849670 616.816589 575.849670 477.403687 366.777008 355.586304 434.789154 497.132233 513.745605 470.876190 386.211517 294.309509 291.760590 323.631866 341.354797 336.920044 306.849792 258.179291 205.542755 235.419754 243.702682 242.587158 232.551208 213.077576 186.047440 156.702866,
 119.710419 137.476898 139.811966 140.592987 148.137924 143.158417 125.369675 126.735840 192.800552 238.215149 223.806641 183.282776 157.712845 141.128113 123.301338 220.886856 340.260529 357.804443 263.198761 173.625198 138.352814 125.515656 203.918991 347.828064 434.346680 347.828064 203.918991 125.515656 138.352814 173.625198 263.198761 357.804443 340.260529 220.886856 123.301338 141.128113 157.712845 183.282776 223.806641 238.215149 192.800552 126.735840 125.369675 143.158417 148.137924 140.592987 139.811966 137.476898 119.710419,
 103.959579 159.620438 239.629074 288.477661 256.953156 216.270340 209.929459 125.019112 195.090637 310.441376 381.962463 324.415009 240.927551 207.949310 151.421860 231.056870 377.251099 471.768219 386.118347 258.103638 196.652603 177.130722 255.382965 408.645630 510.858826 408.645630 255.382965 177.130722 196.652603 258.103638 386.118347 471.768219 377.251099 231.056870 151.421860 207.949310 240.927551 324.415009 381.962463 310.441376 195.090637 125.019112 209.929459 216.270340 256.953156 288.477661 239.629074 159.620438 103.959579,
 98.673592 119.602829 154.064789 198.985764 230.036255 228.099167 199.539337 110.622520 147.758453 211.090637 285.429993 318.936340 286.152008 223.348877 144.873383 212.115448 319.809235 418.067810 415.794403 321.442230 225.338287 194.232239 290.440735 422.770844 494.321594 422.770844 290.440735 194.232239 225.338287 321.442230 415.794403 418.067810 319.809235 212.115448 144.873383 223.348877 286.152008 318.936340 285.429993 211.090637 147.758453 110.622520 199.539337 228.099167 230.036255 198.985764 154.064789 119.602829 98.673592,
 0.624798 6.774776 8.897967 12.142700 19.730858 28.909908 34.469730 12.044496 27.493996 35.740898 37.008175 32.533821 25.353268 18.763683 16.364124 48.323780 76.472137 85.193466 67.271439 36.397640 10.808140 15.316545 54.543774 98.409775 119.634926 98.409775 54.543774 15.316545 10.808140 36.397640 67.271439 85.193466 76.472137 48.323780 16.364124 18.763683 25.353268 32.533821 37.008175 35.740898 27.493996 12.044496 34.469730 28.909908 19.730858 12.142700 8.897967 6.774776 0.624798,
 -3.666054 8.096740 16.015709 19.723061 23.400795 26.990761 22.357817 9.867767 27.407318 41.131626 41.462250 34.429470 30.577263 27.016006 21.632223 45.759300 71.408234 74.443077 53.975510 34.403145 25.032190 23.850285 44.641846 77.792191 96.967575 77.792191 44.641846 23.850285 25.032190 34.403145 53.975510 74.443077 71.408234 45.759300 21.632223 27.016006 30.577263 34.429470 41.462250 41.131626 27.407318 9.867767 22.357817 26.990761 23.400795 19.723061 16.015709 8.096740 -3.666054,
 -0.379530 7.530545 11.793823 14.802853 16.462021 16.417542 18.879080 0.643588 7.400158 25.664700 44.615326 38.976643 23.761669 23.224880 4.610362 10.291224 45.524975 80.761971 57.095463 22.801781 18.867699 11.483926 16.753103 60.154358 98.999329 60.154358 16.753103 11.483926 18.867699 22.801781 57.095463 80.761971 45.524975 10.291224 4.610362 23.224880 23.761669 38.976643 44.615326 25.664700 7.400158 0.643588 18.879080 16.417542 16.462021 14.802853 11.793823 7.530545 -0.379530,
 -18.695686 -12.049461 0.256628 17.009480 33.018547 37.141106 29.396755 -7.006602 5.560417 25.131573 50.280384 65.686584 56.813217 37.768337 14.949019 36.285126 67.631882 99.071777 100.911179 71.428665 43.001236 36.364105 65.172989 104.577110 127.438034 104.577110 65.172989 36.364105 43.001236 71.428665 100.911179 99.071777 67.631882 36.285126 14.949019 37.768337 56.813217 65.686584 50.280384 25.131573 5.560417 -7.006602 29.396755 37.141106 33.018547 17.009480 0.256628 -12.049461 -18.695686,

Pairwise cross-correlations of the modulus of all oriented sub-bands at the same scale (size QxQ)
 160.433960 110.557518 62.259476 111.084389,
 110.557518 167.232330 104.911789 67.899284,
 62.259476 104.911789 150.287964 104.981888,
 111.084389 67.899284 104.981888 163.649017,
 430.084229 347.745880 291.036285 393.593536,
 347.745880 449.035828 340.195190 339.451202,
 291.036285 340.195190 410.483551 364.606293,
 393.593536 339.451202 364.606293 516.722900,
 616.816528 375.253479 366.903900 431.644135,
 375.253479 434.346741 363.265320 296.411652,
 366.903900 363.265320 510.858887 360.964996,
 431.644135 296.411652 360.964996 494.321594,
 119.634918 59.725239 28.380404 74.671707,
 59.725239 96.967575 45.965302 48.119316,
 28.380404 45.965302 98.999313 62.363476,
 74.671707 48.119316 62.363476 127.438049,

Cross-correlations of the modulus of all oriented sub-bands with all oriented sub-bands at the coarser scale (size QxQ)
 227.626099 188.572968 142.644608 213.197815,
 187.595139 237.983170 181.847122 174.774246,
 143.620590 181.412766 208.425201 196.254150,
 194.041306 154.629150 181.791061 252.753540,
 391.169647 285.034027 295.386505 336.725128,
 370.206055 336.709869 313.210602 309.349976,
 327.505157 287.431702 327.809601 316.657257,
 424.242950 280.639130 346.994263 394.690918,
 149.315445 133.227707 96.997147 150.246735,
 113.039940 118.352142 75.344643 112.719315,
 123.089401 109.752625 97.081009 126.647377,
 120.010956 100.032547 77.792542 120.194252,

Cross-correlations of the real part of each oriented sub-band with both the real and imaginary part of all phase-doubled oriented sub-bands at the next coarser scale (Q matrices of size 1x2Q, which are computed and stored in a matrix of size Qx2Q)
 78.813156 39.629261 4.827071 39.847279 1.927217 -0.083495 -0.113229 -2.966163,
 35.566433 91.450638 36.297501 2.557029 -1.440536 -4.070686 1.606754 -0.189807,
 3.148143 38.124020 80.102119 37.632427 -0.784925 -0.809228 2.297269 -1.683293,
 35.029102 2.313216 37.149788 91.463310 0.834834 0.955546 0.107385 -5.323812,
 -109.175995 -59.747162 -8.582886 -49.924622 -27.025570 -4.259241 -2.239108 10.006678,
 -55.586128 -127.196693 -66.380463 -1.418525 -16.025064 -14.559654 3.736920 -0.116372,
 -4.245330 -54.926880 -132.358521 -53.755596 -2.394943 -9.232902 7.610538 -12.716579,
 -44.514858 -5.165462 -55.568993 -126.629471 -10.600707 -1.163491 -3.276718 -5.594911,
 -123.168015 -35.907913 0.039580 -16.268089 66.774284 19.031544 -2.084373 -22.820963,
 -55.610039 -48.254887 -27.100185 -9.871136 32.815788 5.684813 -4.432367 0.386631,
 -0.893109 -18.089516 -64.459946 -15.975803 1.093432 -8.247291 1.336894 -7.020965,
 -40.969650 -7.372559 -25.110573 -9.964869 18.432035 2.636750 -0.748129 -38.306076,
