Low-band skewness and kurtosis
 -2.642022 8.291496,
 -2.673519 8.831439,
 -2.414064 7.905320,
 -2.066289 6.825699,
 -1.291607 3.936799,

High-band variance
 93.167244,

Skewness, kurtosis, variance, mean, maximum and minimum of the reconstructed texture
 -2.631413 8.062988 5469.489746 229.329712 255.000000 0.000000,

Auto-correlations of the low-frequency bands at each scale
 2901.782959 3335.402588 3655.921387 3794.500732 3726.894043 3512.126709 3224.429932 3225.224365 3749.658203 4203.928223 4414.586914 4269.374512 3891.539062 3460.621338 3482.140625 4120.629883 4755.490234 5057.802734 4799.892578 4205.477539 3607.901367 3620.766113 4308.612793 5023.817383 5355.654297 5023.817383 4308.612793 3620.766113 3607.901367 4205.477539 4799.892578 5057.802734 4755.490234 4120.629883 3482.140625 3460.621338 3891.539062 4269.374512 4414.586914 4203.928223 3749.658203 3225.224365 3224.429932 3512.126709 3726.894043 3794.500732 3655.921387 3335.402588 2901.782959,
 1271.558594 1747.340820 2171.572998 2415.563477 2500.170654 2544.777832 2569.420898 1514.927124 2149.677246 2893.304688 3282.257812 3115.045898 2735.034668 2485.857422 1813.802856 2666.200439 3837.363525 4447.626953 3971.827881 3009.586670 2359.571289 2139.628662 3050.394531 4367.697266 5040.814941 4367.697266 3050.394531 2139.628662 2359.571289 3009.586670 3971.827881 4447.626953 3837.363525 2666.200439 1813.802856 2485.857422 2735.034668 3115.045898 3282.257812 2893.304688 2149.677246 1514.927124 2569.420898 2544.777832 2500.170654 2415.563477 2171.572998 1747.340820 1271.558594,
 -182.776855 143.197754 564.673096 1137.019287 1785.384033 2298.442383 2391.408691 216.686218 577.237061 1249.621338 2006.648438 2355.755127 2360.290039 2090.836426 725.342590 1253.934082 2379.932129 3314.312988 3046.983398 2247.587891 1647.857178 1217.653076 1916.752808 3224.051514 4038.747559 3224.051514 1916.752808 1217.653076 1647.857178 2247.587891 3046.983398 3314.312988 2379.932129 1253.934082 725.342590 2090.836426 2360.290039 2355.755127 2006.648438 1249.621338 577.237061 216.686218 2391.408691 2298.442383 1785.384033 1137.019287 564.673096 143.197754 -182.776855,
 -610.291870 -682.503601 -672.166992 -198.117920 800.701172 1863.777588 2208.546387 -651.442505 -700.327332 -288.438965 737.128540 1809.650635 2247.538818 1733.751587 -639.409668 -249.877563 902.096680 2167.268555 2444.445801 1705.044556 638.984009 -271.809326 692.598145 2157.984863 2940.155029 2157.984863 692.598145 -271.809326 638.984009 1705.044556 2444.445801 2167.268555 902.096680 -249.877563 -639.409668 1733.751587 2247.538818 1809.650635 737.128540 -288.438965 -700.327332 -651.442505 2208.546387 1863.777588 800.701172 -198.117920 -672.166992 -682.503601 -610.291870,
 -243.182007 -775.487793 -973.298889 -788.151489 -89.996643 775.480591 1070.653198 -748.669067 -956.773499 -828.886292 -94.926239 914.353943 1265.713989 657.459717 -924.883423 -821.789795 -86.516418 1059.090576 1496.556641 771.643677 -249.332367 -825.998840 -187.408905 1015.560059 1682.837524 1015.560059 -187.408905 -825.998840 -249.332367 771.643677 1496.556641 1059.090576 -86.516418 -821.789795 -924.883423 657.459717 1265.713989 914.353943 -94.926239 -828.886292 -956.773499 -748.669067 1070.653198 775.480591 -89.996643 -788.151489 -973.298889 -775.487793 -243.182007,

Auto-correlations of the modulus of each oriented sub-band
 65.843536 72.877975 79.399017 82.888603 82.101440 78.022690 73.011719 76.117096 86.209213 95.379646 99.631607 97.071220 89.437393 80.634735 86.448921 100.109077 112.435104 117.721420 113.252594 101.685692 88.683739 91.694748 106.921951 120.706863 126.407478 120.706863 106.921951 91.694748 88.683739 101.685692 113.252594 117.721420 112.435104 100.109077 86.448921 80.634735 89.437393 97.071220 99.631607 95.379646 86.209213 76.117096 73.011719 78.022690 82.101440 82.888603 79.399017 72.877975 65.843536,
 67.524673 74.021515 79.678391 82.523415 81.849869 78.161026 72.625870 74.156250 85.733253 95.443375 98.966385 95.407715 87.056374 76.984177 79.526459 95.559204 109.556976 114.526939 108.237976 95.000092 80.331421 81.575356 98.814430 114.578247 121.339165 114.578247 98.814430 81.575356 80.331421 95.000092 108.237976 114.526939 109.556976 95.559204 79.526459 76.984177 87.056374 95.407715 98.966385 95.443375 85.733253 74.156250 72.625870 78.161026 81.849869 82.523415 79.678391 74.021515 67.524673,
 55.308113 63.162827 71.781006 76.350555 73.744659 67.564163 62.266602 61.247345 72.528893 84.970749 91.278229 86.533585 76.072807 66.806610 66.946640 80.952850 96.518211 104.268883 97.363945 82.933609 70.071991 70.304008 84.989304 101.425644 109.548424 101.425644 84.989304 70.304008 70.071991 82.933609 97.363945 104.268883 96.518211 80.952850 66.946640 66.806610 76.072807 86.533585 91.278229 84.970749 72.528893 61.247345 62.266602 67.564163 73.744659 76.350555 71.781006 63.162827 55.308113,
 66.554817 72.282738 77.110046 80.610161 82.004089 81.005714 78.319603 71.841858 81.204590 90.209045 96.052406 95.872467 89.901108 81.616257 76.806931 90.195183 103.561272 111.126556 108.013374 96.289955 82.736649 80.874977 96.331558 111.252289 117.830536 111.252289 96.331558 80.874977 82.736649 96.289955 108.013374 111.126556 103.561272 90.195183 76.806931 81.616257 89.901108 95.872467 96.052406 90.209045 81.204590 71.841858 78.319603 81.005714 82.004089 80.610161 77.110046 72.282738 66.554817,
 151.396240 173.129349 192.873459 208.193726 217.616470 221.612411 221.340149 191.556534 217.362411 240.172516 254.334000 256.304535 248.617477 236.105026 234.319824 268.189209 297.959503 312.481110 305.038177 282.084229 254.280640 258.693359 295.789062 328.474976 342.477692 328.474976 295.789062 258.693359 254.280640 282.084229 305.038177 312.481110 297.959503 268.189209 234.319824 236.105026 248.617477 256.304535 254.334000 240.172516 217.362411 191.556534 221.340149 221.612411 217.616470 208.193726 192.873459 173.129349 151.396240,
 152.634827 173.615082 185.024017 187.557480 184.959564 181.709930 179.424957 176.785645 207.670792 226.431198 225.432739 210.527847 193.745468 181.582520 191.165909 230.589478 263.807648 269.197998 245.305450 212.627686 186.656021 192.463135 230.237320 271.113220 290.844879 271.113220 230.237320 192.463135 186.656021 212.627686 245.305450 269.197998 263.807648 230.589478 191.165909 181.582520 193.745468 210.527847 225.432739 226.431198 207.670792 176.785645 179.424957 181.709930 184.959564 187.557480 185.024017 173.615082 152.634827,
 123.325417 151.195114 182.380066 204.516556 204.742798 187.912369 171.280075 139.009552 170.843811 212.127426 238.736176 228.780472 196.741577 171.117645 151.714188 187.760056 238.723267 269.000244 247.718018 201.202774 167.642990 161.211609 198.594238 252.432632 281.706024 252.432632 198.594238 161.211609 167.642990 201.202774 247.718018 269.000244 238.723267 187.760056 151.714188 171.117645 196.741577 228.780472 238.736176 212.127426 170.843811 139.009552 171.280075 187.912369 204.742798 204.516556 182.380066 151.195114 123.325417,
 150.422516 181.642868 213.705063 244.467743 266.979980 273.845459 263.514679 179.739349 218.788086 260.363861 296.450073 312.587128 302.038086 272.149933 210.186005 259.872223 311.483765 347.266479 346.885803 312.609222 264.154266 240.737305 296.504578 347.865234 370.424988 347.865234 296.504578 240.737305 264.154266 312.609222 346.885803 347.266479 311.483765 259.872223 210.186005 272.149933 302.038086 312.587128 296.450073 260.363861 218.788086 179.739349 263.514679 273.845459 266.979980 244.467743 213.705063 181.642868 150.422516,
 38.741478 91.798386 147.095367 199.110168 238.513031 254.939072 246.183228 93.620476 153.551712 208.376892 246.798798 263.531799 258.388367 234.556824 165.902832 240.232162 304.243561 333.878662 321.136078 280.092163 229.062073 217.880081 294.483795 362.534851 391.173737 362.534851 294.483795 217.880081 229.062073 280.092163 321.136078 333.878662 304.243561 240.232162 165.902832 234.556824 258.388367 263.531799 246.798798 208.376892 153.551712 93.620476 246.183228 254.939072 238.513031 199.110168 147.095367 91.798386 38.741478,
 76.220993 133.526367 178.870682 205.047501 221.203476 232.901794 232.161331 133.423843 199.714233 254.782227 274.862030 270.381287 261.944092 247.996323 187.492355 256.049042 323.590973 347.344788 320.161163 281.987091 249.251541 228.698502 284.010193 348.303131 382.522308 348.303131 284.010193 228.698502 249.251541 281.987091 320.161163 347.344788 323.590973 256.049042 187.492355 247.996323 261.944092 270.381287 274.862030 254.782227 199.714233 133.423843 232.161331 232.901794 221.203476 205.047501 178.870682 133.526367 76.220993,
 23.203094 70.074936 130.075531 173.480652 188.567749 196.099228 195.398621 66.396088 119.200050 186.472626 229.701797 226.429077 210.731201 192.965332 111.087692 166.093155 236.348724 278.713196 255.937317 214.203842 178.535873 150.555664 199.992920 262.193665 299.049866 262.193665 199.992920 150.555664 178.535873 214.203842 255.937317 278.713196 236.348724 166.093155 111.087692 192.965332 210.731201 226.429077 229.701797 186.472626 119.200050 66.396088 195.398621 196.099228 188.567749 173.480652 130.075531 70.074936 23.203094,
 14.809685 70.093155 132.750946 193.602020 234.605225 238.126266 212.551666 58.962074 119.716698 191.329193 257.336426 281.917297 250.698212 198.335449 102.463135 168.910126 252.704697 318.439270 311.797363 243.964081 174.680511 142.014465 214.132339 301.938232 347.392151 301.938232 214.132339 142.014465 174.680511 243.964081 311.797363 318.439270 252.704697 168.910126 102.463135 198.335449 250.698212 281.917297 257.336426 191.329193 119.716698 58.962074 212.551666 238.126266 234.605225 193.602020 132.750946 70.093155 14.809685,
 -61.528088 -31.036690 -0.480312 32.210491 70.827393 109.309654 129.475952 -24.688385 18.241100 51.312958 70.331482 83.401184 97.973282 107.033051 13.582191 72.072357 116.503304 127.947952 109.721611 82.990448 60.472214 34.270077 90.326164 145.015137 169.236252 145.015137 90.326164 34.270077 60.472214 82.990448 109.721611 127.947952 116.503304 72.072357 13.582191 107.033051 97.973282 83.401184 70.331482 51.312958 18.241100 -24.688385 129.475952 109.309654 70.827393 32.210491 -0.480312 -31.036690 -61.528088,
 -183.488190 -77.072647 44.568245 161.723602 257.993073 316.927002 325.385925 -80.322746 51.167801 183.527130 287.738708 347.143585 356.711243 314.549927 38.888939 177.265106 303.705322 381.374451 390.668762 343.514191 255.626862 157.547760 280.067566 377.390442 416.956543 377.390442 280.067566 157.547760 255.626862 343.514191 390.668762 381.374451 303.705322 177.265106 38.888939 314.549927 356.711243 347.143585 287.738708 183.527130 51.167801 -80.322746 325.385925 316.927002 257.993073 161.723602 44.568245 -77.072647 -183.488190,
 -68.954315 -18.242802 23.807365 36.931259 57.337219 93.545959 100.252899 -47.874714 16.479179 86.572815 99.849525 84.056854 93.021736 92.065994 -18.707977 41.839752 128.921494 160.843872 112.956146 78.132004 61.575073 19.769556 60.460228 134.579300 187.745911 134.579300 60.460228 19.769556 61.575073 78.132004 112.956146 160.843872 128.921494 41.839752 -18.707977 92.065994 93.021736 84.056854 99.849525 86.572815 16.479179 -47.874714 100.252899 93.545959 57.337219 36.931259 23.807365 -18.242802 -68.954315,
 -71.985519 -51.208488 -14.636837 32.972641 75.883362 97.980736 96.265198 -54.622898 -20.866634 30.194298 85.486343 120.693001 120.429199 92.880890 -22.989202 26.620071 89.655876 141.191071 151.627899 118.657272 67.046532 22.420393 82.015755 141.183807 167.490417 141.183807 82.015755 22.420393 67.046532 118.657272 151.627899 141.191071 89.655876 26.620071 -22.989202 92.880890 120.429199 120.693001 85.486343 30.194298 -20.866634 -54.622898 96.265198 97.980736 75.883362 32.972641 -14.636837 -51.208488 -71.985519,

Pairwise cross-correlations of the modulus of all oriented sub-bands at the same scale (size QxQ)
 126.407501 88.564156 62.705841 92.669441,
 88.564156 121.339180 84.339966 64.205330,
 62.705841 84.339966 109.548431 82.871758,
 92.669441 64.205330 82.871758 117.830551,
 342.477722 249.944244 235.628006 308.005493,
 249.944244 290.844910 230.045578 231.155365,
 235.628006 230.045578 281.706055 260.150604,
 308.005493 231.155365 260.150604 370.424927,
 391.173767 286.449036 239.412689 302.013489,
 286.449036 382.522369 235.215912 223.260345,
 239.412689 235.215912 299.049866 264.060608,
 302.013489 223.260345 264.060608 347.392212,
 169.236282 216.605255 103.080032 117.096420,
 216.605255 416.956543 210.068176 183.766449,
 103.080032 210.068176 187.745926 128.639709,
 117.096420 183.766449 128.639709 167.490433,

Cross-correlations of the modulus of all oriented sub-bands with all oriented sub-bands at the coarser scale (size QxQ)
 180.100204 135.016083 120.996529 163.091354,
 146.264236 164.227402 138.191681 130.058884,
 123.556847 130.507538 151.650574 142.071823,
 158.003448 116.338020 137.214188 178.968964,
 292.533630 237.276245 226.387527 271.481110,
 243.118393 252.317627 220.549454 216.479660,
 229.882614 209.879196 239.819931 236.688385,
 278.413544 217.759521 234.869659 292.336700,
 179.016144 280.760590 142.878159 163.564453,
 183.201630 291.913086 165.029144 134.014526,
 144.373520 241.655396 165.662857 169.655182,
 144.374863 244.801254 155.490723 164.601379,

Cross-correlations of the real part of each oriented sub-band with both the real and imaginary part of all phase-doubled oriented sub-bands at the next coarser scale (Q matrices of size 1x2Q, which are computed and stored in a matrix of size Qx2Q)
 58.752201 20.980225 2.146128 29.913214 -0.694545 3.713772 -0.239737 1.993712,
 21.020138 44.275139 17.608719 2.657215 3.874261 2.686565 0.048761 -0.231024,
 3.967322 20.790941 38.834488 17.525497 0.676874 -1.115202 -2.718040 0.812928,
 34.842918 3.190393 17.830547 52.553780 -2.504100 0.008466 -2.182403 3.966411,
 -27.533253 -10.030929 -0.053755 -4.222254 -3.627122 14.447924 3.719320 15.645630,
 -14.481496 -15.679018 6.058046 1.265071 7.996526 30.282990 -10.986694 0.784907,
 -2.212544 -3.998548 25.758141 0.695565 1.484424 -0.297985 -46.306759 -0.998353,
 -12.621367 -0.849821 13.746373 -10.176785 -7.964484 -2.733644 -18.897665 18.653061,
 -74.707520 -75.537338 -8.103916 -2.518047 -18.577877 51.693542 3.708283 11.747429,
 -71.868935 -167.987152 -50.803009 0.342646 24.871672 98.640701 -10.399529 0.078500,
 -9.918080 -61.695118 -61.786354 -2.483214 9.488749 11.854393 -60.127579 -4.348574,
 -10.946566 -2.941255 -14.466257 -9.604268 -15.695749 -3.769628 -27.590481 11.807119,
