Low-band skewness and kurtosis
 -2.015285 5.411753,
 -2.076596 6.166553,
 -1.353404 3.838216,
 -0.937396 3.714186,
 -0.596171 2.394690,

High-band variance
 174.251160,

Skewness, kurtosis, variance, mean, maximum and minimum of the reconstructed texture
 -2.001708 5.158452 7193.182129 218.304810 255.000000 0.000000,

Auto-correlations of the low-frequency bands at each scale
 2082.605713 2802.785400 3371.965332 3652.175781 3552.561035 3114.744873 2446.521240 2822.499512 3748.805420 4579.212891 4991.329102 4742.067383 3999.548096 3071.902344 3374.235840 4573.169434 5775.124023 6356.757324 5873.094727 4711.520020 3492.156250 3613.768066 4962.844727 6345.991211 6981.738281 6345.991211 4962.844727 3613.768066 3492.156250 4711.520020 5873.094727 6356.757324 5775.124023 4573.169434 3374.235840 3071.902344 3999.548096 4742.067383 4991.329102 4579.212891 3748.805420 2822.499512 2446.521240 3114.744873 3552.561035 3652.175781 3371.965332 2802.785400 2082.605713,
 281.825012 221.040787 503.407410 846.061768 837.845520 610.386719 605.852173 356.197968 757.037842 1779.125732 2516.373047 2144.432373 1162.048584 638.136963 616.044312 1814.417114 3902.886475 5098.240723 4124.987305 2046.792358 749.854126 807.725464 2459.575195 5081.005859 6425.937988 5081.005859 2459.575195 807.725464 749.854126 2046.792358 4124.987305 5098.240723 3902.886475 1814.417114 616.044312 638.136963 1162.048584 2144.432373 2516.373047 1779.125732 757.037842 356.197968 605.852173 610.386719 837.845520 846.061768 503.407410 221.040787 281.825012,
 443.583649 273.983337 123.644241 144.973724 298.951660 637.783813 813.768433 376.342133 74.472778 202.216385 512.412598 465.038696 565.415161 788.497559 206.901917 289.756714 1570.141479 2624.866699 1837.161987 742.528931 569.570679 282.121490 742.490540 2715.865479 4104.124023 2715.865479 742.490540 282.121490 569.570679 742.528931 1837.161987 2624.866699 1570.141479 289.756714 206.901917 788.497559 565.415161 465.038696 512.412598 202.216385 74.472778 376.342133 813.768433 637.783813 298.951660 144.973724 123.644241 273.983337 443.583649,
 343.189758 215.375366 245.345047 359.672791 364.178040 266.636108 154.754623 283.972015 115.320053 197.462479 409.921539 478.496948 419.994019 300.335297 114.263763 125.160385 642.595215 1135.939209 967.110840 521.580688 256.489166 99.591721 375.167419 1176.681396 1700.922852 1176.681396 375.167419 99.591721 256.489166 521.580688 967.110840 1135.939209 642.595215 125.160385 114.263763 300.335297 419.994019 478.496948 409.921539 197.462479 115.320053 283.972015 154.754623 266.636108 364.178040 359.672791 245.345047 215.375366 343.189758,
 -344.755554 -121.837616 120.613022 226.651291 80.883133 -227.859039 -435.226196 -249.144714 -40.175983 215.034439 356.345917 203.960068 -120.019867 -321.186890 -146.264862 68.964661 419.022461 640.604858 453.916687 76.434265 -148.188690 -83.004257 156.919098 577.234375 819.622375 577.234375 156.919098 -83.004257 -148.188690 76.434265 453.916687 640.604858 419.022461 68.964661 -146.264862 -321.186890 -120.019867 203.960068 356.345917 215.034439 -40.175983 -249.144714 -435.226196 -227.859039 80.883133 226.651291 120.613022 -121.837616 -344.755554,

Auto-correlations of the modulus of each oriented sub-band
 63.243763 72.033562 81.120094 86.025925 84.390526 77.767769 70.155067 87.815575 101.121254 113.843933 119.672707 115.574081 104.106758 91.221016 110.834732 129.341003 146.357224 153.455536 146.767593 130.126373 111.746796 120.653984 141.740570 161.098450 169.118927 161.098450 141.740570 120.653984 111.746796 130.126373 146.767593 153.455536 146.357224 129.341003 110.834732 91.221016 104.106758 115.574081 119.672707 113.843933 101.121254 87.815575 70.155067 77.767769 84.390526 86.025925 81.120094 72.033562 63.243763,
 112.346848 116.301300 115.949966 110.058945 98.905624 84.158569 68.031158 118.020256 134.591217 145.343979 144.480621 131.036057 109.036957 84.417366 118.479980 146.613480 168.879654 174.442963 159.863785 131.828293 100.114441 112.283020 145.952667 174.944931 186.942993 174.944931 145.952667 112.283020 100.114441 131.828293 159.863785 174.442963 168.879654 146.613480 118.479980 84.417366 109.036957 131.036057 144.480621 145.343979 134.591217 118.020256 68.031158 84.158569 98.905624 110.058945 115.949966 116.301300 112.346848,
 55.965057 80.153099 103.369614 113.090996 103.807846 83.014015 61.702072 64.681213 93.630257 122.391434 135.064529 122.985703 96.171684 69.057251 73.382751 106.405411 139.798096 155.069489 140.237732 107.951019 75.775482 77.791046 112.214142 147.106964 163.327957 147.106964 112.214142 77.791046 75.775482 107.951019 140.237732 155.069489 139.798096 106.405411 73.382751 69.057251 96.171684 122.985703 135.064529 122.391434 93.630257 64.681213 61.702072 83.014015 103.807846 113.090996 103.369614 80.153099 55.965057,
 53.517021 66.845253 80.353340 91.643478 98.427452 99.929008 97.338570 68.598267 89.896896 110.645325 124.566368 126.564224 117.079895 102.216095 83.291901 111.730698 138.658585 153.685150 148.886368 127.797623 101.885056 95.204514 126.055099 153.944183 165.841583 153.944183 126.055099 95.204514 101.885056 127.797623 148.886368 153.685150 138.658585 111.730698 83.291901 102.216095 117.079895 126.564224 124.566368 110.645325 89.896896 68.598267 97.338570 99.929008 98.427452 91.643478 80.353340 66.845253 53.517021,
 144.247498 159.165909 173.253372 182.566284 184.392136 179.900497 171.917267 229.608078 264.323517 293.704834 309.406982 306.527954 288.533051 262.179108 323.600281 382.076416 429.884583 451.362244 438.194153 398.392456 346.224548 374.108398 442.303894 497.469666 519.729492 497.469666 442.303894 374.108398 346.224548 398.392456 438.194153 451.362244 429.884583 382.076416 323.600281 262.179108 288.533051 306.527954 309.406982 293.704834 264.323517 229.608078 171.917267 179.900497 184.392136 182.566284 173.253372 159.165909 144.247498,
 267.779755 300.290283 296.567139 259.041443 209.363647 166.629074 136.036102 303.885132 370.212006 395.206329 362.079102 290.478241 217.332916 162.017136 297.374878 397.098755 469.677032 468.739227 391.933319 289.266846 202.997314 255.200409 362.465851 469.572876 518.283569 469.572876 362.465851 255.200409 202.997314 289.266846 391.933319 468.739227 469.677032 397.098755 297.374878 162.017136 217.332916 290.478241 362.079102 395.206329 370.212006 303.885132 136.036102 166.629074 209.363647 259.041443 296.567139 300.290283 267.779755,
 123.350410 191.052170 274.369781 310.578064 267.120819 187.564896 128.631332 141.769180 225.550430 331.749573 379.886597 322.156067 217.999802 141.462692 154.358963 250.758575 377.296875 439.300171 370.542847 244.770294 152.349655 157.790207 257.949677 392.943115 463.997559 392.943115 257.949677 157.790207 152.349655 244.770294 370.542847 439.300171 377.296875 250.758575 154.358963 141.462692 217.999802 322.156067 379.886597 331.749573 225.550430 141.769180 128.631332 187.564896 267.120819 310.578064 274.369781 191.052170 123.350410,
 82.460876 103.961227 140.148499 186.608612 227.171844 243.353592 227.844177 109.321106 153.733978 219.274124 286.875610 323.838104 312.234100 263.700653 154.870605 229.176758 322.622742 395.102753 401.229065 342.373657 259.081970 213.542801 307.047699 402.296143 445.931366 402.296143 307.047699 213.542801 259.081970 342.373657 401.229065 395.102753 322.622742 229.176758 154.870605 263.700653 312.234100 323.838104 286.875610 219.274124 153.733978 109.321106 227.844177 243.353592 227.171844 186.608612 140.148499 103.961227 82.460876,
 61.004166 72.464493 89.966568 110.246674 123.362198 122.076401 105.484848 87.749237 116.564690 147.875778 166.951584 162.125381 136.618530 102.451172 142.127075 218.868011 300.470398 337.696045 301.786987 219.785065 140.304504 171.685913 281.797485 403.440796 460.697510 403.440796 281.797485 171.685913 140.304504 219.785065 301.786987 337.696045 300.470398 218.868011 142.127075 102.451172 136.618530 162.125381 166.951584 147.875778 116.564690 87.749237 105.484848 122.076401 123.362198 110.246674 89.966568 72.464493 61.004166,
 116.589859 155.002747 160.672150 142.927689 133.664886 135.332092 128.689117 160.952530 253.262512 305.118622 271.782196 200.583344 154.661865 133.250046 182.527786 316.043060 453.647064 463.002930 337.988678 212.301544 149.670761 172.285828 288.820038 466.557617 567.060791 466.557617 288.820038 172.285828 149.670761 212.301544 337.988678 463.002930 453.647064 316.043060 182.527786 133.250046 154.661865 200.583344 271.782196 305.118622 253.262512 160.952530 128.689117 135.332092 133.664886 142.927689 160.672150 155.002747 116.589859,
 66.829826 72.858002 115.661278 171.957092 158.324463 90.436340 40.515572 78.600754 120.927696 218.426758 299.346863 240.695435 119.381844 45.872433 82.299408 159.013519 316.147736 428.271484 323.793182 152.386261 60.127621 75.463387 170.729187 359.372620 486.211914 359.372620 170.729187 75.463387 60.127621 152.386261 323.793182 428.271484 316.147736 159.013519 82.299408 45.872433 119.381844 240.695435 299.346863 218.426758 120.927696 78.600754 40.515572 90.436340 158.324463 171.957092 115.661278 72.858002 66.829826,
 83.150627 102.202637 115.981865 137.436371 155.160339 142.133209 103.487160 91.984619 120.863708 169.661926 233.131409 253.015594 193.521942 108.615784 95.839630 161.329041 274.501404 376.016022 357.796265 230.801270 110.645844 103.103752 213.346756 368.968872 452.677734 368.968872 213.346756 103.103752 110.645844 230.801270 357.796265 376.016022 274.501404 161.329041 95.839630 108.615784 193.521942 253.015594 233.131409 169.661926 120.863708 91.984619 103.487160 142.133209 155.160339 137.436371 115.981865 102.202637 83.150627,
 1.511972 -6.751804 -11.558866 -9.217402 -1.887559 4.434914 3.918628 15.797574 12.219325 7.523454 3.952984 1.818868 0.814681 -0.433820 25.509390 43.263775 58.215775 57.503304 39.407310 17.302204 2.929972 18.168013 46.734032 81.421707 98.371857 81.421707 46.734032 18.168013 2.929972 17.302204 39.407310 57.503304 58.215775 43.263775 25.509390 -0.433820 0.814681 1.818868 3.952984 7.523454 12.219325 15.797574 3.918628 4.434914 -1.887559 -9.217402 -11.558866 -6.751804 1.511972,
 8.876287 23.361465 38.949841 50.454952 50.331280 42.415039 34.670662 27.757843 47.974724 69.776619 77.635765 67.176735 48.829987 32.900742 50.284008 89.225060 135.979034 150.016937 117.913353 73.616951 38.990070 51.421371 98.959412 161.039429 196.261703 161.039429 98.959412 51.421371 38.990070 73.616951 117.913353 150.016937 135.979034 89.225060 50.284008 32.900742 48.829987 67.176735 77.635765 69.776619 47.974724 27.757843 34.670662 42.415039 50.331280 50.454952 38.949841 23.361465 8.876287,
 -13.786702 -21.892477 -5.168447 19.728994 28.974510 29.376577 22.109100 -11.438221 -9.671427 27.812471 61.039162 51.255829 31.987803 22.861423 -2.341804 9.552084 67.174240 110.323013 76.551727 31.022230 17.519642 8.548403 24.926838 87.624268 135.079163 87.624268 24.926838 8.548403 17.519642 31.022230 76.551727 110.323013 67.174240 9.552084 -2.341804 22.861423 31.987803 51.255829 61.039162 27.812471 -9.671427 -11.438221 22.109100 29.376577 28.974510 19.728994 -5.168447 -21.892477 -13.786702,
 -5.073422 -6.284528 2.147937 10.412832 14.431959 16.303217 13.622790 -5.030045 -0.575224 15.723196 33.184017 40.128342 32.088112 16.398071 0.921043 16.164471 48.724792 78.972420 77.452194 46.435043 17.333384 11.067158 39.061539 84.053101 109.191185 84.053101 39.061539 11.067158 17.333384 46.435043 77.452194 78.972420 48.724792 16.164471 0.921043 16.398071 32.088112 40.128342 33.184017 15.723196 -0.575224 -5.030045 13.622790 16.303217 14.431959 10.412832 2.147937 -6.284528 -5.073422,

Pairwise cross-correlations of the modulus of all oriented sub-bands at the same scale (size QxQ)
 169.118942 113.948952 55.390541 107.716713,
 113.948952 186.943008 111.024529 62.018368,
 55.390541 111.024529 163.327972 105.670807,
 107.716713 62.018368 105.670807 165.841599,
 519.729492 390.613983 322.999023 378.972931,
 390.613983 518.283630 363.827332 313.967804,
 322.999023 363.827332 463.997620 341.020996,
 378.972931 313.967804 341.020996 445.931396,
 460.697571 342.686859 239.495758 296.069336,
 342.686859 567.060791 305.109314 285.827728,
 239.495758 305.109314 486.211945 334.442444,
 296.069336 285.827728 334.442444 452.677765,
 98.371864 70.909927 28.478996 23.745922,
 70.909927 196.261688 68.466034 18.406998,
 28.478996 68.466034 135.079178 61.573914,
 23.745922 18.406998 61.573914 109.191193,

Cross-correlations of the modulus of all oriented sub-bands with all oriented sub-bands at the coarser scale (size QxQ)
 248.608917 198.324387 141.021622 187.670151,
 207.551620 265.655548 197.815796 149.475906,
 152.945816 193.924606 233.138107 178.586838,
 206.920868 157.621994 189.780167 231.541168,
 359.612732 332.163757 281.717102 332.901764,
 317.158905 373.166779 314.795441 283.733887,
 248.380020 298.224182 347.274933 307.073761,
 286.574341 258.771912 295.200806 331.459991,
 65.027496 105.295998 71.652199 42.179024,
 52.178619 124.321022 84.023285 41.916050,
 53.406326 84.711716 118.964546 76.783569,
 64.661728 73.134399 101.026749 90.091370,

Cross-correlations of the real part of each oriented sub-band with both the real and imaginary part of all phase-doubled oriented sub-bands at the next coarser scale (Q matrices of size 1x2Q, which are computed and stored in a matrix of size Qx2Q)
 107.406181 58.953274 5.455657 38.741093 1.707398 0.856190 -0.093355 0.186189,
 54.962845 128.858078 51.218437 4.309817 0.279398 0.703435 1.406205 -0.598246,
 5.076562 53.769062 109.684364 45.232777 0.433595 0.241281 -0.653062 -1.064442,
 40.356915 5.956873 46.800186 93.728569 1.632694 0.183759 -2.159610 0.833330,
 -160.421646 -95.648140 -16.512394 -60.854744 15.647408 6.157967 -2.902316 -12.904168,
 -87.483894 -226.948364 -91.241837 -8.338344 7.479732 18.881868 -5.018482 -0.159402,
 -13.193688 -100.068436 -198.282928 -92.156067 0.041945 11.090639 -19.413841 -14.149861,
 -63.022240 -10.737090 -95.972580 -170.513321 5.621991 0.547423 -16.725018 -30.099653,
 -96.102264 -19.403412 -6.467412 -31.815279 -39.919426 -4.814040 -3.072630 -10.798792,
 -42.336876 -44.553303 -46.019875 -6.107065 -21.437300 6.882730 0.364191 0.694466,
 -1.463057 -32.648029 -94.243233 -68.440224 1.333463 4.930131 35.503056 -4.546093,
 -34.199890 -3.961750 -52.184525 -111.206467 -10.409195 0.766262 17.374302 -24.758919,
