Low-band skewness and kurtosis
 -2.283419 6.528463,
 -2.324916 7.129898,
 -1.914860 5.749109,
 -1.760642 5.511549,
 -1.235075 3.539959,

High-band variance
 129.221466,

Skewness, kurtosis, variance, mean, maximum and minimum of the reconstructed texture
 -2.270985 6.295167 6430.034180 223.643433 255.000000 0.000000,

Auto-correlations of the low-frequency bands at each scale
 2946.034424 3374.759521 3701.995605 3868.700684 3810.860840 3529.004150 3095.906982 3453.464111 4042.865723 4570.301758 4832.092773 4663.651367 4172.415527 3574.248291 3843.891602 4630.193848 5430.512207 5817.649414 5485.203613 4705.708496 3913.633789 4018.355957 4905.076172 5838.190430 6271.876953 5838.190430 4905.076172 4018.355957 3913.633789 4705.708496 5485.203613 5817.649414 5430.512207 4630.193848 3843.891602 3574.248291 4172.415527 4663.651367 4832.092773 4570.301758 4042.865723 3453.464111 3095.906982 3529.004150 3810.860840 3868.700684 3701.995605 3374.759521 2946.034424,
 1396.416138 1477.632324 1604.587158 1733.852173 1752.155762 1677.824707 1646.168091 1680.419678 2036.443359 2650.488525 3051.394531 2816.992432 2222.399414 1818.847900 2000.990967 2831.693115 4164.485352 4910.407227 4279.479492 2952.282959 2059.645752 2168.684082 3276.303467 4969.682617 5842.193359 4969.682617 3276.303467 2168.684082 2059.645752 2952.282959 4279.479492 4910.407227 4164.485352 2831.693115 2000.990967 1818.847900 2222.399414 2816.992432 3051.394531 2650.488525 2036.443359 1680.419678 1646.168091 1677.824707 1752.155762 1733.852173 1604.587158 1477.632324 1396.416138,
 492.499756 658.721069 827.649536 1078.907349 1429.235718 1730.176392 1780.529297 939.113159 967.517578 1209.798096 1510.339844 1538.098633 1579.219971 1763.338013 1303.488892 1551.440674 2498.510498 3191.820312 2576.426025 1735.009766 1644.676147 1510.741943 1933.460083 3374.744385 4354.436523 3374.744385 1933.460083 1510.741943 1644.676147 1735.009766 2576.426025 3191.820312 2498.510498 1551.440674 1303.488892 1763.338013 1579.219971 1538.098633 1510.339844 1209.798096 967.517578 939.113159 1780.529297 1730.176392 1429.235718 1078.907349 827.649536 658.721069 492.499756,
 -758.188721 -373.787964 43.249023 459.899445 965.692627 1429.005737 1567.077393 -448.233154 -46.822144 469.861206 997.726440 1409.805176 1651.169800 1585.348389 56.334717 579.742920 1364.150635 1993.349854 1998.518799 1663.906738 1276.720703 712.016174 1315.626465 2153.316895 2626.968018 2153.316895 1315.626465 712.016174 1276.720703 1663.906738 1998.518799 1993.349854 1364.150635 579.742920 56.334717 1585.348389 1651.169800 1409.805176 997.726440 469.861206 -46.822144 -448.233154 1567.077393 1429.005737 965.692627 459.899445 43.249023 -373.787964 -758.188721,
 -272.712341 -855.338257 -1099.322388 -822.209351 -120.448730 554.194580 740.912476 -887.265625 -1121.770996 -790.580078 35.202560 863.804688 1088.089355 582.330566 -1084.409058 -717.917847 235.696167 1267.439819 1608.570312 1014.393799 -8.286499 -717.671631 225.839691 1365.614502 1897.224609 1365.614502 225.839691 -717.671631 -8.286499 1014.393799 1608.570312 1267.439819 235.696167 -717.917847 -1084.409058 582.330566 1088.089355 863.804688 35.202560 -790.580078 -1121.770996 -887.265625 740.912476 554.194580 -120.448730 -822.209351 -1099.322388 -855.338257 -272.712341,

Auto-correlations of the modulus of each oriented sub-band
 68.944984 75.131706 81.257729 83.901337 81.437584 75.267982 68.601509 84.097099 94.711975 104.625710 108.745827 104.722435 94.796295 83.988350 99.443489 114.773453 128.833191 134.631119 128.883209 114.853226 99.535423 106.320038 123.922470 140.148071 146.896988 140.148071 123.922470 106.320038 99.535423 114.853226 128.883209 134.631119 128.833191 114.773453 99.443489 83.988350 94.796295 104.722435 108.745827 104.625710 94.711975 84.097099 68.601509 75.267982 81.437584 83.901337 81.257729 75.131706 68.944984,
 91.909561 97.760414 101.091980 99.799759 93.958160 85.350761 76.091843 98.652054 112.810982 123.590065 125.236855 116.974556 102.743446 87.396042 102.915016 124.166847 142.395325 147.913177 137.656433 117.965111 96.940376 102.518013 126.241577 148.096069 157.514801 148.096069 126.241577 102.518013 96.940376 117.965111 137.656433 147.913177 142.395325 124.166847 102.915016 87.396042 102.743446 116.974556 125.236855 123.590065 112.810982 98.652054 76.091843 85.350761 93.958160 99.799759 101.091980 97.760414 91.909561,
 74.067909 89.168625 103.654655 110.221848 104.732857 91.688721 78.785332 82.376961 101.752998 120.730072 129.406158 121.518921 103.350395 85.299812 89.747490 112.886139 135.942535 146.622147 136.362762 113.635696 91.098701 93.081497 117.572144 142.236328 153.686340 142.236328 117.572144 93.081497 91.098701 113.635696 136.362762 146.622147 135.942535 112.886139 89.747490 85.299812 103.350395 121.518921 129.406158 120.730072 101.752998 82.376961 78.785332 91.688721 104.732857 110.221848 103.654655 89.168625 74.067909,
 72.078392 80.750801 88.659164 94.175613 95.907349 93.929100 90.079109 81.987457 96.514992 109.713409 117.432732 116.225739 106.874428 94.566147 90.737694 110.800743 129.286804 138.899368 133.871429 117.048012 97.346458 96.251076 118.778282 139.307800 148.123917 139.307800 118.778282 96.251076 97.346458 117.048012 133.871429 138.899368 129.286804 110.800743 90.737694 94.566147 106.874428 116.225739 117.432732 109.713409 96.514992 81.987457 90.079109 93.929100 95.907349 94.175613 88.659164 80.750801 72.078392,
 156.103729 165.020081 172.177780 176.022598 175.654190 171.812988 165.426575 210.837708 229.968079 244.861572 250.848846 244.993286 229.919617 210.714508 265.448212 301.473236 331.245087 342.961487 329.735870 298.645294 261.977325 288.250885 334.304626 374.087219 390.847290 374.087219 334.304626 288.250885 261.977325 298.645294 329.735870 342.961487 331.245087 301.473236 265.448212 210.714508 229.919617 244.993286 250.848846 244.861572 229.968079 210.837708 165.426575 171.812988 175.654190 176.022598 172.177780 165.020081 156.103729,
 236.727692 260.096191 266.422729 250.609314 219.949615 188.898621 167.585571 270.554321 313.598694 339.367279 328.488403 285.229645 233.963257 194.568085 281.006195 342.400330 395.290192 403.086365 356.817535 288.676697 231.274750 265.222595 332.238220 402.945068 435.899841 402.945068 332.238220 265.222595 231.274750 288.676697 356.817535 403.086365 395.290192 342.400330 281.006195 194.568085 233.963257 285.229645 328.488403 339.367279 313.598694 270.554321 167.585571 188.898621 219.949615 250.609314 266.422729 260.096191 236.727692,
 168.487839 216.898621 268.979919 294.994141 279.484741 242.888336 209.704666 180.411209 240.020935 307.620544 340.035034 312.105652 255.508911 208.534622 192.750870 261.339813 343.232697 383.452942 344.069550 268.072052 207.068588 202.350052 272.067444 358.320862 402.597534 358.320862 272.067444 202.350052 207.068588 268.072052 344.069550 383.452942 343.232697 261.339813 192.750870 208.534622 255.508911 312.105652 340.035034 307.620544 240.020935 180.411209 209.704666 242.888336 279.484741 294.994141 268.979919 216.898621 168.487839,
 151.500610 170.117432 198.948364 231.052460 252.431366 253.969330 237.471771 177.268585 205.465012 248.721359 290.473328 305.562195 287.216888 251.381378 207.236084 250.448242 309.928894 354.827271 350.189026 304.214417 252.052490 235.330872 290.193481 353.786926 385.106842 353.786926 290.193481 235.330872 252.052490 304.214417 350.189026 354.827271 309.928894 250.448242 207.236084 251.381378 287.216888 305.562195 290.473328 248.721359 205.465012 177.268585 237.471771 253.969330 252.431366 231.052460 198.948364 170.117432 151.500610,
 84.184250 113.378265 140.713608 159.770462 166.679153 163.073669 154.625961 141.875153 184.950699 221.589645 240.473495 236.212570 213.147781 182.379700 205.829773 280.298035 345.090912 374.081116 353.270416 294.875122 225.830078 244.998886 340.275665 425.506226 461.314697 425.506226 340.275665 244.998886 225.830078 294.875122 353.270416 374.081116 345.090912 280.298035 205.829773 182.379700 213.147781 236.212570 240.473495 221.589645 184.950699 141.875153 154.625961 163.073669 166.679153 159.770462 140.713608 113.378265 84.184250,
 104.562225 156.314117 205.051514 226.673370 224.556305 217.772339 214.675415 163.071991 231.665436 291.131866 297.335297 259.241425 220.664093 198.601654 190.937057 287.120392 385.704132 405.227661 328.128998 237.008698 181.873703 183.157654 275.074432 399.988342 468.062622 399.988342 275.074432 183.157654 181.873703 237.008698 328.128998 405.227661 385.704132 287.120392 190.937057 198.601654 220.664093 259.241425 297.335297 291.131866 231.665436 163.071991 214.675415 217.772339 224.556305 226.673370 205.051514 156.314117 104.562225,
 160.745987 207.403046 272.647644 343.682098 382.453979 375.757294 351.189026 201.171555 255.068161 349.746765 432.941315 434.174072 377.319305 330.951904 237.529755 302.674133 426.941803 517.309021 473.679718 367.605042 303.166779 271.649231 342.829285 474.988129 554.011719 474.988129 342.829285 271.649231 303.166779 367.605042 473.679718 517.309021 426.941803 302.674133 237.529755 330.951904 377.319305 434.174072 432.941315 349.746765 255.068161 201.171555 351.189026 375.757294 382.453979 343.682098 272.647644 207.403046 160.745987,
 158.177063 194.782562 234.690201 290.302277 336.645752 345.332184 325.560669 194.645020 234.676254 298.591003 380.513855 421.554749 390.126831 329.742920 229.399338 290.409576 394.441650 493.619843 493.990601 402.736053 310.466797 270.402161 359.025085 483.894653 551.855347 483.894653 359.025085 270.402161 310.466797 402.736053 493.990601 493.619843 394.441650 290.409576 229.399338 329.742920 390.126831 421.554749 380.513855 298.591003 234.676254 194.645020 325.560669 345.332184 336.645752 290.302277 234.690201 194.782562 158.177063,
 -19.824127 -4.242897 12.971344 30.478989 45.604477 53.073792 50.842316 -2.902506 14.676399 31.994497 45.473549 54.857628 58.486839 52.522964 15.214571 38.707253 61.038578 72.154068 69.915024 61.136307 48.527298 36.472286 61.575157 86.598557 98.407288 86.598557 61.575157 36.472286 48.527298 61.136307 69.915024 72.154068 61.038578 38.707253 15.214571 52.522964 58.486839 54.857628 45.473549 31.994497 14.676399 -2.902506 50.842316 53.073792 45.604477 30.478989 12.971344 -4.242897 -19.824127,
 -27.248573 3.358486 40.994034 65.832497 70.110413 64.029861 56.634155 -1.257170 36.666092 81.442230 103.630157 95.574478 78.635155 64.833817 27.942728 72.126038 128.574951 152.393387 124.981216 85.852005 62.226646 48.900146 87.711182 146.425217 179.752304 146.425217 87.711182 48.900146 62.226646 85.852005 124.981216 152.393387 128.574951 72.126038 27.942728 64.833817 78.635155 95.574478 103.630157 81.442230 36.666092 -1.257170 56.634155 64.029861 70.110413 65.832497 40.994034 3.358486 -27.248573,
 -58.061111 -4.067341 58.280609 88.520859 95.250717 106.390228 111.007904 -25.262691 34.742832 110.504875 146.388489 131.542984 116.886520 107.508530 13.766594 69.999397 150.916687 194.538147 158.661499 112.814812 86.792221 53.487331 96.826836 167.929291 214.300720 167.929291 96.826836 53.487331 86.792221 112.814812 158.661499 194.538147 150.916687 69.999397 13.766594 107.508530 116.886520 131.542984 146.388489 110.504875 34.742832 -25.262691 111.007904 106.390228 95.250717 88.520859 58.280609 -4.067341 -58.061111,
 -34.591587 -18.348768 -4.102158 16.537075 47.612602 75.991234 78.604843 -15.163029 1.743893 27.752701 64.244606 94.915268 94.901062 61.092083 0.113777 29.311579 78.389542 126.464386 133.603638 89.373604 36.363712 16.191200 63.181335 126.519562 160.632904 126.519562 63.181335 16.191200 36.363712 89.373604 133.603638 126.464386 78.389542 29.311579 0.113777 61.092083 94.901062 94.915268 64.244606 27.752701 1.743893 -15.163029 78.604843 75.991234 47.612602 16.537075 -4.102158 -18.348768 -34.591587,

Pairwise cross-correlations of the modulus of all oriented sub-bands at the same scale (size QxQ)
 146.897003 106.892380 65.726509 102.264343,
 106.892380 157.514847 107.879578 71.580879,
 65.726509 107.879578 153.686371 103.999992,
 102.264343 71.580879 103.999992 148.123932,
 390.847351 338.999695 270.722046 315.396820,
 338.999695 435.899902 335.775848 298.865814,
 270.722046 335.775848 402.597565 312.909729,
 315.396820 298.865814 312.909729 385.106873,
 461.314728 349.381958 319.398926 368.281860,
 349.381958 468.062683 364.135437 307.498260,
 319.398926 364.135437 554.011780 457.054962,
 368.281860 307.498260 457.054962 551.855347,
 98.407288 77.965721 74.869629 82.643402,
 77.965721 179.752289 118.801216 60.506004,
 74.869629 118.801216 214.300751 108.944733,
 82.643402 60.506004 108.944733 160.632919,

Cross-correlations of the modulus of all oriented sub-bands with all oriented sub-bands at the coarser scale (size QxQ)
 206.011627 185.909012 136.966476 169.076447,
 184.390472 227.798523 175.661377 149.858017,
 143.796326 186.198990 214.486313 172.228775,
 176.264755 159.850800 177.043137 206.701202,
 320.217987 293.413208 315.085175 344.505341,
 304.785400 334.314789 363.729279 341.529114,
 259.778381 277.377045 387.635376 350.414612,
 285.373260 256.497192 362.116333 376.237457,
 131.164215 113.416374 134.764862 145.950043,
 122.841576 127.773338 152.471741 155.931702,
 128.819473 131.391418 237.942749 174.576630,
 139.008102 140.099640 221.199661 165.082794,

Cross-correlations of the real part of each oriented sub-band with both the real and imaginary part of all phase-doubled oriented sub-bands at the next coarser scale (Q matrices of size 1x2Q, which are computed and stored in a matrix of size Qx2Q)
 68.724998 37.611317 3.102491 30.069668 0.319544 0.300284 -0.193918 0.480630,
 35.071140 86.426338 37.229908 2.900822 0.243748 -3.559311 0.156714 -0.083460,
 3.873428 37.761574 75.339470 27.185232 -0.233920 -4.428893 2.021014 -2.845875,
 28.097605 3.097388 29.846804 64.402374 -0.880818 -0.565584 -0.010834 -2.408620,
 -88.035927 -54.652798 -6.319442 -40.812477 -10.718692 0.240512 -1.965415 17.556883,
 -48.529560 -113.380234 -40.569256 -5.658593 -2.877476 -13.765114 -11.077121 1.150586,
 -7.894605 -49.708313 -109.849297 -57.348827 -0.997467 -14.622467 -17.769613 8.127645,
 -36.262711 -6.767568 -60.578609 -109.725655 -7.422323 -1.989026 -5.025696 29.348938,
 -43.173496 -4.826350 -2.605492 -39.865520 16.735907 -5.697633 -2.815682 -8.547962,
 -4.558431 -30.982204 -9.901964 -4.296241 2.393499 -42.665150 -16.038040 -5.233387,
 -3.300494 -23.869120 -17.296299 -16.473160 -1.854672 -23.892832 -27.148157 -19.707846,
 -36.266960 -1.783597 -10.140022 -61.659847 8.407377 1.600489 -10.692425 -22.340273,
