Low-band skewness and kurtosis
 -2.366772 6.900702,
 -2.411238 7.472506,
 -2.049972 6.089884,
 -1.891644 5.745674,
 -1.543543 4.280604,

High-band variance
 117.495438,

Skewness, kurtosis, variance, mean, maximum and minimum of the reconstructed texture
 -2.355939 6.682176 6209.854980 225.118469 255.000000 0.000000,

Auto-correlations of the low-frequency bands at each scale
 3208.333740 3636.108398 3990.160400 4153.974609 4075.186768 3827.544434 3494.845947 3582.180176 4132.046875 4646.765137 4901.111816 4744.033691 4320.371094 3832.855957 3884.387207 4592.139160 5330.761719 5696.598145 5404.342773 4721.983887 4043.049316 4058.133301 4838.936523 5673.977539 6066.780273 5673.977539 4838.936523 4058.133301 4043.049316 4721.983887 5404.342773 5696.598145 5330.761719 4592.139160 3884.387207 3832.855957 4320.371094 4744.033691 4901.111816 4646.765137 4132.046875 3582.180176 3494.845947 3827.544434 4075.186768 4153.974609 3990.160400 3636.108398 3208.333740,
 2001.804077 2231.258545 2499.628174 2682.297607 2677.725830 2584.302002 2502.648926 2054.916260 2465.865479 3136.521729 3556.431152 3359.887451 2880.154053 2543.191162 2228.590088 3001.463135 4246.901367 4950.324707 4414.745117 3304.612061 2556.306396 2450.088623 3420.047607 4908.149414 5685.116211 4908.149414 3420.047607 2450.088623 2556.306396 3304.612061 4414.745117 4950.324707 4246.901367 3001.463135 2228.590088 2543.191162 2880.154053 3359.887451 3556.431152 3136.521729 2465.865479 2054.916260 2502.648926 2584.302002 2677.725830 2682.297607 2499.628174 2231.258545 2001.804077,
 894.212158 1264.037109 1617.957520 1900.306396 2149.355225 2381.455322 2443.711426 1281.895752 1550.668213 2085.030029 2513.167480 2463.509033 2314.482666 2289.458008 1578.308105 1859.302368 2909.441406 3697.365967 3158.747070 2262.271973 2004.009766 1801.333252 2178.385010 3536.689941 4444.849121 3536.689941 2178.385010 1801.333252 2004.009766 2262.271973 3158.747070 3697.365967 2909.441406 1859.302368 1578.308105 2289.458008 2314.482666 2463.509033 2513.167480 2085.030029 1550.668213 1281.895752 2443.711426 2381.455322 2149.355225 1900.306396 1617.957520 1264.037109 894.212158,
 -561.058044 -316.066223 40.949158 653.899170 1341.712402 1701.411377 1649.309570 -174.217896 154.398621 735.850586 1537.195801 2089.769043 2114.162598 1786.620239 275.469849 853.154541 1801.494507 2626.669189 2618.629395 2003.264648 1394.208862 789.008301 1536.468140 2608.016602 3189.549316 2608.016602 1536.468140 789.008301 1394.208862 2003.264648 2618.629395 2626.669189 1801.494507 853.154541 275.469849 1786.620239 2114.162598 2089.769043 1537.195801 735.850586 154.398621 -174.217896 1649.309570 1701.411377 1341.712402 653.899170 40.949158 -316.066223 -561.058044,
 -583.732544 -909.203186 -1032.945923 -838.333496 -299.720825 244.033264 318.525970 -896.914062 -1016.632202 -646.677673 133.463959 896.081238 1093.556519 551.678589 -989.614136 -592.478455 486.664185 1637.550537 1939.541626 1244.798828 161.281830 -572.472961 423.487366 1755.779053 2422.230225 1755.779053 423.487366 -572.472961 161.281830 1244.798828 1939.541626 1637.550537 486.664185 -592.478455 -989.614136 551.678589 1093.556519 896.081238 133.463959 -646.677673 -1016.632202 -896.914062 318.525970 244.033264 -299.720825 -838.333496 -1032.945923 -909.203186 -583.732544,

Auto-correlations of the modulus of each oriented sub-band
 82.834839 89.573013 95.825012 98.529747 96.294128 90.450714 83.877441 94.146797 104.882996 114.424545 118.047272 113.748398 103.756500 92.749657 104.414001 119.704803 133.375443 138.675980 132.594711 118.368500 102.714722 108.171715 125.890106 142.013153 148.676483 142.013153 125.890106 108.171715 102.714722 118.368500 132.594711 138.675980 133.375443 119.704803 104.414001 92.749657 103.756500 113.748398 118.047272 114.424545 104.882996 94.146797 83.877441 90.450714 96.294128 98.529747 95.825012 89.573013 82.834839,
 91.379745 97.457039 102.018738 103.076950 100.144714 94.069511 86.298935 97.116295 109.752914 120.032104 122.797195 117.023102 105.791122 93.041725 101.438843 119.926270 136.198090 141.631927 133.277954 116.675720 98.858368 102.118149 122.570190 141.647415 149.943390 141.647415 122.570190 102.118149 98.858368 116.675720 133.277954 141.631927 136.198090 119.926270 101.438843 93.041725 105.791122 117.023102 122.797195 120.032104 109.752914 97.116295 86.298935 94.069511 100.144714 103.076950 102.018738 97.457039 91.379745,
 70.894440 81.528328 92.799576 98.718071 95.041153 85.670998 77.018280 77.207397 91.192024 106.399261 114.030807 107.768066 93.720482 81.128967 82.904930 99.913452 118.830688 128.234329 119.406738 101.013870 84.739449 85.712883 103.731819 124.065323 134.181854 124.065323 103.731819 85.712883 84.739449 101.013870 119.406738 128.234329 118.830688 99.913452 82.904930 81.128967 93.720482 107.768066 114.030807 106.399261 91.192024 77.207397 77.018280 85.670998 95.041153 98.718071 92.799576 81.528328 70.894440,
 68.944191 75.741180 81.923012 86.316872 87.648308 85.876251 82.403709 75.328972 86.650856 97.867149 105.221634 104.922752 97.278084 86.713753 81.677376 98.103661 114.651283 124.173195 120.417213 105.760063 88.654366 86.706299 105.976135 124.566193 132.801498 124.566193 105.976135 86.706299 88.654366 105.760063 120.417213 124.173195 114.651283 98.103661 81.677376 86.713753 97.278084 104.922752 105.221634 97.867149 86.650856 75.328972 82.403709 85.876251 87.648308 86.316872 81.923012 75.741180 68.944191,
 196.900543 207.966644 216.877579 223.793274 228.301651 230.287659 229.655060 230.532028 247.879547 262.075043 269.371826 267.855865 260.220154 250.353653 266.270935 297.765045 325.470154 337.357391 327.616028 303.576202 276.656555 286.351501 325.026245 360.398254 375.668365 360.398254 325.026245 286.351501 276.656555 303.576202 327.616028 337.357391 325.470154 297.765045 266.270935 250.353653 260.220154 267.855865 269.371826 262.075043 247.879547 230.532028 229.655060 230.287659 228.301651 223.793274 216.877579 207.966644 196.900543,
 247.901688 275.123566 285.449860 278.148132 261.457184 244.233871 230.597641 274.284302 313.625519 336.586212 330.413300 302.672943 270.746124 245.769775 285.939209 336.660004 379.037872 385.081360 351.277374 303.273773 263.422485 279.832855 331.190735 385.338623 410.561615 385.338623 331.190735 279.832855 263.422485 303.273773 351.277374 385.081360 379.037872 336.660004 285.939209 245.769775 270.746124 302.672943 330.413300 336.586212 313.625519 274.284302 230.597641 244.233871 261.457184 278.148132 285.449860 275.123566 247.901688,
 170.317017 213.133911 259.244781 281.485260 269.043610 238.575134 211.896149 190.989029 240.310623 299.098633 328.616699 306.871216 260.219910 222.172592 209.885239 264.601166 334.054016 370.250305 338.800720 276.063751 227.070419 223.049606 278.324768 350.101807 387.672546 350.101807 278.324768 223.049606 227.070419 276.063751 338.800720 370.250305 334.054016 264.601166 209.885239 222.172592 260.219910 306.871216 328.616699 299.098633 240.310623 190.989029 211.896149 238.575134 269.043610 281.485260 259.244781 213.133911 170.317017,
 169.689316 180.981171 201.555679 230.459656 253.941513 258.572510 244.654892 190.617416 209.692398 243.279129 280.734680 297.006134 281.194214 249.028641 210.161804 243.070557 292.399475 332.828766 329.857605 288.673828 243.092499 228.589661 273.835602 329.161194 357.154541 329.161194 273.835602 228.589661 243.092499 288.673828 329.857605 332.828766 292.399475 243.070557 210.161804 249.028641 281.194214 297.006134 280.734680 243.279129 209.692398 190.617416 244.654892 258.572510 253.941513 230.459656 201.555679 180.981171 169.689316,
 105.904503 146.065353 179.520401 207.309052 230.141434 248.258408 260.597290 175.460724 228.206543 268.453552 291.754364 298.193787 292.404907 279.466949 265.808563 338.510895 394.582947 416.412170 398.738831 354.931549 303.045868 313.812805 394.953491 464.639008 493.673645 464.639008 394.953491 313.812805 303.045868 354.931549 398.738831 416.412170 394.582947 338.510895 265.808563 279.466949 292.404907 298.193787 291.754364 268.453552 228.206543 175.460724 260.597290 248.258408 230.141434 207.309052 179.520401 146.065353 105.904503,
 103.122498 143.836349 169.334595 176.576904 177.528809 181.648117 189.884583 160.420685 212.740250 248.072266 248.191376 228.023834 209.870102 198.475922 213.335922 279.238342 337.264252 346.070801 305.304962 255.582703 219.113754 231.068481 292.484100 363.803772 399.310730 363.803772 292.484100 231.068481 219.113754 255.582703 305.304962 346.070801 337.264252 279.238342 213.335922 198.475922 209.870102 228.023834 248.191376 248.072266 212.740250 160.420685 189.884583 181.648117 177.528809 176.576904 169.334595 143.836349 103.122498,
 81.149826 107.953789 138.624329 168.959763 180.399719 177.721741 174.008804 112.554924 144.737762 197.109177 239.637756 230.656052 199.599396 178.888794 140.240372 178.174622 251.432983 305.164307 271.627869 210.251434 175.766373 162.359467 202.563873 281.175446 333.383789 281.175446 202.563873 162.359467 175.766373 210.251434 271.627869 305.164307 251.432983 178.174622 140.240372 178.888794 199.599396 230.656052 239.637756 197.109177 144.737762 112.554924 174.008804 177.721741 180.399719 168.959763 138.624329 107.953789 81.149826,
 106.205048 145.492584 181.523270 219.099884 257.005371 281.708527 274.328918 143.487045 187.879410 239.191360 296.393036 334.220154 322.888672 268.471802 175.589676 236.527618 317.201416 389.128418 394.079773 326.440948 239.139969 205.962814 290.046356 387.221985 436.005219 387.221985 290.046356 205.962814 239.139969 326.440948 394.079773 389.128418 317.201416 236.527618 175.589676 268.471802 322.888672 334.220154 296.393036 239.191360 187.879410 143.487045 274.328918 281.708527 257.005371 219.099884 181.523270 145.492584 106.205048,
 -5.382874 3.034218 16.502333 34.434895 52.184486 64.176338 65.712624 24.657280 40.033340 60.321884 80.308060 93.903412 97.415054 89.350372 66.394882 93.152542 123.475876 141.394623 138.388840 121.354156 98.304489 96.147469 128.984680 163.835724 181.019562 163.835724 128.984680 96.147469 98.304489 121.354156 138.388840 141.394623 123.475876 93.152542 66.394882 89.350372 97.415054 93.903412 80.308060 60.321884 40.033340 24.657280 65.712624 64.176338 52.184486 34.434895 16.502333 3.034218 -5.382874,
 -6.730982 21.280729 48.220512 67.569168 76.179787 68.944580 51.435966 30.051268 69.080902 106.844131 125.905212 122.240311 102.433792 74.860725 65.145287 111.059601 158.290314 180.130585 163.387543 127.680389 90.107964 87.546036 132.677658 180.112747 203.803497 180.112747 132.677658 87.546036 90.107964 127.680389 163.387543 180.130585 158.290314 111.059601 65.145287 74.860725 102.433792 122.240311 125.905212 106.844131 69.080902 30.051268 51.435966 68.944580 76.179787 67.569168 48.220512 21.280729 -6.730982,
 -29.048496 -5.326326 19.847450 28.617420 38.168236 51.774010 48.914021 -13.679579 11.364311 51.642147 62.762665 49.667332 52.985176 51.704926 5.471348 24.064556 72.690193 97.250610 63.219963 44.877323 43.588932 26.294037 34.406254 74.739639 112.852493 74.739639 34.406254 26.294037 43.588932 44.877323 63.219963 97.250610 72.690193 24.064556 5.471348 51.704926 52.985176 49.667332 62.762665 51.642147 11.364311 -13.679579 48.914021 51.774010 38.168236 28.617420 19.847450 -5.326326 -29.048496,
 -14.019650 -6.835136 4.703257 28.662054 54.763901 64.441528 57.955250 2.568644 12.069824 33.275314 65.882370 87.156738 82.114151 65.356499 19.665058 39.587868 75.071381 110.009872 113.595749 87.410858 59.471684 41.225140 71.440361 111.638268 133.014404 111.638268 71.440361 41.225140 59.471684 87.410858 113.595749 110.009872 75.071381 39.587868 19.665058 65.356499 82.114151 87.156738 65.882370 33.275314 12.069824 2.568644 57.955250 64.441528 54.763901 28.662054 4.703257 -6.835136 -14.019650,

Pairwise cross-correlations of the modulus of all oriented sub-bands at the same scale (size QxQ)
 148.676514 105.347481 70.629280 100.689880,
 105.347481 149.943405 105.787285 73.264206,
 70.629280 105.787285 134.181854 96.656837,
 100.689880 73.264206 96.656837 132.801498,
 375.668396 300.617096 266.135803 300.104828,
 300.617096 410.561676 339.101959 274.626007,
 266.135803 339.101959 387.672577 301.985107,
 300.104828 274.626007 301.985107 357.154572,
 493.673798 346.612915 297.550964 385.017212,
 346.612915 399.310760 297.149536 313.487518,
 297.550964 297.149536 333.383820 301.039124,
 385.017212 313.487518 301.039124 436.005310,
 181.019592 139.057831 81.852806 116.855469,
 139.057831 203.803482 99.729179 125.796783,
 81.852806 99.729179 112.852478 92.706177,
 116.855469 125.796783 92.706177 133.014435,

Cross-correlations of the modulus of all oriented sub-bands with all oriented sub-bands at the coarser scale (size QxQ)
 208.136963 173.534210 144.077866 168.416885,
 169.656021 217.907700 182.236237 144.213806,
 136.656647 180.555527 199.526138 158.705460,
 165.892685 148.114456 164.870255 185.512939,
 333.964661 285.199066 237.635620 290.379395,
 301.497650 328.303986 278.273773 255.839417,
 278.098358 294.670746 284.486420 274.918884,
 298.951447 257.455536 252.904053 295.344604,
 160.321945 156.665726 128.067886 164.874969,
 144.752502 172.565201 135.349945 159.596893,
 109.833069 141.771912 131.532089 142.310150,
 134.085815 137.773407 129.800415 151.781647,

Cross-correlations of the real part of each oriented sub-band with both the real and imaginary part of all phase-doubled oriented sub-bands at the next coarser scale (Q matrices of size 1x2Q, which are computed and stored in a matrix of size Qx2Q)
 69.154861 37.634106 3.489059 25.000433 -0.577702 -1.964101 -0.388108 -2.883209,
 34.200794 85.512794 39.678833 3.265918 -0.212417 -0.738481 0.694017 -0.522568,
 3.051839 41.750706 74.387238 24.333300 0.589272 -0.175889 1.574893 -2.027377,
 27.097279 4.795487 27.034004 52.591908 1.107639 -0.809133 0.021718 -5.316649,
 -34.724991 -38.187588 -2.047502 -0.397278 -4.214532 -3.483097 0.210735 15.625307,
 -34.248577 -79.329155 -20.482649 0.658233 -2.915413 6.956292 2.402182 0.789029,
 -3.465852 -27.617140 -40.712677 -8.993345 -2.191752 9.178544 -3.328932 3.411761,
 -2.643584 -0.418861 -16.746429 -13.255232 -6.202354 -0.280575 -5.375304 25.939421,
 -59.700310 10.820483 1.946381 -12.012739 16.078249 -13.692694 -1.354121 3.008244,
 -8.403505 24.673748 -18.049484 -4.445053 3.625253 -10.818488 3.805407 0.971994,
 2.925552 0.016227 -64.896164 -17.560322 0.232656 4.249540 10.712124 -0.282086,
 -28.238230 -3.127030 -31.337582 -21.919247 8.468538 -0.641310 1.692044 -0.620827,
