Low-band skewness and kurtosis
 -2.231572 6.323747,
 -2.288303 7.063833,
 -1.766096 5.353764,
 -1.575932 5.466779,
 -1.160272 3.683603,

High-band variance
 144.624817,

Skewness, kurtosis, variance, mean, maximum and minimum of the reconstructed texture
 -2.217605 6.066238 6552.106445 222.651550 255.000000 0.000000,

Auto-correlations of the low-frequency bands at each scale
 2649.634033 3171.433838 3526.569092 3636.362305 3475.644775 3090.127197 2554.301025 3192.218262 3917.079590 4517.968750 4747.333984 4460.783203 3830.628418 3099.054199 3553.345459 4517.593750 5457.053223 5866.205078 5417.433105 4459.444336 3494.215088 3662.299316 4743.176758 5860.158691 6375.642090 5860.158691 4743.176758 3662.299316 3494.215088 4459.444336 5417.433105 5866.205078 5457.053223 4517.593750 3553.345459 3099.054199 3830.628418 4460.783203 4747.333984 4517.968750 3917.079590 3192.218262 2554.301025 3090.127197 3475.644775 3636.362305 3526.569092 3171.433838 2649.634033,
 957.675171 1027.632202 1189.424072 1273.859375 1161.751709 1009.266479 1002.906494 1160.596680 1606.046143 2337.746338 2703.317383 2273.717529 1527.741211 1124.870117 1336.942871 2406.382568 4022.643066 4827.792480 3951.552246 2310.639893 1260.669922 1371.432495 2760.455811 4839.982422 5903.027832 4839.982422 2760.455811 1371.432495 1260.669922 2310.639893 3951.552246 4827.792480 4022.643066 2406.382568 1336.942871 1124.870117 1527.741211 2273.717529 2703.317383 2337.746338 1606.046143 1160.596680 1002.906494 1009.266479 1161.751709 1273.859375 1189.424072 1027.632202 957.675171,
 730.284302 599.916016 519.532227 639.917053 895.326904 1074.559326 882.797241 719.090576 651.226196 830.262512 1008.389099 844.232727 746.057739 768.971191 722.754028 986.516907 2118.253662 2865.789551 2007.817261 916.600647 733.956543 735.155762 1196.731201 2939.417480 4127.565430 2939.417480 1196.731201 735.155762 733.956543 916.600647 2007.817261 2865.789551 2118.253662 986.516907 722.754028 768.971191 746.057739 844.232727 1008.389099 830.262512 651.226196 719.090576 882.797241 1074.559326 895.326904 639.917053 519.532227 599.916016 730.284302,
 265.085205 487.946411 513.517883 624.995972 792.505188 711.928223 491.246094 480.279236 640.635559 713.112671 903.895508 877.715088 608.459167 491.122986 476.224976 671.490662 1141.099609 1573.915039 1208.915527 589.080383 458.241089 454.279663 676.247620 1472.996094 2047.360107 1472.996094 676.247620 454.279663 458.241089 589.080383 1208.915527 1573.915039 1141.099609 671.490662 476.224976 491.122986 608.459167 877.715088 903.895508 713.112671 640.635559 480.279236 491.246094 711.928223 792.505188 624.995972 513.517883 487.946411 265.085205,
 -556.295898 -348.332825 -70.317871 216.755890 320.657288 77.463531 -341.733032 -593.796387 -285.812317 158.460175 535.965576 590.671753 238.680969 -279.403931 -523.610291 -50.334129 628.069153 1033.941162 842.262146 257.449646 -299.031433 -397.929810 163.585480 924.489990 1302.029541 924.489990 163.585480 -397.929810 -299.031433 257.449646 842.262146 1033.941162 628.069153 -50.334129 -523.610291 -279.403931 238.680969 590.671753 535.965576 158.460175 -285.812317 -593.796387 -341.733032 77.463531 320.657288 216.755890 -70.317871 -348.332825 -556.295898,

Auto-correlations of the modulus of each oriented sub-band
 69.149574 76.641853 83.203476 85.415535 81.847672 74.202141 66.032707 85.930618 98.928154 110.280418 114.475723 109.210793 97.125465 83.843948 102.104477 120.744400 137.257965 143.793167 136.847046 120.084061 101.405914 109.080078 130.307831 149.395966 157.216965 149.395966 130.307831 109.080078 101.405914 120.084061 136.847046 143.793167 137.257965 120.744400 102.104477 83.843948 97.125465 109.210793 114.475723 110.280418 98.928154 85.930618 66.032707 74.202141 81.847672 85.415535 83.203476 76.641853 69.149574,
 94.160019 98.542419 100.193176 97.458405 90.031342 78.816895 65.418106 99.725021 114.130600 124.433372 125.322411 115.656197 98.486908 78.310837 101.798164 125.329453 144.380219 149.802582 138.488251 115.948242 89.986900 98.426582 126.215714 150.176804 160.129456 150.176804 126.215714 98.426582 89.986900 115.948242 138.488251 149.802582 144.380219 125.329453 101.798164 78.310837 98.486908 115.656197 125.322411 124.433372 114.130600 99.725021 65.418106 78.816895 90.031342 97.458405 100.193176 98.542419 94.160019,
 64.804871 82.220596 98.819794 105.866409 98.529449 81.300079 62.730911 71.064919 93.180374 114.720161 124.211914 114.638359 92.740036 69.813988 76.985374 103.253700 129.245209 141.097794 129.261322 103.120399 76.438011 79.307831 107.369637 135.227371 148.133606 135.227371 107.369637 79.307831 76.438011 103.120399 129.261322 141.097794 129.245209 103.253700 76.985374 69.813988 92.740036 114.638359 124.211914 114.720161 93.180374 71.064919 62.730911 81.300079 98.529449 105.866409 98.819794 82.220596 64.804871,
 71.566109 85.748398 98.522865 107.058121 109.845955 107.527237 102.311607 84.379761 106.033440 125.150040 136.050629 135.177444 124.060463 108.400391 96.746658 124.640999 149.111649 161.429169 155.730606 135.505951 110.250381 106.147247 135.934570 161.477539 172.044098 161.477539 135.934570 106.147247 110.250381 135.505951 155.730606 161.429169 149.111649 124.640999 96.746658 108.400391 124.060463 135.177444 136.050629 125.150040 106.033440 84.379761 102.311607 107.527237 109.845955 107.058121 98.522865 85.748398 71.566109,
 161.973022 174.455109 182.846786 184.670486 179.163162 168.385162 155.550751 213.712433 239.766769 260.627655 268.614502 259.363922 236.559708 208.037292 273.900238 320.313660 360.019836 376.694305 360.358459 319.139099 269.522919 300.469910 359.629425 410.924866 432.495605 410.924866 359.629425 300.469910 269.522919 319.139099 360.358459 376.694305 360.019836 320.313660 273.900238 208.037292 236.559708 259.363922 268.614502 260.627655 239.766769 213.712433 155.550751 168.385162 179.163162 184.670486 182.846786 174.455109 161.973022,
 255.717484 279.816895 276.047974 243.460968 194.332886 149.209534 120.984787 272.967010 326.451538 348.433929 323.972504 262.167389 193.791824 143.239136 261.116333 342.782806 403.189209 405.334808 343.342896 255.588287 180.167892 224.678299 314.532837 402.551575 442.357849 402.551575 314.532837 224.678299 180.167892 255.588287 343.342896 405.334808 403.189209 342.782806 261.116333 143.239136 193.791824 262.167389 323.972504 348.433929 326.451538 272.967010 120.984787 149.209534 194.332886 243.460968 276.047974 279.816895 255.717484,
 169.508972 223.678970 285.262787 305.648071 263.120331 197.816971 155.908691 172.718079 238.985245 321.675140 356.889313 305.951813 221.489487 165.219482 175.273651 250.551392 351.753052 402.060730 343.734802 241.938354 172.226318 175.585342 252.641479 361.686218 421.237061 361.686218 252.641479 175.585342 172.226318 241.938354 343.734802 402.060730 351.753052 250.551392 175.273651 165.219482 221.489487 305.951813 356.889313 321.675140 238.985245 172.718079 155.908691 197.816971 263.120331 305.648071 285.262787 223.678970 169.508972,
 162.526855 182.544632 213.792358 250.613861 277.889465 281.210510 258.719788 171.031387 214.656097 274.309631 330.167328 354.561523 335.472504 285.420776 200.888718 273.570923 358.207611 418.436096 418.048126 360.620544 280.554565 245.137009 334.701721 421.411743 459.966492 421.411743 334.701721 245.137009 280.554565 360.620544 418.048126 418.436096 358.207611 273.570923 200.888718 285.420776 335.472504 354.561523 330.167328 274.309631 214.656097 171.031387 258.719788 281.210510 277.889465 250.613861 213.792358 182.544632 162.526855,
 119.157402 143.640945 155.669739 153.183365 144.568665 139.104660 137.929428 130.189926 166.412033 193.342651 195.542297 175.099976 151.225723 137.862198 180.692459 249.975250 317.284119 340.546021 301.608459 233.790131 177.732224 216.310593 306.282135 404.200439 450.310944 404.200439 306.282135 216.310593 177.732224 233.790131 301.608459 340.546021 317.284119 249.975250 180.692459 137.862198 151.225723 175.099976 195.542297 193.342651 166.412033 130.189926 137.929428 139.104660 144.568665 153.183365 155.669739 143.640945 119.157402,
 126.671600 171.857208 191.488220 177.992371 151.357330 133.814056 129.085876 153.551483 231.059204 285.442810 267.004669 200.604416 149.889648 135.681854 168.621719 276.207031 391.030731 406.779083 306.005829 195.509811 143.725113 159.922745 257.545502 404.469543 485.247772 404.469543 257.545502 159.922745 143.725113 195.509811 306.005829 406.779083 391.030731 276.207031 168.621719 135.681854 149.889648 200.604416 267.004669 285.442810 231.059204 153.551483 129.085876 133.814056 151.357330 177.992371 191.488220 171.857208 126.671600,
 183.063477 220.682770 284.881622 325.958557 305.819061 267.593903 236.264954 192.234940 253.012192 359.549622 429.366608 385.051697 300.388397 241.438950 201.504532 287.886505 436.091370 531.328613 454.385803 318.674835 232.616318 216.065155 313.774658 476.330780 576.605957 476.330780 313.774658 216.065155 232.616318 318.674835 454.385803 531.328613 436.091370 287.886505 201.504532 241.438950 300.388397 385.051697 429.366608 359.549622 253.012192 192.234940 236.264954 267.593903 305.819061 325.958557 284.881622 220.682770 183.063477,
 172.440048 191.536285 220.008118 264.904022 307.677246 317.738953 284.518463 176.899185 213.837418 276.848267 360.368622 406.654297 374.240906 291.651031 193.217514 264.195129 380.432800 491.182861 494.609497 388.669800 269.342590 228.772766 339.608215 484.416992 561.990417 484.416992 339.608215 228.772766 269.342590 388.669800 494.609497 491.182861 380.432800 264.195129 193.217514 291.651031 374.240906 406.654297 360.368622 276.848267 213.837418 176.899185 284.518463 317.738953 307.677246 264.904022 220.008118 191.536285 172.440048,
 -7.934888 13.671926 25.691286 26.186321 20.246252 13.054656 6.825368 28.696938 49.166008 62.743282 68.392853 66.759888 58.639198 46.102791 61.668629 88.914604 115.287415 131.414825 128.410141 107.670815 79.177460 82.356621 119.409042 154.392059 169.634583 154.392059 119.409042 82.356621 79.177460 107.670815 128.410141 131.414825 115.287415 88.914604 61.668629 46.102791 58.639198 66.759888 68.392853 62.743282 49.166008 28.696938 6.825368 13.054656 20.246252 26.186321 25.691286 13.671926 -7.934888,
 9.676685 29.253452 38.769444 41.981380 49.494122 53.965313 49.653545 45.926189 76.684937 94.271118 85.235481 68.622406 58.239834 47.060665 68.796837 112.591301 154.533508 154.998566 117.727325 81.585884 55.655266 69.094299 109.499069 163.905716 194.730942 163.905716 109.499069 69.094299 55.655266 81.585884 117.727325 154.998566 154.533508 112.591301 68.796837 47.060665 58.239834 68.622406 85.235481 94.271118 76.684937 45.926189 49.653545 53.965313 49.494122 41.981380 38.769444 29.253452 9.676685,
 17.088123 34.175407 50.476837 67.914787 78.807800 77.222939 56.799007 34.355724 64.277557 94.335785 120.123528 121.330505 107.635803 78.345688 54.106853 95.267395 141.146469 176.398163 157.760757 123.023407 83.672165 72.979416 117.729263 167.553436 203.406738 167.553436 117.729263 72.979416 83.672165 123.023407 157.760757 176.398163 141.146469 95.267395 54.106853 78.345688 107.635803 121.330505 120.123528 94.335785 64.277557 34.355724 56.799007 77.222939 78.807800 67.914787 50.476837 34.175407 17.088123,
 10.115543 21.579754 35.558304 45.929276 45.224228 32.911751 16.725033 22.397470 45.463440 67.873238 80.861610 74.809303 51.594116 24.595541 34.260979 69.086342 106.744331 129.273254 116.235100 75.090172 32.855675 36.807747 82.015640 132.640717 157.256226 132.640717 82.015640 36.807747 32.855675 75.090172 116.235100 129.273254 106.744331 69.086342 34.260979 24.595541 51.594116 74.809303 80.861610 67.873238 45.463440 22.397470 16.725033 32.911751 45.224228 45.929276 35.558304 21.579754 10.115543,

Pairwise cross-correlations of the modulus of all oriented sub-bands at the same scale (size QxQ)
 157.216980 106.168060 60.296131 113.015167,
 106.168060 160.129456 100.478783 65.126945,
 60.296131 100.478783 148.133591 106.638458,
 113.015167 65.126945 106.638458 172.044083,
 432.495636 350.971924 292.737549 358.104492,
 350.971924 442.357849 337.909973 308.071106,
 292.737549 337.909973 421.237061 348.852417,
 358.104492 308.071106 348.852417 459.966522,
 450.311005 351.023743 346.206482 360.517212,
 351.023743 485.247772 423.505737 324.877899,
 346.206482 423.505737 576.605957 440.868988,
 360.517212 324.877899 440.868988 561.990479,
 169.634583 125.141235 48.605934 86.021057,
 125.141235 194.730942 107.957520 55.995258,
 48.605934 107.957520 203.406738 116.292969,
 86.021057 55.995258 116.292969 157.256226,

Cross-correlations of the modulus of all oriented sub-bands with all oriented sub-bands at the coarser scale (size QxQ)
 221.549500 181.811188 139.007751 187.156357,
 185.537964 229.212387 176.898010 150.415009,
 139.971344 177.327774 213.171631 182.060989,
 190.189194 153.713333 184.954727 241.433014,
 337.416687 307.577148 303.157288 318.012085,
 307.757446 348.569550 356.207825 297.993988,
 266.387268 296.198853 366.728149 329.025787,
 297.255035 268.082764 342.562988 363.324829,
 138.579895 141.542862 125.219864 114.495949,
 146.196716 164.573425 125.563065 120.655998,
 161.583633 187.636597 180.015854 152.396118,
 168.172501 160.695496 121.518044 131.772400,

Cross-correlations of the real part of each oriented sub-band with both the real and imaginary part of all phase-doubled oriented sub-bands at the next coarser scale (Q matrices of size 1x2Q, which are computed and stored in a matrix of size Qx2Q)
 89.627449 37.572235 4.307192 42.461472 -0.961585 0.218124 -0.389589 1.190337,
 38.568306 85.797264 34.470844 2.944592 -0.371673 -2.367733 -1.245832 0.072840,
 4.366099 35.503967 77.493248 41.519932 -0.398174 -0.397202 0.479146 -1.379018,
 42.334415 2.965620 36.110065 98.960365 -1.176371 0.887415 0.386400 -0.444572,
 -126.510956 -65.600922 -7.941013 -56.917782 -9.472775 1.374776 -3.149133 -6.427322,
 -63.804413 -148.676254 -62.259880 -7.210408 -2.002336 -14.392107 -5.771729 0.765305,
 -9.617514 -65.940659 -123.951004 -61.121864 0.153634 -4.932716 -8.129209 -10.681350,
 -58.297897 -7.347554 -53.387859 -129.288376 -4.204796 4.182007 -5.649051 -27.153358,
 -39.592365 -16.397785 0.548127 -26.001204 -23.160038 4.758166 6.031159 11.702518,
 -17.490482 -40.363194 -12.422787 2.389107 -13.172013 13.796623 -23.047434 -0.646161,
 -3.900147 -15.136705 -39.042900 -8.510727 1.005127 -2.952306 -16.997475 45.491173,
 -27.634094 0.795301 -16.683128 -39.777184 4.082294 -4.134800 24.597446 78.736938,
