Low-band skewness and kurtosis
 -2.218081 6.252384,
 -2.261954 6.887295,
 -1.754919 5.012183,
 -1.435963 4.270783,
 -1.332038 3.796727,

High-band variance
 143.224487,

Skewness, kurtosis, variance, mean, maximum and minimum of the reconstructed texture
 -2.206130 6.013865 6594.529297 222.435913 255.000000 0.000000,

Auto-correlations of the low-frequency bands at each scale
 2925.674561 3400.622803 3749.564697 3882.047363 3752.682861 3401.882080 2910.108643 3411.621826 4067.830322 4646.853027 4900.171875 4658.699707 4073.825439 3388.905518 3735.714600 4621.572754 5523.058594 5942.139160 5535.123047 4628.345215 3718.637939 3843.828125 4854.351074 5922.582031 6420.146484 5922.582031 4854.351074 3843.828125 3718.637939 4628.345215 5535.123047 5942.139160 5523.058594 4621.572754 3735.714600 3388.905518 4073.825439 4658.699707 4900.171875 4646.853027 4067.830322 3411.621826 2910.108643 3401.882080 3752.682861 3882.047363 3749.564697 3400.622803 2925.674561,
 1691.388550 1601.317627 1616.315430 1646.120361 1595.927734 1572.405518 1627.321411 1710.028320 2026.747192 2662.550293 3027.646484 2662.355957 1993.329956 1612.457520 1766.015625 2704.100586 4187.662598 4973.437988 4182.815918 2660.591797 1671.470703 1759.246094 3032.674316 4953.890625 5947.990234 4953.890625 3032.674316 1759.246094 1671.470703 2660.591797 4182.815918 4973.437988 4187.662598 2704.100586 1766.015625 1612.457520 1993.329956 2662.355957 3027.646484 2662.550293 2026.747192 1710.028320 1627.321411 1572.405518 1595.927734 1646.120361 1616.315430 1601.317627 1691.388550,
 1337.013550 1418.663208 1235.352783 1111.171509 1277.189697 1325.523804 1088.585571 1337.035889 1426.816772 1479.971436 1476.826172 1430.760986 1434.164185 1394.483154 1054.031494 1451.375488 2505.584961 3126.093262 2441.194824 1538.270020 1311.134277 1008.957947 1557.312744 3199.328125 4260.343750 3199.328125 1557.312744 1008.957947 1311.134277 1538.270020 2441.194824 3126.093262 2505.584961 1451.375488 1054.031494 1394.483154 1434.164185 1430.760986 1476.826172 1479.971436 1426.816772 1337.035889 1088.585571 1325.523804 1277.189697 1111.171509 1235.352783 1418.663208 1337.013550,
 309.663971 597.609253 838.216980 964.165344 940.103699 743.324341 392.567108 631.409546 886.153442 1094.975220 1197.293213 1092.144409 839.542358 482.445465 781.239258 1124.745972 1654.515747 1975.891968 1615.863647 977.389771 506.802246 654.655640 1154.289062 1997.520020 2501.380615 1997.520020 1154.289062 654.655640 506.802246 977.389771 1615.863647 1975.891968 1654.515747 1124.745972 781.239258 482.445465 839.542358 1092.144409 1197.293213 1094.975220 886.153442 631.409546 392.567108 743.324341 940.103699 964.165344 838.216980 597.609253 309.663971,
 -607.316711 -335.148895 -94.699844 34.204102 -107.756149 -430.250275 -722.702576 -401.342743 -48.686234 376.917999 638.444092 375.938568 -180.824112 -578.398254 -153.168365 308.019989 994.804077 1407.162598 991.802368 196.833740 -300.962921 -97.730103 433.240906 1294.813232 1781.476074 1294.813232 433.240906 -97.730103 -300.962921 196.833740 991.802368 1407.162598 994.804077 308.019989 -153.168365 -578.398254 -180.824112 375.938568 638.444092 376.917999 -48.686234 -401.342743 -722.702576 -430.250275 -107.756149 34.204102 -94.699844 -335.148895 -607.316711,

Auto-correlations of the modulus of each oriented sub-band
 78.095184 85.228920 92.250351 95.561584 93.334702 86.846153 79.444839 94.160751 106.656487 118.077477 122.923447 118.607933 107.408531 94.759125 110.275009 128.634338 144.978073 151.621521 145.054214 128.772186 110.468033 117.496407 138.689117 157.646988 165.406525 157.646988 138.689117 117.496407 110.468033 128.772186 145.054214 151.621521 144.978073 128.634338 110.275009 94.759125 107.408531 118.607933 122.923447 118.077477 106.656487 94.160751 79.444839 86.846153 93.334702 95.561584 92.250351 85.228920 78.095184,
 110.529877 115.133194 117.727814 116.099411 109.740326 99.849060 88.228668 116.042465 130.015350 140.639526 142.038010 133.004883 117.180481 99.376907 118.369057 140.805206 159.927246 165.603638 154.428528 132.847107 109.321175 116.137268 142.008835 165.585510 175.694946 165.585510 142.008835 116.137268 109.321175 132.847107 154.428528 165.603638 159.927246 140.805206 118.369057 99.376907 117.180481 133.004883 142.038010 140.639526 130.015350 116.042465 88.228668 99.849060 109.740326 116.099411 117.727814 115.133194 110.529877,
 70.210075 84.044601 99.319740 106.651024 100.546654 86.072891 72.305046 75.993164 94.041809 114.502121 124.621140 115.788803 96.035599 78.043396 81.973511 103.728279 128.694412 141.240784 129.497360 104.910774 83.188293 84.903076 108.128372 134.819534 148.170563 134.819534 108.128372 84.903076 83.188293 104.910774 129.497360 141.240784 128.694412 103.728279 81.973511 78.043396 96.035599 115.788803 124.621140 114.502121 94.041809 75.993164 72.305046 86.072891 100.546654 106.651024 99.319740 84.044601 70.210075,
 76.392380 86.756645 96.947807 104.802818 108.389259 107.284584 103.131973 87.256790 104.218315 120.485168 130.637421 130.448944 120.697853 107.156570 97.562653 120.526695 142.305756 153.947937 148.845123 130.240234 108.296936 105.087585 130.462860 153.852539 163.873444 153.852539 130.462860 105.087585 108.296936 130.240234 148.845123 153.947937 142.305756 120.526695 97.562653 107.156570 120.697853 130.448944 130.637421 120.485168 104.218315 87.256790 103.131973 107.284584 108.389259 104.802818 96.947807 86.756645 76.392380,
 223.161636 225.114502 227.294968 228.629501 225.145035 215.791748 203.934921 265.137024 281.410156 294.462219 298.115906 287.326233 265.502075 241.834244 308.281250 348.097534 382.989044 395.740906 376.444855 335.672974 292.362976 321.998993 375.739319 426.146240 448.249359 426.146240 375.739319 321.998993 292.362976 335.672974 376.444855 395.740906 382.989044 348.097534 308.281250 241.834244 265.502075 287.326233 298.115906 294.462219 281.410156 265.137024 203.934921 215.791748 225.145035 228.629501 227.294968 225.114502 223.161636,
 296.664673 314.491455 311.793884 287.931274 252.185181 218.059799 192.400879 315.722626 360.170654 379.302185 358.781769 307.007629 250.802902 208.877533 306.588379 376.928986 431.204285 433.338928 377.340027 300.094513 236.826920 274.352844 351.782104 431.637146 468.315521 431.637146 351.782104 274.352844 236.826920 300.094513 377.340027 433.338928 431.204285 376.928986 306.588379 208.877533 250.802902 307.007629 358.781769 379.302185 360.170654 315.722626 192.400879 218.059799 252.185181 287.931274 311.793884 314.491455 296.664673,
 189.895401 226.058105 269.225586 286.138641 262.105652 218.814209 182.687973 197.616287 244.999069 307.669434 335.411682 299.238647 238.226089 194.270065 203.009964 258.547943 338.498108 379.181641 332.612244 254.102951 201.631210 204.611145 262.071350 348.758606 397.794403 348.758606 262.071350 204.611145 201.631210 254.102951 332.612244 379.181641 338.498108 258.547943 203.009964 194.270065 238.226089 299.238647 335.411682 307.669434 244.999069 197.616287 182.687973 218.814209 262.105652 286.138641 269.225586 226.058105 189.895401,
 197.847549 211.470505 232.518829 262.838867 289.151947 293.486572 272.998718 209.002396 239.816284 284.755585 333.357025 357.994965 342.294434 300.015869 235.934738 289.663757 357.657562 411.526276 413.565033 364.975769 301.078613 273.765594 342.913391 415.164124 449.092468 415.164124 342.913391 273.765594 301.078613 364.975769 413.565033 411.526276 357.657562 289.663757 235.934738 300.015869 342.294434 357.994965 333.357025 284.755585 239.816284 209.002396 272.998718 293.486572 289.151947 262.838867 232.518829 211.470505 197.847549,
 160.978485 158.488861 148.970932 136.716385 125.750801 118.015594 111.665985 187.788300 199.834915 205.922287 204.252289 192.932083 170.970871 142.886963 211.141159 260.873749 311.134155 335.071106 313.546265 256.703156 193.336746 223.752289 305.028748 389.737762 428.340759 389.737762 305.028748 223.752289 193.336746 256.703156 313.546265 335.071106 311.134155 260.873749 211.141159 142.886963 170.970871 192.932083 204.252289 205.922287 199.834915 187.788300 111.665985 118.015594 125.750801 136.716385 148.970932 158.488861 160.978485,
 201.454926 230.575027 238.449860 207.158936 159.760468 128.383591 113.834831 236.571899 300.697144 346.270844 321.890625 241.620453 169.606934 131.133759 249.818481 347.157715 446.520844 460.367981 365.451080 249.516296 176.345917 225.819427 326.818420 458.611176 527.533813 458.611176 326.818420 225.819427 176.345917 249.516296 365.451080 460.367981 446.520844 347.157715 249.818481 131.133759 169.606934 241.620453 321.890625 346.270844 300.697144 236.571899 113.834831 128.383591 159.760468 207.158936 238.449860 230.575027 201.454926,
 149.749557 182.195343 218.100830 237.536499 206.663147 162.014008 124.869743 153.460144 202.014191 276.540833 324.465027 266.993225 186.160370 139.521057 155.462494 216.428497 330.109406 409.158081 323.929474 207.144073 149.291351 154.603500 219.009064 350.456787 446.212219 350.456787 219.009064 154.603500 149.291351 207.144073 323.929474 409.158081 330.109406 216.428497 155.462494 139.521057 186.160370 266.993225 324.465027 276.540833 202.014191 153.460144 124.869743 162.014008 206.663147 237.536499 218.100830 182.195343 149.749557,
 173.050766 211.291122 244.218658 269.267700 272.411713 244.492813 200.140335 212.083359 264.137634 323.751343 374.048523 375.651245 318.123535 238.163986 242.585144 324.551880 426.646606 499.481293 478.659424 376.480835 264.369354 264.285583 376.013123 502.496460 563.770874 502.496460 376.013123 264.285583 264.369354 376.480835 478.659424 499.481293 426.646606 324.551880 242.585144 238.163986 318.123535 375.651245 374.048523 323.751343 264.137634 212.083359 200.140335 244.492813 272.411713 269.267700 244.218658 211.291122 173.050766,
 12.220417 17.985088 22.057367 22.924995 20.468824 15.339790 7.397535 30.303757 36.460953 42.505722 41.519341 31.476799 19.117676 12.832477 37.124523 55.984436 79.355850 83.102112 59.222488 27.086763 11.512479 23.322788 50.610886 93.633972 116.207581 93.633972 50.610886 23.322788 11.512479 27.086763 59.222488 83.102112 79.355850 55.984436 37.124523 12.832477 19.117676 31.476799 41.519341 42.505722 36.460953 30.303757 7.397535 15.339790 20.468824 22.924995 22.057367 17.985088 12.220417,
 21.882078 39.715469 54.456123 52.433983 35.574364 14.322306 -2.624094 32.120888 55.231915 80.429352 81.154648 58.802067 33.266895 15.307653 46.646194 74.651825 113.144318 123.621155 94.936447 59.048065 35.998947 49.947746 78.299820 122.119949 147.084854 122.119949 78.299820 49.947746 35.998947 59.048065 94.936447 123.621155 113.144318 74.651825 46.646194 15.307653 33.266895 58.802067 81.154648 80.429352 55.231915 32.120888 -2.624094 14.322306 35.574364 52.433983 54.456123 39.715469 21.882078,
 19.557232 30.487242 49.932899 66.303284 62.391457 38.646835 20.028225 26.832705 42.547722 77.008881 104.363098 86.589417 46.490402 21.797033 27.946808 51.488064 102.912682 141.847046 108.836372 53.439449 23.163799 25.508446 55.536789 116.065170 158.446198 116.065170 55.536789 25.508446 23.163799 53.439449 108.836372 141.847046 102.912682 51.488064 27.946808 21.797033 46.490402 86.589417 104.363098 77.008881 42.547722 26.832705 20.028225 38.646835 62.391457 66.303284 49.932899 30.487242 19.557232,
 18.732471 34.060783 45.924889 51.727612 45.859703 28.255531 16.326283 27.568554 41.897114 60.054707 77.975304 71.703697 41.950008 22.708347 30.351095 49.344234 86.758583 121.867157 106.199867 59.456959 32.498749 34.459335 61.022812 114.107193 148.561462 114.107193 61.022812 34.459335 32.498749 59.456959 106.199867 121.867157 86.758583 49.344234 30.351095 22.708347 41.950008 71.703697 77.975304 60.054707 41.897114 27.568554 16.326283 28.255531 45.859703 51.727612 45.924889 34.060783 18.732471,

Pairwise cross-correlations of the modulus of all oriented sub-bands at the same scale (size QxQ)
 165.406525 118.568115 70.749359 115.180878,
 118.568115 175.694946 110.477882 77.090225,
 70.749359 110.477882 148.170547 107.446060,
 115.180878 77.090225 107.446060 163.873413,
 448.249420 374.026642 311.365753 357.030457,
 374.026642 468.315552 344.029175 330.283905,
 311.365753 344.029175 397.794434 343.361420,
 357.030457 330.283905 343.361420 449.092529,
 428.340820 369.995789 264.717438 326.825684,
 369.995789 527.533875 345.776947 307.290375,
 264.717438 345.776947 446.212219 402.254547,
 326.825684 307.290375 402.254547 563.770996,
 116.207581 83.153801 74.682755 87.938240,
 83.153801 147.084869 114.430801 89.958778,
 74.682755 114.430801 158.446198 97.035500,
 87.938240 89.958778 97.035500 148.561462,

Cross-correlations of the modulus of all oriented sub-bands with all oriented sub-bands at the coarser scale (size QxQ)
 232.297134 196.047226 154.715134 193.658173,
 203.777206 247.484390 185.760147 167.442764,
 159.519043 191.144684 207.948730 186.827377,
 200.395844 168.739288 186.823975 234.261963,
 317.149017 340.773193 302.791870 354.577637,
 304.171417 388.765503 332.634216 344.096130,
 262.991089 335.412567 347.509766 351.532074,
 287.894867 312.908112 331.312592 404.772369,
 134.562103 126.516754 117.933235 152.285065,
 147.941650 174.509811 171.566895 160.737656,
 128.174164 145.807037 154.039536 159.478119,
 124.533371 142.291077 137.609390 178.783371,

Cross-correlations of the real part of each oriented sub-band with both the real and imaginary part of all phase-doubled oriented sub-bands at the next coarser scale (Q matrices of size 1x2Q, which are computed and stored in a matrix of size Qx2Q)
 100.575073 44.459347 4.131524 36.123333 1.826540 -2.606851 -0.030940 0.111419,
 48.930717 92.294060 34.347866 3.377698 -3.243492 -3.002840 -0.568020 -0.170252,
 5.131121 36.201435 70.890930 32.369175 -1.034601 0.140495 -1.402628 -1.157814,
 41.180759 3.676048 31.849304 76.849808 2.221704 -0.234884 -0.049446 -1.157356,
 -123.079407 -57.818153 -6.548813 -44.578876 -3.914308 7.501025 0.828798 -3.517039,
 -68.998581 -109.437866 -49.649300 -6.642223 -6.682961 14.054210 10.235447 2.262265,
 -8.595222 -43.164230 -127.524063 -60.162796 1.656940 10.346814 16.666372 -2.879295,
 -46.826580 -6.247827 -65.196671 -115.507996 7.841986 3.980390 3.584212 -10.981041,
 -26.601633 -23.891113 -5.630847 -25.509758 1.136188 -11.780649 3.329178 1.920741,
 -24.787752 -61.348106 -27.596666 -5.155769 -12.186652 -30.318966 21.333107 2.432422,
 -2.086654 -30.180479 -59.019688 -56.907829 -4.089899 3.788279 28.657888 9.842100,
 -7.894982 -1.621863 -33.010014 -94.246460 -2.001300 4.412199 12.100899 16.626232,
