Low-band skewness and kurtosis
 -2.246679 6.370389,
 -2.298990 7.049487,
 -1.807890 5.314244,
 -1.582861 5.010694,
 -1.535665 4.515679,

High-band variance
 136.581787,

Skewness, kurtosis, variance, mean, maximum and minimum of the reconstructed texture
 -2.233861 6.130671 6534.183105 222.942017 255.000000 0.000000,

Auto-correlations of the low-frequency bands at each scale
 2835.278076 3322.403320 3697.602295 3856.822998 3745.374268 3407.199219 2920.104736 3391.502197 4028.623291 4603.245117 4860.589844 4628.688477 4064.571045 3409.756592 3780.875977 4621.583008 5488.015137 5893.258301 5501.126465 4636.092773 3780.190918 3923.137695 4873.643555 5890.517578 6367.582031 5890.517578 4873.643555 3923.137695 3780.190918 4636.092773 5501.126465 5893.258301 5488.015137 4621.583008 3780.875977 3409.756592 4064.571045 4628.688477 4860.589844 4603.245117 4028.623291 3391.502197 2920.104736 3407.199219 3745.374268 3856.822998 3697.602295 3322.403320 2835.278076,
 1000.820679 1157.581055 1485.979492 1790.692383 1837.023438 1646.105225 1393.531860 1442.109497 1814.597168 2553.093018 3022.931152 2714.844482 1988.206055 1489.560425 1887.384033 2719.843262 4152.250488 4931.273926 4184.360840 2712.255371 1786.780273 2027.335938 3147.381592 4964.934082 5914.163086 4964.934082 3147.381592 2027.335938 1786.780273 2712.255371 4184.360840 4931.273926 4152.250488 2719.843262 1887.384033 1489.560425 1988.206055 2714.844482 3022.931152 2553.093018 1814.597168 1442.109497 1393.531860 1646.105225 1837.023438 1790.692383 1485.979492 1157.581055 1000.820679,
 704.145386 610.021851 835.254395 1342.930298 1464.088379 1286.632446 1298.414917 683.000122 540.659546 923.423035 1523.974121 1389.073975 1012.986084 1145.617310 1186.825439 1302.085205 2304.429199 3175.552734 2485.049316 1454.351318 1409.835938 1594.114258 1878.824341 3319.922607 4352.980469 3319.922607 1878.824341 1594.114258 1409.835938 1454.351318 2485.049316 3175.552734 2304.429199 1302.085205 1186.825439 1145.617310 1012.986084 1389.073975 1523.974121 923.423035 540.659546 683.000122 1298.414917 1286.632446 1464.088379 1342.930298 835.254395 610.021851 704.145386,
 -4.599121 157.885132 320.572449 648.728638 1021.258240 1237.748901 1145.573975 113.169250 319.394592 638.959290 1074.493286 1333.998779 1351.531494 1124.919678 327.676422 701.473755 1366.144287 1922.214844 1809.383057 1338.763306 909.136353 640.787781 1161.609375 1983.495850 2464.924805 1983.495850 1161.609375 640.787781 909.136353 1338.763306 1809.383057 1922.214844 1366.144287 701.473755 327.676422 1124.919678 1351.531494 1333.998779 1074.493286 638.959290 319.394592 113.169250 1145.573975 1237.748901 1021.258240 648.728638 320.572449 157.885132 -4.599121,
 -576.906250 -651.418091 -579.531067 -306.965912 3.011169 82.274384 -124.409027 -646.063049 -580.918274 -193.915192 393.821045 756.450195 587.906311 55.366943 -595.377441 -202.878510 571.687012 1283.448364 1345.366333 733.553833 -43.840759 -351.796936 372.232269 1282.031250 1720.976562 1282.031250 372.232269 -351.796936 -43.840759 733.553833 1345.366333 1283.448364 571.687012 -202.878510 -595.377441 55.366943 587.906311 756.450195 393.821045 -193.915192 -580.918274 -646.063049 -124.409027 82.274384 3.011169 -306.965912 -579.531067 -651.418091 -576.906250,

Auto-correlations of the modulus of each oriented sub-band
 76.379807 83.135818 89.147545 91.265457 88.191658 81.512711 74.492844 96.107323 107.324219 117.045197 120.347290 115.223267 104.125870 92.121559 113.283882 129.837738 144.323944 149.671707 142.850067 127.305511 110.168373 119.355797 138.802917 156.286942 163.458435 156.286942 138.802917 119.355797 110.168373 127.305511 142.850067 149.671707 144.323944 129.837738 113.283882 92.121559 104.125870 115.223267 120.347290 117.045197 107.324219 96.107323 74.492844 81.512711 88.191658 91.265457 89.147545 83.135818 76.379807,
 94.946564 100.010735 102.526260 100.991592 95.580429 87.468040 77.889938 101.486237 115.289078 125.522202 126.829880 118.554642 104.205307 88.198868 105.130104 126.585304 144.703979 149.978821 139.518799 119.352989 97.443932 103.685165 128.138214 150.357666 159.847321 150.357666 128.138214 103.685165 97.443932 119.352989 139.518799 149.978821 144.703979 126.585304 105.130104 88.198868 104.205307 118.554642 126.829880 125.522202 115.289078 101.486237 77.889938 87.468040 95.580429 100.991592 102.526260 100.010735 94.946564,
 68.430313 84.646706 101.521057 109.583496 103.215515 87.799690 72.589767 75.658836 95.515106 116.507751 126.362022 117.438873 97.376465 78.234505 82.357925 105.407387 130.157639 141.828018 130.454788 106.153496 83.491684 85.388351 109.597649 135.782928 148.270004 135.782928 109.597649 85.388351 83.491684 106.153496 130.454788 141.828018 130.157639 105.407387 82.357925 78.234505 97.376465 117.438873 126.362022 116.507751 95.515106 75.658836 72.589767 87.799690 103.215515 109.583496 101.521057 84.646706 68.430313,
 71.636124 82.826019 93.439354 101.135300 104.082375 101.912933 96.351669 82.932198 100.019653 116.048615 125.963989 125.726120 115.862854 101.813530 93.335251 115.876556 137.031281 148.451721 143.639130 125.555191 103.797897 100.854080 125.698547 148.351425 158.077576 148.351425 125.698547 100.854080 103.797897 125.555191 143.639130 148.451721 137.031281 115.876556 93.335251 101.813530 115.862854 125.726120 125.963989 116.048615 100.019653 82.932198 96.351669 101.912933 104.082375 101.135300 93.439354 82.826019 71.636124,
 146.482513 156.426636 164.648407 169.239944 168.762665 163.696442 155.009613 219.544373 241.793839 258.888672 264.504333 255.780762 236.580338 212.828247 290.734436 329.936432 362.299316 373.884918 357.643066 322.394379 281.526794 317.219299 365.831818 408.194214 426.233032 408.194214 365.831818 317.219299 281.526794 322.394379 357.643066 373.884918 362.299316 329.936432 290.734436 212.828247 236.580338 255.780762 264.504333 258.888672 241.793839 219.544373 155.009613 163.696442 168.762665 169.239944 164.648407 156.426636 146.482513,
 208.416229 226.221008 222.820816 200.031219 171.551498 148.625061 133.978149 243.874451 284.308319 300.595093 280.181305 236.006042 191.063873 157.726074 250.716278 312.304169 359.786987 360.192078 311.556396 246.765167 192.930634 229.454468 296.092316 364.661499 396.380920 364.661499 296.092316 229.454468 192.930634 246.765167 311.556396 360.192078 359.786987 312.304169 250.716278 157.726074 191.063873 236.006042 280.181305 300.595093 284.308319 243.874451 133.978149 148.625061 171.551498 200.031219 222.820816 226.221008 208.416229,
 151.081528 202.685364 265.958344 304.974060 295.394989 250.667725 200.377457 169.676926 232.960434 309.742432 352.937561 329.544189 264.767517 201.799820 185.692245 258.953796 347.467682 394.456940 357.493683 274.537720 200.933792 196.327560 273.941010 365.952637 411.886902 365.952637 273.941010 196.327560 200.933792 274.537720 357.493683 394.456940 347.467682 258.953796 185.692245 201.799820 264.767517 329.544189 352.937561 309.742432 232.960434 169.676926 200.377457 250.667725 295.394989 304.974060 265.958344 202.685364 151.081528,
 142.124420 164.674347 200.298904 242.781647 274.568909 277.470154 250.444214 166.108063 202.978729 258.084442 313.370453 337.319122 314.407501 263.556488 197.724060 254.517258 328.778809 385.604187 383.922363 327.294312 257.591431 232.239151 303.988251 381.818298 418.454498 381.818298 303.988251 232.239151 257.591431 327.294312 383.922363 385.604187 328.778809 254.517258 197.724060 263.556488 314.407501 337.319122 313.370453 258.084442 202.978729 166.108063 250.444214 277.470154 274.568909 242.781647 200.298904 164.674347 142.124420,
 121.035110 146.991455 175.343033 198.106094 207.013535 200.096649 183.798233 164.219757 212.165375 263.557312 296.943298 296.821472 267.035278 226.207062 237.179535 320.160553 403.653137 447.764893 426.792419 357.492035 279.216949 291.518433 391.349670 487.532166 529.635132 487.532166 391.349670 291.518433 279.216949 357.492035 426.792419 447.764893 403.653137 320.160553 237.179535 226.207062 267.035278 296.821472 296.943298 263.557312 212.165375 164.219757 183.798233 200.096649 207.013535 198.106094 175.343033 146.991455 121.035110,
 111.977211 145.626526 155.220917 135.004852 122.744759 122.697876 102.184135 133.524582 200.030853 245.961700 214.707108 155.152618 131.192871 117.234695 140.284958 225.301086 330.844604 336.791504 235.953735 155.839478 127.544327 134.488953 199.443878 324.694794 404.068298 324.694794 199.443878 134.488953 127.544327 155.839478 235.953735 336.791504 330.844604 225.301086 140.284958 117.234695 131.192871 155.152618 214.707108 245.961700 200.030853 133.524582 102.184135 122.697876 122.744759 135.004852 155.220917 145.626526 111.977211,
 172.740936 247.229446 338.365631 398.781189 382.255951 309.970184 238.169403 209.745514 317.497864 444.455292 513.871643 469.446686 357.711853 254.756592 237.491318 370.463348 529.803040 610.799316 538.734802 389.461273 260.824219 254.807831 395.255066 564.367065 650.234497 564.367065 395.255066 254.807831 260.824219 389.461273 538.734802 610.799316 529.803040 370.463348 237.491318 254.756592 357.711853 469.446686 513.871643 444.455292 317.497864 209.745514 238.169403 309.970184 382.255951 398.781189 338.365631 247.229446 172.740936,
 41.251358 62.563309 113.443665 168.484863 196.841400 186.556900 153.148621 49.857391 93.101982 160.679062 230.247070 257.608826 219.621155 157.184235 76.058144 139.719971 238.076233 329.093323 326.684387 235.576996 146.679962 115.190567 200.840851 321.960266 389.760864 321.960266 200.840851 115.190567 146.679962 235.576996 326.684387 329.093323 238.076233 139.719971 76.058144 157.184235 219.621155 257.608826 230.247070 160.679062 93.101982 49.857391 153.148621 186.556900 196.841400 168.484863 113.443665 62.563309 41.251358,
 -4.640958 4.997015 8.417719 2.130901 -2.613099 -2.793552 -4.060214 8.066892 19.290150 27.466768 22.878494 10.129530 -1.710605 -8.041331 18.104298 33.592529 58.725773 66.486923 42.777737 12.140169 -2.327000 16.067638 36.475723 78.101395 103.215881 78.101395 36.475723 16.067638 -2.327000 12.140169 42.777737 66.486923 58.725773 33.592529 18.104298 -8.041331 -1.710605 10.129530 22.878494 27.466768 19.290150 8.066892 -4.060214 -2.793552 -2.613099 2.130901 8.417719 4.997015 -4.640958,
 -1.534801 27.549498 48.627590 55.183441 54.632053 49.589134 38.419781 17.432636 53.958015 85.654129 88.706528 76.030014 61.426170 43.933037 32.449669 73.564766 122.059639 132.006607 101.566216 69.017570 45.445335 40.709740 74.943619 126.173950 156.527176 126.173950 74.943619 40.709740 45.445335 69.017570 101.566216 132.006607 122.059639 73.564766 32.449669 43.933037 61.426170 76.030014 88.706528 85.654129 53.958015 17.432636 38.419781 49.589134 54.632053 55.183441 48.627590 27.549498 -1.534801,
 -1.756176 16.696148 41.887070 57.605766 56.095284 48.372395 32.803837 18.520714 44.679966 81.977768 104.513763 91.011581 67.585190 40.090424 38.239079 73.367844 123.215225 153.463348 125.433975 82.810104 45.974163 47.472984 87.869629 142.419769 177.544327 142.419769 87.869629 47.472984 45.974163 82.810104 125.433975 153.463348 123.215225 73.367844 38.239079 40.090424 67.585190 91.011581 104.513763 81.977768 44.679966 18.520714 32.803837 48.372395 56.095284 57.605766 41.887070 16.696148 -1.756176,
 0.712246 3.395279 11.979008 26.937325 40.731197 40.704353 28.981922 4.695159 9.016701 24.920082 51.723751 67.685966 55.087250 30.976887 7.891561 21.501621 53.501595 91.272964 92.020012 57.937405 26.060337 16.084459 42.649742 86.557709 114.020325 86.557709 42.649742 16.084459 26.060337 57.937405 92.020012 91.272964 53.501595 21.501621 7.891561 30.976887 55.087250 67.685966 51.723751 24.920082 9.016701 4.695159 28.981922 40.704353 40.731197 26.937325 11.979008 3.395279 0.712246,

Pairwise cross-correlations of the modulus of all oriented sub-bands at the same scale (size QxQ)
 163.458450 111.296150 63.994240 109.639290,
 111.296150 159.847351 104.697800 72.854683,
 63.994240 104.697800 148.270004 105.355461,
 109.639290 72.854683 105.355461 158.077621,
 426.233032 333.133453 279.678223 334.739624,
 333.133453 396.380981 307.804352 276.761444,
 279.678223 307.804352 411.886902 342.078735,
 334.739624 276.761444 342.078735 418.454529,
 529.635132 360.681763 349.988342 292.857666,
 360.681763 404.068329 355.073914 244.348251,
 349.988342 355.073914 650.234497 402.817749,
 292.857666 244.348251 402.817749 389.760925,
 103.215889 77.835365 51.217327 54.155594,
 77.835365 156.527176 102.627991 89.579910,
 51.217327 102.627991 177.544342 93.502335,
 54.155594 89.579910 93.502335 114.020325,

Cross-correlations of the modulus of all oriented sub-bands with all oriented sub-bands at the coarser scale (size QxQ)
 226.706497 177.749557 138.740814 177.555893,
 191.498886 219.339478 175.800308 151.521515,
 147.528503 166.494095 210.468918 181.391968,
 191.433182 143.242599 182.264999 224.052109,
 360.772339 283.582336 349.801453 280.275513,
 337.378265 314.373322 352.691376 263.141418,
 293.548950 270.110504 387.335327 300.853455,
 327.216064 253.345871 352.163269 310.083771,
 107.295593 173.878510 133.342911 138.574966,
 91.893311 156.190445 127.922417 121.910614,
 110.621780 149.059341 176.068726 135.683502,
 92.663689 121.419357 122.385544 115.576431,

Cross-correlations of the real part of each oriented sub-band with both the real and imaginary part of all phase-doubled oriented sub-bands at the next coarser scale (Q matrices of size 1x2Q, which are computed and stored in a matrix of size Qx2Q)
 85.594482 42.518200 3.893911 38.014610 -2.926037 -4.268123 -0.430996 1.063074,
 39.452034 85.446815 35.444324 4.931839 -3.529583 -3.137960 0.860775 -0.927183,
 3.451617 35.163326 88.769905 43.253716 -1.139770 0.179604 -0.198588 -1.109034,
 35.972416 4.434726 44.129253 88.576530 -0.977215 -0.641943 -2.973023 3.276017,
 -103.573174 -61.519642 -7.885154 -41.741714 16.533379 -4.943938 -1.762009 -13.692690,
 -51.339096 -131.536911 -61.640804 -6.793775 10.945376 -15.975815 15.649824 0.613173,
 -4.136778 -60.914101 -158.197449 -73.723389 2.170756 3.387263 44.965164 2.267494,
 -37.023823 -10.723521 -78.413719 -122.606392 8.411790 3.609083 15.374476 -16.287806,
 -91.541847 -18.284672 4.801657 -6.097170 13.573108 -8.086210 -2.091668 9.617103,
 -48.751762 1.105797 -7.300421 -4.253873 -0.305843 -37.577934 -44.181187 -1.040406,
 3.110511 -7.736790 -53.370510 -26.303669 0.816666 -27.737988 -65.307755 17.750908,
 -16.986357 -10.638759 -26.324955 -26.211605 7.922713 -2.010202 -3.609923 35.549145,
