Low-band skewness and kurtosis
 -2.120011 5.809693,
 -2.164215 6.423988,
 -1.698002 5.039829,
 -1.384661 4.348739,
 -1.284219 4.249356,

High-band variance
 146.003738,

Skewness, kurtosis, variance, mean, maximum and minimum of the reconstructed texture
 -2.108841 5.585555 6923.737305 220.514954 255.000000 0.000000,

Auto-correlations of the low-frequency bands at each scale
 2896.638916 3509.139404 3919.388916 4051.433350 3870.304443 3418.510986 2783.747314 3368.264893 4193.911133 4863.733398 5127.279297 4834.583008 4154.884766 3337.623779 3709.142578 4780.270996 5793.437988 6236.021484 5778.853027 4770.840332 3718.562500 3846.686523 5027.705078 6208.776855 6745.975586 6208.776855 5027.705078 3846.686523 3718.562500 4770.840332 5778.853027 6236.021484 5793.437988 4780.270996 3709.142578 3337.623779 4154.884766 4834.583008 5127.279297 4863.733398 4193.911133 3368.264893 2783.747314 3418.510986 3870.304443 4051.433350 3919.388916 3509.139404 2896.638916,
 1138.193359 1500.041504 1785.056763 1789.181885 1491.214966 1094.817627 763.689697 1102.266724 1828.985962 2769.089600 3164.179688 2614.836182 1629.184937 857.874329 1119.598877 2455.313477 4308.092285 5211.603516 4276.925293 2425.981934 1033.856934 1145.115356 2824.562012 5119.991211 6259.760742 5119.991211 2824.562012 1145.115356 1033.856934 2425.981934 4276.925293 5211.603516 4308.092285 2455.313477 1119.598877 857.874329 1629.184937 2614.836182 3164.179688 2769.089600 1828.985962 1102.266724 763.689697 1094.817627 1491.214966 1789.181885 1785.056763 1500.041504 1138.193359,
 665.066345 766.617249 995.509338 962.167603 703.547424 715.104187 960.664856 465.894043 582.951294 1275.243652 1577.433838 923.871094 442.001984 772.972778 332.388428 681.056641 2359.530762 3352.123535 2031.454590 429.394806 437.107788 280.009460 693.482056 2980.730957 4530.042480 2980.730957 693.482056 280.009460 437.107788 429.394806 2031.454590 3352.123535 2359.530762 681.056641 332.388428 772.972778 442.001984 923.871094 1577.433838 1275.243652 582.951294 465.894043 960.664856 715.104187 703.547424 962.167603 995.509338 766.617249 665.066345,
 227.832901 681.857300 739.361633 459.426941 493.545837 755.480835 592.645264 516.874817 679.233521 745.799744 701.761658 694.345764 730.557007 457.591949 651.621338 629.299438 1148.471069 1591.552734 1172.438110 611.805176 371.984131 534.763306 619.380188 1487.432983 2181.146240 1487.432983 619.380188 534.763306 371.984131 611.805176 1172.438110 1591.552734 1148.471069 629.299438 651.621338 457.591949 730.557007 694.345764 701.761658 745.799744 679.233521 516.874817 592.645264 755.480835 493.545837 459.426941 739.361633 681.857300 227.832901,
 -581.254150 -478.926697 -224.038864 -26.964478 -48.557816 -239.731384 -429.707031 -385.657166 -177.681976 204.818878 437.953949 345.491791 77.942749 -180.037781 -164.971069 170.944077 725.998596 1007.421265 748.533508 292.408020 -26.003143 -26.154968 342.467407 946.491638 1277.259399 946.491638 342.467407 -26.154968 -26.003143 292.408020 748.533508 1007.421265 725.998596 170.944077 -164.971069 -180.037781 77.942749 345.491791 437.953949 204.818878 -177.681976 -385.657166 -429.707031 -239.731384 -48.557816 -26.964478 -224.038864 -478.926697 -581.254150,

Auto-correlations of the modulus of each oriented sub-band
 65.186768 73.349678 80.784744 83.679520 80.263000 72.331108 63.781086 81.835281 94.560638 106.213570 111.063393 106.372597 94.603867 81.434525 98.060707 115.783173 131.996948 138.856476 132.503967 116.345337 98.194206 105.296165 125.705345 144.292542 151.972137 144.292542 125.705345 105.296165 98.194206 116.345337 132.503967 138.856476 131.996948 115.783173 98.060707 81.434525 94.603867 106.372597 111.063393 106.213570 94.560638 81.835281 63.781086 72.331108 80.263000 83.679520 80.784744 73.349678 65.186768,
 93.748985 100.209152 102.532501 98.661011 88.693176 74.905518 60.327843 99.316483 115.340721 126.328743 126.412056 114.656303 95.233269 73.944016 100.631493 125.393539 145.469208 150.777390 138.051117 113.759796 86.853310 96.358719 125.085182 150.400879 161.028351 150.400879 125.085182 96.358719 86.853310 113.759796 138.051117 150.777390 145.469208 125.393539 100.631493 73.944016 95.233269 114.656303 126.412056 126.328743 115.340721 99.316483 60.327843 74.905518 88.693176 98.661011 102.532501 100.209152 93.748985,
 63.982582 81.206589 98.163506 106.396576 99.759529 82.584610 64.125023 71.172127 93.399063 115.751678 126.444275 117.007721 94.471542 71.350685 77.774307 104.412949 131.604752 144.554245 132.313828 105.021378 77.911179 80.528931 109.085953 138.294266 152.032715 138.294266 109.085953 80.528931 77.911179 105.021378 132.313828 144.554245 131.604752 104.412949 77.774307 71.350685 94.471542 117.007721 126.444275 115.751678 93.399063 71.172127 64.125023 82.584610 99.759529 106.396576 98.163506 81.206589 63.982582,
 67.003006 81.932724 94.702141 102.300003 103.390388 99.017456 91.804840 80.183258 102.011665 120.752609 130.571747 128.135071 115.330803 98.288040 91.985596 119.803368 144.053879 155.737885 149.072952 127.723244 101.714676 99.705063 129.649948 155.609589 166.363892 155.609589 129.649948 99.705063 101.714676 127.723244 149.072952 155.737885 144.053879 119.803368 91.985596 98.288040 115.330803 128.135071 130.571747 120.752609 102.011665 80.183258 91.804840 99.017456 103.390388 102.300003 94.702141 81.932724 67.003006,
 137.970184 144.959457 147.883224 144.133163 133.619736 120.632759 110.281509 188.536728 209.600327 223.760498 223.707611 207.869751 183.608109 159.965775 240.877853 282.043213 315.193634 324.287872 302.777802 263.084351 221.591080 258.306366 310.222504 357.165619 377.509125 357.165619 310.222504 258.306366 221.591080 263.084351 302.777802 324.287872 315.193634 282.043213 240.877853 159.965775 183.608109 207.869751 223.707611 223.760498 209.600327 188.536728 110.281509 120.632759 133.619736 144.133163 147.883224 144.959457 137.970184,
 248.228745 276.443481 273.962341 239.733765 187.881424 139.235977 107.433517 274.022949 332.108826 356.012329 329.811646 264.147034 189.705566 132.928925 265.945343 354.026703 417.136017 418.228821 353.340790 258.626495 174.902130 226.003723 324.336670 417.475555 457.465881 417.475555 324.336670 226.003723 174.902130 258.626495 353.340790 418.228821 417.136017 354.026703 265.945343 132.928925 189.705566 264.147034 329.811646 356.012329 332.108826 274.022949 107.433517 139.235977 187.881424 239.733765 273.962341 276.443481 248.228745,
 126.966858 186.654022 251.004715 277.787048 244.656174 177.915985 119.653473 131.440430 207.750290 295.202179 334.067261 289.014313 200.145035 125.857994 134.946747 224.436630 331.835388 382.826660 327.412720 219.447617 131.676941 135.253098 229.151794 344.880920 403.154968 344.880920 229.151794 135.253098 131.676941 219.447617 327.412720 382.826660 331.835388 224.436630 134.946747 125.857994 200.145035 289.014313 334.067261 295.202179 207.750290 131.440430 119.653473 177.915985 244.656174 277.787048 251.004715 186.654022 126.966858,
 76.851532 110.060654 157.829224 206.693115 233.913452 227.697281 197.298370 99.889656 151.994354 221.442719 282.650269 301.415985 270.893951 214.645325 134.007416 207.000519 295.777039 358.361450 351.830383 285.983948 205.213257 173.369217 260.102783 350.930908 393.089783 350.930908 260.102783 173.369217 205.213257 285.983948 351.830383 358.361450 295.777039 207.000519 134.007416 214.645325 270.893951 301.415985 282.650269 221.442719 151.994354 99.889656 197.298370 227.697281 233.913452 206.693115 157.829224 110.060654 76.851532,
 204.434113 222.447495 240.898697 247.406372 236.452011 211.094742 178.498871 239.478455 285.527039 330.776031 350.454224 332.191559 285.265686 229.120605 312.022186 412.471802 508.498840 552.815491 518.487244 426.058960 319.603241 360.503662 496.450134 622.297974 675.854980 622.297974 496.450134 360.503662 319.603241 426.058960 518.487244 552.815491 508.498840 412.471802 312.022186 229.120605 285.265686 332.191559 350.454224 330.776031 285.527039 239.478455 178.498871 211.094742 236.452011 247.406372 240.898697 222.447495 204.434113,
 150.475510 150.936005 148.214966 131.987289 114.831299 113.736244 120.502426 177.607971 212.562485 243.333939 224.521469 174.343277 144.274002 141.099640 190.243179 262.834747 356.437042 369.466095 282.553925 193.850830 161.171707 180.597824 250.337952 376.917725 450.018768 376.917725 250.337952 180.597824 161.171707 193.850830 282.553925 369.466095 356.437042 262.834747 190.243179 141.099640 144.274002 174.343277 224.521469 243.333939 212.562485 177.607971 120.502426 113.736244 114.831299 131.987289 148.214966 150.936005 150.475510,
 106.490753 104.899033 138.679291 163.161133 128.978577 78.730606 71.950058 117.616302 132.450989 209.271774 263.024597 204.264725 112.107773 86.767334 122.806709 155.525772 276.732544 360.339478 276.058289 145.960190 105.490379 118.867218 162.549805 306.209534 403.409729 306.209534 162.549805 118.867218 105.490379 145.960190 276.058289 360.339478 276.732544 155.525772 122.806709 86.767334 112.107773 204.264725 263.024597 209.271774 132.450989 117.616302 71.950058 78.730606 128.978577 163.161133 138.679291 104.899033 106.490753,
 219.966339 210.702148 207.519043 226.955826 252.525269 258.848907 244.922638 213.411545 222.235275 268.373566 339.109222 374.699860 344.402283 283.043579 213.248169 274.187317 392.341827 500.268616 499.366425 396.163147 284.508667 245.780914 358.380371 509.737427 587.063721 509.737427 358.380371 245.780914 284.508667 396.163147 499.366425 500.268616 392.341827 274.187317 213.248169 283.043579 344.402283 374.699860 339.109222 268.373566 222.235275 213.411545 244.922638 258.848907 252.525269 226.955826 207.519043 210.702148 219.966339,
 1.277967 27.005014 54.172848 73.604134 76.219376 63.259529 43.432129 23.007603 55.053085 82.416618 95.417259 90.366890 71.701950 48.031765 52.528564 99.941147 143.797745 158.961273 137.337540 94.964630 53.250168 67.618454 125.790726 187.850861 216.857330 187.850861 125.790726 67.618454 53.250168 94.964630 137.337540 158.961273 143.797745 99.941147 52.528564 48.031765 71.701950 90.366890 95.417259 82.416618 55.053085 23.007603 43.432129 63.259529 76.219376 73.604134 54.172848 27.005014 1.277967,
 37.297600 86.001999 120.902222 126.016914 101.794113 61.272137 18.300476 51.808884 111.792366 158.563538 166.537689 136.965424 86.351494 34.103439 59.618183 129.121445 191.342133 208.428436 172.209259 110.576691 47.460758 57.343651 127.809700 197.049011 229.380188 197.049011 127.809700 57.343651 47.460758 110.576691 172.209259 208.428436 191.342133 129.121445 59.618183 34.103439 86.351494 136.965424 166.537689 158.563538 111.792366 51.808884 18.300476 61.272137 101.794113 126.016914 120.902222 86.001999 37.297600,
 -17.587149 -0.396524 24.569477 38.658195 36.224674 29.783134 19.343134 -6.571678 17.494120 54.439873 81.352692 74.235786 56.284195 37.056240 11.297936 41.259567 87.729950 123.231445 103.378906 68.132088 40.913361 30.087700 61.366344 108.446381 141.870590 108.446381 61.366344 30.087700 40.913361 68.132088 103.378906 123.231445 87.729950 41.259567 11.297936 37.056240 56.284195 74.235786 81.352692 54.439873 17.494120 -6.571678 19.343134 29.783134 36.224674 38.658195 24.569477 -0.396524 -17.587149,
 9.051600 46.298607 72.761391 89.008278 90.843773 79.747017 63.335442 35.330307 78.435013 116.345581 141.646164 136.261856 100.192581 58.301727 50.207512 97.970039 155.063538 196.951416 176.478760 109.967323 51.734184 51.792286 107.455566 182.402130 225.120102 182.402130 107.455566 51.792286 51.734184 109.967323 176.478760 196.951416 155.063538 97.970039 50.207512 58.301727 100.192581 136.261856 141.646164 116.345581 78.435013 35.330307 63.335442 79.747017 90.843773 89.008278 72.761391 46.298607 9.051600,

Pairwise cross-correlations of the modulus of all oriented sub-bands at the same scale (size QxQ)
 151.972153 104.720879 59.098942 104.531158,
 104.720879 161.028351 105.634529 66.127754,
 59.098942 105.634529 152.032715 104.223755,
 104.531158 66.127754 104.223755 166.363907,
 377.509155 316.714844 255.733200 288.900604,
 316.714844 457.465881 338.816467 278.338074,
 255.733200 338.816467 403.154968 311.938995,
 288.900604 278.338074 311.938995 393.089783,
 675.855042 408.756714 328.212158 481.608185,
 408.756714 450.018799 329.088318 325.225769,
 328.212158 329.088318 403.409729 353.093414,
 481.608185 325.225769 353.093414 587.063782,
 216.857346 105.259727 59.599895 158.673477,
 105.259727 229.380219 105.236267 63.215195,
 59.599895 105.236267 141.870605 78.401299,
 158.673477 63.215195 78.401299 225.120117,

Cross-correlations of the modulus of all oriented sub-bands with all oriented sub-bands at the coarser scale (size QxQ)
 201.968307 181.467102 135.772873 162.096191,
 169.819412 232.573166 181.328171 135.440567,
 124.528915 188.300903 211.504684 167.417282,
 167.180817 153.719299 180.404022 217.933456,
 385.693542 294.472565 248.635040 327.658325,
 354.279999 347.000275 308.557465 323.108795,
 303.838440 289.175262 311.733246 343.710083,
 342.601959 259.836700 282.037048 376.644714,
 186.208191 198.250610 101.000237 173.897034,
 110.105247 173.479828 109.478806 101.993591,
 91.597054 158.098969 105.040756 82.285530,
 165.765717 187.136292 78.395363 145.669159,

Cross-correlations of the real part of each oriented sub-band with both the real and imaginary part of all phase-doubled oriented sub-bands at the next coarser scale (Q matrices of size 1x2Q, which are computed and stored in a matrix of size Qx2Q)
 81.911636 37.529480 4.294321 37.943542 4.518663 -2.866266 0.345052 -4.468350,
 36.538815 94.187401 42.218063 3.185964 -1.322088 -4.503142 1.505957 -0.275721,
 4.242778 42.696354 81.001755 33.744186 0.155840 0.374041 3.120108 2.289338,
 38.532257 3.173566 31.644749 82.214340 4.981864 0.310484 1.576280 -0.577029,
 -172.892639 -70.704308 -5.550316 -86.998535 14.136215 -7.195610 0.691569 7.512320,
 -72.888771 -155.762558 -47.795536 -7.447180 5.431070 -9.597867 1.246972 0.819923,
 -11.557924 -60.014591 -104.823532 -60.361599 -4.236304 -1.556890 1.871639 7.780369,
 -88.190216 -4.826171 -48.585739 -165.689880 -5.703203 -0.013932 3.466943 17.350412,
 -100.492996 -31.022102 -7.676647 -74.773949 6.228693 -2.258146 -1.123698 5.244102,
 -26.201456 -64.958191 -35.869415 -8.966694 3.370304 -9.001425 -32.814751 0.084952,
 -7.951941 -33.791512 -64.955345 -31.798058 1.453059 -11.425106 -53.966408 2.508973,
 -69.137558 -5.956244 -31.342291 -109.007034 4.267977 -1.115637 -13.384153 11.086994,
