Low-band skewness and kurtosis
 -2.088350 5.701984,
 -2.153219 6.458547,
 -1.510134 4.325109,
 -1.507260 5.577162,
 -0.785488 2.715844,

High-band variance
 159.830032,

Skewness, kurtosis, variance, mean, maximum and minimum of the reconstructed texture
 -2.076219 5.459209 6976.178223 219.873169 255.000000 0.000000,

Auto-correlations of the low-frequency bands at each scale
 2459.749268 3070.941895 3534.294189 3730.770020 3573.543701 3111.647949 2476.639404 3128.500488 3932.798340 4633.808105 4945.178711 4656.039551 3943.078613 3111.479004 3616.454834 4675.893555 5722.100098 6202.881836 5731.993652 4675.432617 3598.606201 3793.335449 4988.083008 6216.296387 6782.095215 6216.296387 4988.083008 3793.335449 3598.606201 4675.432617 5731.993652 6202.881836 5722.100098 4675.893555 3616.454834 3111.479004 3943.078613 4656.039551 4945.178711 4633.808105 3932.798340 3128.500488 2476.639404 3111.647949 3573.543701 3730.770020 3534.294189 3070.941895 2459.749268,
 625.458313 645.145081 938.137024 1222.520142 1168.602417 914.861877 788.030212 842.512817 1255.367676 2162.795898 2715.907715 2251.156250 1324.280029 845.296265 1173.880615 2259.199951 4081.021729 5051.025391 4086.706787 2233.582764 1125.396240 1332.572510 2772.511475 5068.587891 6259.826660 5068.587891 2772.511475 1332.572510 1125.396240 2233.582764 4086.706787 5051.025391 4081.021729 2259.199951 1173.880615 845.296265 1324.280029 2251.156250 2715.907715 2162.795898 1255.367676 842.512817 788.030212 914.861877 1168.602417 1222.520142 938.137024 645.145081 625.458313,
 534.755066 289.006622 251.419891 335.752533 410.981781 399.191193 292.544739 671.439209 272.119751 575.465942 1005.614258 816.956299 470.820312 451.360962 766.620300 679.777588 1909.920898 2917.173096 2080.093750 845.208252 681.722473 817.044434 1089.899902 2904.166992 4186.864258 2904.166992 1089.899902 817.044434 681.722473 845.208252 2080.093750 2917.173096 1909.920898 679.777588 766.620300 451.360962 470.820312 816.956299 1005.614258 575.465942 272.119751 671.439209 292.544739 399.191193 410.981781 335.752533 251.419891 289.006622 534.755066,
 199.148956 342.019806 414.900208 580.679443 641.888855 578.994995 494.305328 413.845337 316.184204 311.186707 457.628235 397.217834 283.897583 309.517334 709.009338 697.425598 1006.117676 1298.022705 902.821777 362.224548 229.685242 547.416077 788.820312 1526.754150 2046.629639 1526.754150 788.820312 547.416077 229.685242 362.224548 902.821777 1298.022705 1006.117676 697.425598 709.009338 309.517334 283.897583 397.217834 457.628235 311.186707 316.184204 413.845337 494.305328 578.994995 641.888855 580.679443 414.900208 342.019806 199.148956,
 -479.381073 -141.126175 186.734131 283.957733 128.705811 -156.017624 -444.767242 -361.720154 24.536833 387.354553 502.021301 327.747192 -16.035246 -362.227112 -293.222198 164.408157 644.511108 841.589722 601.751953 99.104050 -344.332489 -301.791595 199.151123 781.116638 1049.480469 781.116638 199.151123 -301.791595 -344.332489 99.104050 601.751953 841.589722 644.511108 164.408157 -293.222198 -362.227112 -16.035246 327.747192 502.021301 387.354553 24.536833 -361.720154 -444.767242 -156.017624 128.705811 283.957733 186.734131 -141.126175 -479.381073,

Auto-correlations of the modulus of each oriented sub-band
 61.764088 70.230797 78.271240 81.781898 78.854996 71.281456 63.184628 84.109024 97.330627 109.387444 114.435272 109.841988 98.195770 85.317581 105.194763 123.429123 139.848068 146.613037 140.125381 123.917038 105.811737 114.342697 135.015884 153.685760 161.343262 153.685760 135.015884 114.342697 105.811737 123.917038 140.125381 146.613037 139.848068 123.429123 105.194763 85.317581 98.195770 109.841988 114.435272 109.387444 97.330627 84.109024 63.184628 71.281456 78.854996 81.781898 78.271240 70.230797 61.764088,
 102.166763 106.886612 106.413803 99.517914 87.372910 72.554031 57.870773 106.366516 122.897919 133.201309 131.022217 116.363846 94.509979 71.965790 105.484680 132.348145 153.951782 158.654236 143.226501 115.727837 86.555115 98.575516 129.946121 158.194580 170.233444 158.194580 129.946121 98.575516 86.555115 115.727837 143.226501 158.654236 153.951782 132.348145 105.484680 71.965790 94.509979 116.363846 131.022217 133.201309 122.897919 106.366516 57.870773 72.554031 87.372910 99.517914 106.413803 106.886612 102.166763,
 72.162231 93.758591 114.523651 123.493942 114.917236 95.067368 74.084152 81.438675 107.685204 133.476578 144.941864 133.901230 108.913918 83.144974 90.608932 120.818275 150.885132 164.558167 151.108948 121.495979 91.541061 94.729431 126.442955 158.098236 172.674911 158.098236 126.442955 94.729431 91.541061 121.495979 151.108948 164.558167 150.885132 120.818275 90.608932 83.144974 108.913918 133.901230 144.941864 133.476578 107.685204 81.438675 74.084152 95.067368 114.917236 123.493942 114.523651 93.758591 72.162231,
 56.241203 70.266846 84.295296 95.386543 100.910774 100.295837 95.230507 70.188278 91.326973 111.680557 124.768692 125.773453 115.501884 99.961014 83.889786 111.454216 137.311356 151.290115 146.176865 125.568550 100.275955 94.699333 124.429382 151.188263 162.537628 151.188263 124.429382 94.699333 100.275955 125.568550 146.176865 151.290115 137.311356 111.454216 83.889786 99.961014 115.501884 125.773453 124.768692 111.680557 91.326973 70.188278 95.230507 100.295837 100.910774 95.386543 84.295296 70.266846 56.241203,
 141.601196 151.111786 160.712021 166.782135 166.941391 162.494232 155.879883 216.705795 242.170670 264.641479 276.165497 271.795166 255.170883 232.915359 303.149567 349.527405 388.914856 406.203156 392.612244 356.440125 311.919586 344.723816 401.607697 449.799866 469.836365 449.799866 401.607697 344.723816 311.919586 356.440125 392.612244 406.203156 388.914856 349.527405 303.149567 232.915359 255.170883 271.795166 276.165497 264.641479 242.170670 216.705795 155.879883 162.494232 166.941391 166.782135 160.712021 151.111786 141.601196,
 240.975922 262.623474 246.853516 200.845139 149.854706 115.934456 103.816933 262.218750 318.757202 334.434967 293.928009 221.363678 157.748245 125.410828 247.539185 333.839447 398.184723 391.992432 315.818817 222.969574 159.638794 205.867004 294.161835 391.818909 437.562683 391.818909 294.161835 205.867004 159.638794 222.969574 315.818817 391.992432 398.184723 333.839447 247.539185 125.410828 157.748245 221.363678 293.928009 334.434967 318.757202 262.218750 103.816933 115.934456 149.854706 200.845139 246.853516 262.623474 240.975922,
 146.467209 223.892914 311.492310 357.563812 325.510864 239.816376 156.774643 165.360214 261.239014 369.848419 425.318115 380.379974 271.371460 169.933304 180.595993 293.042938 421.491821 485.439453 427.552368 297.966888 181.899948 186.792068 307.388306 445.113098 511.038086 445.113098 307.388306 186.792068 181.899948 297.966888 427.552368 485.439453 421.491821 293.042938 180.595993 169.933304 271.371460 380.379974 425.318115 369.848419 261.239014 165.360214 156.774643 239.816376 325.510864 357.563812 311.492310 223.892914 146.467209,
 77.809296 104.584373 152.952606 214.291840 263.842499 274.861481 242.879852 108.407639 160.559631 238.448044 317.430237 356.488525 332.997803 267.139160 156.763428 239.253952 342.550262 420.942688 423.648834 352.633240 256.873657 213.347015 315.729797 420.094971 467.423340 420.094971 315.729797 213.347015 256.873657 352.633240 423.648834 420.942688 342.550262 239.253952 156.763428 267.139160 332.997803 356.488525 317.430237 238.448044 160.559631 108.407639 242.879852 274.861481 263.842499 214.291840 152.952606 104.584373 77.809296,
 116.454826 125.621796 130.533401 129.555023 123.984604 117.303162 110.650841 130.334869 162.884247 187.444611 190.420624 170.813721 141.634308 115.656487 184.044937 267.292816 341.324829 365.287781 323.855103 245.483780 168.648605 213.913208 325.227539 433.672363 481.441315 433.672363 325.227539 213.913208 168.648605 245.483780 323.855103 365.287781 341.324829 267.292816 184.044937 115.656487 141.634308 170.813721 190.420624 187.444611 162.884247 130.334869 110.650841 117.303162 123.984604 129.555023 130.533401 125.621796 116.454826,
 135.207977 164.486465 176.683838 163.525330 133.015625 100.108871 75.227806 164.757141 229.151764 271.762787 247.573257 175.848602 111.678841 71.705162 165.053864 267.373810 377.486359 387.254761 277.885590 158.924484 91.641327 130.061462 231.433899 382.386475 466.970032 382.386475 231.433899 130.061462 91.641327 158.924484 277.885590 387.254761 377.486359 267.373810 165.053864 71.705162 111.678841 175.848602 247.573257 271.762787 229.151764 164.757141 75.227806 100.108871 133.015625 163.525330 176.683838 164.486465 135.207977,
 131.679626 139.327621 171.536545 196.387634 173.512772 121.988113 79.305061 134.090988 168.646088 248.078812 293.219635 235.188614 143.550690 90.315613 138.758652 202.731812 337.071075 414.479828 320.084869 179.925781 111.225616 131.714508 208.501648 370.697174 474.505585 370.697174 208.501648 131.714508 111.225616 179.925781 320.084869 414.479828 337.071075 202.731812 138.758652 90.315613 143.550690 235.188614 293.219635 248.078812 168.646088 134.090988 79.305061 121.988113 173.512772 196.387634 171.536545 139.327621 131.679626,
 105.764832 96.316353 90.411209 111.303612 131.923645 114.353432 69.271820 91.678391 83.425751 112.067413 174.889954 201.699890 155.508972 87.168533 80.618080 109.263710 204.698990 306.378113 300.643188 196.320312 101.230385 89.344894 170.848602 309.011292 387.033020 309.011292 170.848602 89.344894 101.230385 196.320312 300.643188 306.378113 204.698990 109.263710 80.618080 87.168533 155.508972 201.699890 174.889954 112.067413 83.425751 91.678391 69.271820 114.353432 131.923645 111.303612 90.411209 96.316353 105.764832,
 7.842050 26.932827 39.933556 44.380192 40.222824 30.668377 20.238953 18.691368 42.231030 60.707005 68.325928 62.801159 49.710552 36.287697 36.338093 65.300690 94.707146 109.812279 100.452812 75.585953 50.723743 50.760548 83.887405 119.966164 136.988968 119.966164 83.887405 50.760548 50.723743 75.585953 100.452812 109.812279 94.707146 65.300690 36.338093 36.287697 49.710552 62.801159 68.325928 60.707005 42.231030 18.691368 20.238953 30.668377 40.222824 44.380192 39.933556 26.932827 7.842050,
 15.101741 34.749393 45.724510 52.953476 54.257530 50.646290 44.299709 24.273197 56.785660 77.012657 77.715591 68.164558 54.902771 40.502468 34.116684 78.740967 124.947998 132.077896 99.684113 65.220169 38.569931 38.089581 78.769165 134.735886 169.002396 134.735886 78.769165 38.089581 38.569931 65.220169 99.684113 132.077896 124.947998 78.740967 34.116684 40.502468 54.902771 68.164558 77.715591 77.012657 56.785660 24.273197 44.299709 50.646290 54.257530 52.953476 45.724510 34.749393 15.101741,
 75.578209 99.957489 126.975571 147.640656 126.678467 78.106583 42.314278 102.003105 137.075577 180.331787 212.302582 181.216095 117.033150 71.196236 116.606888 164.483871 229.661346 274.968414 230.787628 152.419876 98.290909 115.151031 170.726852 250.801514 302.213287 250.801514 170.726852 115.151031 98.290909 152.419876 230.787628 274.968414 229.661346 164.483871 116.606888 71.196236 117.033150 181.216095 212.302582 180.331787 137.075577 102.003105 42.314278 78.106583 126.678467 147.640656 126.975571 99.957489 75.578209,
 30.793562 52.194626 56.861908 52.462288 54.803802 60.151733 55.680054 45.833900 61.230759 66.786339 81.333496 99.187111 93.352814 64.789253 41.799103 64.386581 96.944489 139.847794 146.365417 103.927414 52.195724 38.684704 82.817108 141.633987 176.544922 141.633987 82.817108 38.684704 52.195724 103.927414 146.365417 139.847794 96.944489 64.386581 41.799103 64.789253 93.352814 99.187111 81.333496 66.786339 61.230759 45.833900 55.680054 60.151733 54.803802 52.462288 56.861908 52.194626 30.793562,

Pairwise cross-correlations of the modulus of all oriented sub-bands at the same scale (size QxQ)
 161.343307 107.827484 58.810646 103.615456,
 107.827484 170.233429 113.810989 66.893555,
 58.810646 113.810989 172.674927 111.729668,
 103.615456 66.893555 111.729668 162.537659,
 469.836395 349.791260 318.600159 359.454498,
 349.791260 437.562714 350.529114 290.731262,
 318.600159 350.529114 511.038086 390.604065,
 359.454498 290.731262 390.604065 467.423370,
 481.441376 355.686554 276.803101 304.670227,
 355.686554 466.970001 336.893066 283.533813,
 276.803101 336.893066 474.505615 320.009369,
 304.670227 283.533813 320.009369 387.033020,
 136.988968 112.327606 113.429108 98.582611,
 112.327606 169.002396 132.316254 75.744324,
 113.429108 132.316254 302.213257 165.132629,
 98.582611 75.744324 165.132629 176.544922,

Cross-correlations of the modulus of all oriented sub-bands with all oriented sub-bands at the coarser scale (size QxQ)
 233.958466 180.589600 149.263885 178.551804,
 197.978119 231.112671 202.116196 153.232101,
 155.273224 184.194061 253.698120 194.936142,
 193.533600 145.377975 208.663910 234.483597,
 355.497559 324.905396 270.888489 271.942749,
 314.319946 328.499268 287.674469 242.871674,
 302.151215 322.381775 362.800018 287.518005,
 321.029907 295.294922 302.489868 304.919830,
 115.205124 132.357330 176.089218 119.636871,
 92.117996 114.897598 180.599197 110.463028,
 81.830643 92.702179 189.253357 120.520554,
 87.790413 94.706573 154.935059 120.561256,

Cross-correlations of the real part of each oriented sub-band with both the real and imaginary part of all phase-doubled oriented sub-bands at the next coarser scale (Q matrices of size 1x2Q, which are computed and stored in a matrix of size Qx2Q)
 100.446472 45.554493 3.997992 42.722401 -3.530049 -1.257487 -0.238008 0.615605,
 44.774536 102.069099 49.346237 5.385481 -1.880078 -0.411469 0.851532 -0.472361,
 3.451829 48.948711 117.257301 51.590832 -0.279972 -0.284383 -0.204711 -1.239712,
 41.786678 5.865352 51.951653 104.119698 -1.786636 -0.556294 -1.234349 -0.160559,
 -195.233704 -90.737885 -9.496195 -70.796791 4.246557 18.238018 -2.659707 9.219597,
 -83.969620 -157.504196 -76.030571 -11.921391 14.717237 2.501376 5.700222 1.520670,
 -3.795181 -61.349125 -188.802933 -84.912910 -0.805139 -4.612975 18.514154 -0.449643,
 -78.194435 -11.194274 -88.507523 -166.761169 -13.527476 3.842603 -0.475101 4.329742,
 10.678616 -50.475960 -1.048822 -16.179493 56.274323 21.952869 -1.002041 0.757055,
 -19.817028 -91.453293 -21.770987 -3.305425 35.822060 6.934162 -1.929679 -3.945582,
 -6.581193 -39.573021 -84.726372 -63.959473 -0.082379 -10.409026 -2.503731 -12.922346,
 8.243019 -8.334579 -49.575256 -88.033569 9.597285 2.506319 -9.308325 -3.618176,
