Low-band skewness and kurtosis
 -2.197229 6.168471,
 -2.259794 6.929009,
 -1.726512 5.168425,
 -1.480093 4.722908,
 -1.480435 4.196646,

High-band variance
 148.773056,

Skewness, kurtosis, variance, mean, maximum and minimum of the reconstructed texture
 -2.184162 5.916577 6650.776855 222.045288 255.000000 0.000000,

Auto-correlations of the low-frequency bands at each scale
 2576.116211 3169.107422 3613.971680 3803.206543 3663.939453 3240.602051 2651.862305 3090.939697 3868.419434 4555.089844 4867.306152 4605.957031 3939.443848 3153.000732 3486.908936 4490.355469 5495.858887 5964.943359 5525.865723 4529.162109 3511.842041 3643.098633 4766.617188 5931.537109 6470.075684 5931.537109 4766.617188 3643.098633 3511.842041 4529.162109 5525.865723 5964.943359 5495.858887 4490.355469 3486.908936 3153.000732 3939.443848 4605.957031 4867.306152 4555.089844 3868.419434 3090.939697 2651.862305 3240.602051 3663.939453 3803.206543 3613.971680 3169.107422 2576.116211,
 1229.162109 1311.815796 1530.970337 1621.339233 1424.086792 1207.261353 1210.794922 1149.262695 1597.731567 2445.823242 2916.943359 2465.103027 1635.167847 1185.307617 1152.395630 2256.788818 4007.537842 4941.573242 4068.103760 2337.385010 1203.721313 1205.050293 2672.574219 4864.617188 5986.544434 4864.617188 2672.574219 1205.050293 1203.721313 2337.385010 4068.103760 4941.573242 4007.537842 2256.788818 1152.395630 1185.307617 1635.167847 2465.103027 2916.943359 2445.823242 1597.731567 1149.262695 1210.794922 1207.261353 1424.086792 1621.339233 1530.970337 1311.815796 1229.162109,
 1135.520996 1273.944580 1167.544189 1074.159424 1050.127686 1194.195068 1352.384033 1042.260376 1057.703003 1314.680176 1491.539062 1181.399414 1083.022827 1439.624878 942.549255 946.692871 2169.204346 3066.097900 2109.492920 1013.417603 1230.680176 1012.327148 1034.190674 2823.805908 4159.347656 2823.805908 1034.190674 1012.327148 1230.680176 1013.417603 2109.492920 3066.097900 2169.204346 946.692871 942.549255 1439.624878 1083.022827 1181.399414 1491.539062 1314.680176 1057.703003 1042.260376 1352.384033 1194.195068 1050.127686 1074.159424 1167.544189 1273.944580 1135.520996,
 100.793091 397.315125 603.858398 800.950439 937.252930 854.647522 567.487793 389.548523 593.200317 795.271606 1005.413757 1046.491943 919.210693 689.200012 736.512634 950.245972 1370.103149 1711.704224 1497.790894 1118.673706 888.080139 952.783508 1216.163330 1789.870483 2193.490723 1789.870483 1216.163330 952.783508 888.080139 1118.673706 1497.790894 1711.704224 1370.103149 950.245972 736.512634 689.200012 919.210693 1046.491943 1005.413757 795.271606 593.200317 389.548523 567.487793 854.647522 937.252930 800.950439 603.858398 397.315125 100.793091,
 -627.473328 -521.031128 -266.875885 -32.619446 -3.596466 -178.175385 -401.925354 -601.158691 -340.085297 151.342651 553.304077 549.910278 184.073578 -252.764130 -421.521790 64.829926 784.814087 1252.926514 1088.090942 467.312469 -151.512283 -210.441315 440.090302 1226.639893 1597.631592 1226.639893 440.090302 -210.441315 -151.512283 467.312469 1088.090942 1252.926514 784.814087 64.829926 -421.521790 -252.764130 184.073578 549.910278 553.304077 151.342651 -340.085297 -601.158691 -401.925354 -178.175385 -3.596466 -32.619446 -266.875885 -521.031128 -627.473328,

Auto-correlations of the modulus of each oriented sub-band
 75.936119 83.904190 91.455284 94.501686 91.075569 83.013443 74.548149 94.173126 107.066277 119.037437 123.924225 118.768211 106.270668 92.710907 112.794022 130.898071 147.494812 154.265015 147.253204 130.233032 111.590424 120.556503 141.412796 160.587112 168.522400 160.587112 141.412796 120.556503 111.590424 130.233032 147.253204 154.265015 147.494812 130.898071 112.794022 92.710907 106.270668 118.768211 123.924225 119.037437 107.066277 94.173126 74.548149 83.013443 91.075569 94.501686 91.455284 83.904190 75.936119,
 102.786484 107.291908 107.886780 103.152023 93.496765 80.850563 67.819107 108.188370 122.629829 132.087189 131.205414 119.491440 101.067619 81.329544 109.440010 133.007706 151.980469 156.599701 143.814880 120.270264 94.537560 104.731018 132.470215 157.002380 167.429169 157.002380 132.470215 104.731018 94.537560 120.270264 143.814880 156.599701 151.980469 133.007706 109.440010 81.329544 101.067619 119.491440 131.205414 132.087189 122.629829 108.188370 67.819107 80.850563 93.496765 103.152023 107.886780 107.291908 102.786484,
 65.217445 85.289429 104.959328 113.313553 104.574760 85.252411 65.929466 71.494263 96.458069 121.261482 132.179352 121.255882 96.957855 72.639328 77.676811 106.783234 135.999451 149.271301 136.137146 107.271667 78.523170 80.580109 111.218079 142.088577 156.310150 142.088577 111.218079 80.580109 78.523170 107.271667 136.137146 149.271301 135.999451 106.783234 77.676811 72.639328 96.957855 121.255882 132.179352 121.261482 96.458069 71.494263 65.929466 85.252411 104.574760 113.313553 104.959328 85.289429 65.217445,
 65.243011 77.286453 88.850090 98.523117 104.235268 104.798798 101.481628 76.289948 94.683975 112.493561 124.613609 126.164612 117.152390 103.593231 87.046234 111.523102 135.079468 148.410675 143.989807 124.902283 102.074631 96.223114 123.049263 147.918976 158.636108 147.918976 123.049263 96.223114 102.074631 124.902283 143.989807 148.410675 135.079468 111.523102 87.046234 103.593231 117.152390 126.164612 124.613609 112.493561 94.683975 76.289948 101.481628 104.798798 104.235268 98.523117 88.850090 77.286453 65.243011,
 156.519806 170.669830 181.988022 187.965210 187.377823 182.645081 177.343750 220.868591 249.892990 272.132782 280.510651 272.024200 252.327438 229.822571 287.371979 335.717896 375.167572 389.689331 371.574249 331.600708 286.743378 314.373260 371.989807 422.724640 444.251648 422.724640 371.989807 314.373260 286.743378 331.600708 371.574249 389.689331 375.167572 335.717896 287.371979 229.822571 252.327438 272.024200 280.510651 272.132782 249.892990 220.868591 177.343750 182.645081 187.377823 187.965210 181.988022 170.669830 156.519806,
 288.606476 316.207642 307.956909 267.062561 214.745499 174.653076 157.634979 311.092438 368.065186 388.554138 357.141663 290.291565 222.459366 178.012146 303.691772 387.954407 448.726715 447.332428 381.321259 291.405334 217.171310 266.146301 357.807129 447.905457 488.062439 447.905457 357.807129 266.146301 217.171310 291.405334 381.321259 447.332428 448.726715 387.954407 303.691772 178.012146 222.459366 290.291565 357.141663 388.554138 368.065186 311.092438 157.634979 174.653076 214.745499 267.062561 307.956909 316.207642 288.606476,
 156.997070 214.608963 283.434906 315.537109 284.241486 222.409470 175.396759 169.146057 240.913971 331.320984 374.968140 331.441895 247.079376 184.227264 179.912415 262.238495 371.541382 426.800903 371.137939 265.605499 188.830414 187.238312 271.726318 387.684814 448.939575 387.684814 271.726318 187.238312 188.830414 265.605499 371.137939 426.800903 371.541382 262.238495 179.912415 184.227264 247.079376 331.441895 374.968140 331.320984 240.913971 169.146057 175.396759 222.409470 284.241486 315.537109 283.434906 214.608963 156.997070,
 141.619568 156.950928 185.120087 224.459534 260.082550 275.539276 265.772736 156.344604 191.823792 247.759415 306.590881 338.250671 327.960144 285.882721 185.253815 248.244553 329.830322 392.808289 396.577637 343.800293 270.618073 229.157455 310.086029 393.971649 432.782776 393.971649 310.086029 229.157455 270.618073 343.800293 396.577637 392.808289 329.830322 248.244553 185.253815 285.882721 327.960144 338.250671 306.590881 247.759415 191.823792 156.344604 265.772736 275.539276 260.082550 224.459534 185.120087 156.950928 141.619568,
 151.585373 178.113510 203.704147 227.226990 245.532242 254.896805 253.026016 212.174637 258.844116 304.742493 334.595367 338.392151 320.512329 292.978607 288.623108 377.967224 465.564514 510.208984 486.710754 415.723267 336.089050 346.212189 461.186493 571.959351 620.878174 571.959351 461.186493 346.212189 336.089050 415.723267 486.710754 510.208984 465.564514 377.967224 288.623108 292.978607 320.512329 338.392151 334.595367 304.742493 258.844116 212.174637 253.026016 254.896805 245.532242 227.226990 203.704147 178.113510 151.585373,
 177.062729 208.598770 210.020508 184.891556 163.203278 164.191574 177.623367 195.770401 271.145813 313.646057 286.609009 219.758591 172.128479 166.481949 190.445084 302.959686 410.451355 420.011292 323.194275 211.002350 158.500076 169.172028 271.865967 416.081726 488.655212 416.081726 271.865967 169.172028 158.500076 211.002350 323.194275 420.011292 410.451355 302.959686 190.445084 166.481949 172.128479 219.758591 286.609009 313.646057 271.145813 195.770401 177.623367 164.191574 163.203278 184.891556 210.020508 208.598770 177.062729,
 89.302574 112.800644 142.423447 155.550598 133.005692 114.455917 110.913475 87.773651 134.487030 211.854950 253.199890 194.735809 123.994904 100.033600 83.512909 145.773788 270.774994 348.019196 257.588654 135.287064 87.984146 81.998672 144.661835 289.506622 389.398071 289.506622 144.661835 81.998672 87.984146 135.287064 257.588654 348.019196 270.774994 145.773788 83.512909 100.033600 123.994904 194.735809 253.199890 211.854950 134.487030 87.773651 110.913475 114.455917 133.005692 155.550598 142.423447 112.800644 89.302574,
 118.697922 134.415924 153.953278 188.867386 228.053680 245.024109 223.749283 140.868713 171.831360 228.830261 305.069214 353.629089 335.438782 262.290863 175.989487 245.223724 358.363739 462.033051 473.270050 381.363434 261.780945 222.854553 336.815948 475.896240 544.219238 475.896240 336.815948 222.854553 261.780945 381.363434 473.270050 462.033051 358.363739 245.223724 175.989487 262.290863 335.438782 353.629089 305.069214 228.830261 171.831360 140.868713 223.749283 245.024109 228.053680 188.867386 153.953278 134.415924 118.697922,
 21.481524 31.314281 35.134563 33.549301 28.520100 22.109413 15.869513 27.051128 40.005325 46.940475 45.940399 37.938858 25.974190 14.335968 33.133274 54.839855 72.199745 76.273384 64.134514 43.279552 23.339325 35.799706 63.867702 91.685730 104.249313 91.685730 63.867702 35.799706 23.339325 43.279552 64.134514 76.273384 72.199745 54.839855 33.133274 14.335968 25.974190 37.938858 45.940399 46.940475 40.005325 27.051128 15.869513 22.109413 28.520100 33.549301 35.134563 31.314281 21.481524,
 -3.128720 8.854666 22.181969 24.708559 15.710571 12.728567 17.860569 3.897273 20.552515 42.154968 45.872551 29.496901 20.251307 22.237251 12.237421 31.052711 65.251060 76.505295 48.938786 26.437519 22.455164 18.633427 31.684130 68.342461 94.935364 68.342461 31.684130 18.633427 22.455164 26.437519 48.938786 76.505295 65.251060 31.052711 12.237421 22.237251 20.251307 29.496901 45.872551 42.154968 20.552515 3.897273 17.860569 12.728567 15.710571 24.708559 22.181969 8.854666 -3.128720,
 22.246311 47.953632 76.825768 94.598679 83.673058 55.355602 27.365440 25.553688 51.132912 87.683456 113.496460 98.424911 61.292053 30.923603 29.465673 56.547066 102.075363 134.407455 110.351791 64.116829 33.106953 32.449551 62.017303 111.888138 144.062561 111.888138 62.017303 32.449551 33.106953 64.116829 110.351791 134.407455 102.075363 56.547066 29.465673 30.923603 61.292053 98.424911 113.496460 87.683456 51.132912 25.553688 27.365440 55.355602 83.673058 94.598679 76.825768 47.953632 22.246311,
 1.131256 -0.879299 4.449676 23.832022 35.860619 28.830517 18.408678 1.360156 3.998857 20.306648 49.735065 57.108315 34.549416 15.218326 4.856433 11.682617 43.396847 82.287498 73.406441 31.995575 10.424340 7.360789 21.820524 67.408356 99.901398 67.408356 21.820524 7.360789 10.424340 31.995575 73.406441 82.287498 43.396847 11.682617 4.856433 15.218326 34.549416 57.108315 49.735065 20.306648 3.998857 1.360156 18.408678 28.830517 35.860619 23.832022 4.449676 -0.879299 1.131256,

Pairwise cross-correlations of the modulus of all oriented sub-bands at the same scale (size QxQ)
 168.522446 117.059441 66.784729 109.601517,
 117.059441 167.429169 107.048920 70.141731,
 66.784729 107.048920 156.310165 106.693428,
 109.601517 70.141731 106.693428 158.636124,
 444.251678 369.071655 307.726257 355.324951,
 369.071655 488.062439 374.018066 316.698212,
 307.726257 374.018066 448.939636 349.667084,
 355.324951 316.698212 349.667084 432.782837,
 620.878174 395.789703 279.067993 452.454712,
 395.789703 488.655243 353.265991 321.460876,
 279.067993 353.265991 389.398102 297.776398,
 452.454712 321.460876 297.776398 544.219360,
 104.249313 52.427692 51.089729 51.344994,
 52.427692 94.935364 63.569145 27.305866,
 51.089729 63.569145 144.062561 80.563148,
 51.344994 27.305866 80.563148 99.901405,

Cross-correlations of the modulus of all oriented sub-bands with all oriented sub-bands at the coarser scale (size QxQ)
 230.243073 201.807037 153.547211 185.867523,
 195.328003 247.784012 193.546661 155.215775,
 146.270248 192.309662 226.901901 181.891296,
 189.067642 159.918762 192.022263 224.441238,
 390.079285 323.607483 251.644730 350.711731,
 339.244293 376.154297 298.811005 311.523285,
 298.771637 321.659698 318.189575 328.712036,
 337.594818 286.053284 280.140747 377.845978,
 146.101135 101.185623 129.501953 139.981567,
 130.959824 102.032822 125.339119 108.850945,
 102.517792 89.067825 105.377548 86.350266,
 128.418762 98.953201 124.908150 122.155182,

Cross-correlations of the real part of each oriented sub-band with both the real and imaginary part of all phase-doubled oriented sub-bands at the next coarser scale (Q matrices of size 1x2Q, which are computed and stored in a matrix of size Qx2Q)
 97.941040 44.024937 2.314623 36.449448 -3.040918 -1.548696 -0.546403 -0.651139,
 45.689571 97.455956 40.296593 3.780938 -1.363991 -2.328378 0.269671 -0.248804,
 3.434906 41.152027 93.279480 35.355541 0.346153 -1.731966 0.919013 -0.550150,
 38.956871 3.769938 38.927105 79.244522 0.279334 -0.661261 -0.474056 -1.886132,
 -188.347168 -61.372177 -6.992294 -70.304001 -0.276778 -1.645300 1.886241 8.358913,
 -83.910156 -117.590080 -65.193932 -9.142193 -1.077002 4.459438 11.538847 -0.368619,
 -7.877249 -54.616264 -146.126068 -51.006447 -1.473556 7.619988 10.392130 3.940409,
 -81.601036 -8.470325 -64.687820 -130.809357 -4.513425 0.694545 1.852220 13.086453,
 -78.247795 -38.306675 -2.550429 -28.240072 48.327755 19.433851 1.197496 1.817110,
 -45.563877 -61.175770 -29.710106 -3.772105 24.404779 29.347683 -11.782597 -1.805271,
 -4.667099 -25.222733 -66.343987 -40.784370 0.429849 6.714945 -23.163710 4.738568,
 -24.916531 -4.485263 -29.911564 -80.055061 12.261025 3.095006 -3.992373 14.235842,
