Low-band skewness and kurtosis
 -2.313401 6.665540,
 -2.361429 7.294382,
 -1.881677 5.371794,
 -1.625519 4.698924,
 -1.411849 3.981518,

High-band variance
 126.712067,

Skewness, kurtosis, variance, mean, maximum and minimum of the reconstructed texture
 -2.300858 6.432646 6347.116699 224.151245 255.000000 0.000000,

Auto-correlations of the low-frequency bands at each scale
 3051.116699 3446.823730 3746.899658 3885.790527 3835.312744 3642.474121 3357.069824 3515.781982 4061.031250 4549.748535 4785.146973 4640.971191 4247.405273 3778.493896 3894.424072 4628.714844 5381.527344 5744.408203 5442.294922 4745.815430 4045.355225 4091.960693 4914.819336 5785.943359 6192.462891 5785.943359 4914.819336 4091.960693 4045.355225 4745.815430 5442.294922 5744.408203 5381.527344 4628.714844 3894.424072 3778.493896 4247.405273 4640.971191 4785.146973 4549.748535 4061.031250 3515.781982 3357.069824 3642.474121 3835.312744 3885.790527 3746.899658 3446.823730 3051.116699,
 1855.927124 1858.534302 1947.892578 2046.770020 2121.182617 2258.490967 2398.541016 1978.439087 2247.077393 2804.786133 3170.427002 3010.164062 2656.238525 2451.985840 2184.626953 2947.506348 4179.758301 4875.296875 4340.493652 3249.017578 2516.399902 2430.994141 3447.679688 4968.798828 5760.834961 4968.798828 3447.679688 2430.994141 2516.399902 3249.017578 4340.493652 4875.296875 4179.758301 2947.506348 2184.626953 2451.985840 2656.238525 3010.164062 3170.427002 2804.786133 2247.077393 1978.439087 2398.541016 2258.490967 2121.182617 2046.770020 1947.892578 1858.534302 1855.927124,
 729.129272 1152.469849 1302.172119 1341.586182 1613.193359 2060.121094 2309.641113 1184.989014 1460.169556 1663.179688 1870.894897 1996.227783 2032.558960 1994.033936 1511.139282 1859.627563 2709.006592 3376.118164 2993.291260 2163.229736 1795.748657 1697.174683 2203.011963 3527.071533 4352.611816 3527.071533 2203.011963 1697.174683 1795.748657 2163.229736 2993.291260 3376.118164 2709.006592 1859.627563 1511.139282 1994.033936 2032.558960 1996.227783 1870.894897 1663.179688 1460.169556 1184.989014 2309.641113 2060.121094 1613.193359 1341.586182 1302.172119 1152.469849 729.129272,
 -863.028564 -547.289307 -4.826599 580.191040 1172.369629 1714.824463 1845.086426 -489.277222 -28.922363 647.567627 1309.381348 1785.733887 2077.869629 1909.028687 88.617554 753.597656 1640.200806 2312.792969 2341.032959 2009.427734 1467.772949 775.418152 1541.982422 2420.904785 2892.568848 2420.904785 1541.982422 775.418152 1467.772949 2009.427734 2341.032959 2312.792969 1640.200806 753.597656 88.617554 1909.028687 2077.869629 1785.733887 1309.381348 647.567627 -28.922363 -489.277222 1845.086426 1714.824463 1172.369629 580.191040 -4.826599 -547.289307 -863.028564,
 -361.687347 -900.286865 -1154.625244 -885.202881 -170.437439 482.005524 609.809082 -879.383789 -1163.069458 -863.376526 50.617264 1009.169373 1249.018433 660.384033 -1150.108887 -814.197144 249.310547 1488.732910 1917.216797 1220.715088 60.522156 -785.449402 244.765533 1587.973145 2238.842529 1587.973145 244.765533 -785.449402 60.522156 1220.715088 1917.216797 1488.732910 249.310547 -814.197144 -1150.108887 660.384033 1249.018433 1009.169373 50.617264 -863.376526 -1163.069458 -879.383789 609.809082 482.005524 -170.437439 -885.202881 -1154.625244 -900.286865 -361.687347,

Auto-correlations of the modulus of each oriented sub-band
 70.756294 77.480400 83.950920 87.164124 85.617165 80.602501 75.146309 82.614662 93.389618 103.366539 107.777519 104.374260 95.191833 84.936790 94.815796 110.305954 124.452049 130.356766 124.794716 110.836136 95.296478 100.196945 118.200958 134.655243 141.469788 134.655243 118.200958 100.196945 95.296478 110.836136 124.794716 130.356766 124.452049 110.305954 94.815796 84.936790 95.191833 104.374260 107.777519 103.366539 93.389618 82.614662 75.146309 80.602501 85.617165 87.164124 83.950920 77.480400 70.756294,
 103.942162 110.366608 114.547234 114.281525 109.481239 102.047821 94.329292 110.171562 123.702171 134.308426 136.499176 129.361404 116.663307 103.098549 114.597908 134.222412 151.324997 156.815369 147.583694 129.733459 110.754860 115.028000 136.652191 156.775528 165.578506 156.775528 136.652191 115.028000 110.754860 129.733459 147.583694 156.815369 151.324997 134.222412 114.597908 103.098549 116.663307 129.361404 136.499176 134.308426 123.702171 110.171562 94.329292 102.047821 109.481239 114.281525 114.547234 110.366608 103.942162,
 86.953583 99.236832 111.553490 116.702454 111.386772 100.777527 92.071716 94.675102 110.807755 127.968590 135.714249 127.762840 111.804184 98.377296 101.783325 121.057442 142.518127 152.845612 142.381073 121.524193 103.717133 105.262444 125.310143 148.352341 159.906555 148.352341 125.310143 105.262444 103.717133 121.524193 142.381073 152.845612 142.518127 121.057442 101.783325 98.377296 111.804184 127.762840 135.714249 127.968590 110.807755 94.675102 92.071716 100.777527 111.386772 116.702454 111.553490 99.236832 86.953583,
 85.374229 93.738045 101.285896 106.897552 109.019173 106.875175 102.088722 94.548203 108.064278 121.042648 129.283539 128.568115 119.055168 106.403824 102.295174 121.149849 139.773804 150.147751 145.267426 128.128250 108.717674 107.370819 129.018280 149.938507 159.237106 149.938507 129.018280 107.370819 108.717674 128.128250 145.267426 150.147751 139.773804 121.149849 102.295174 106.403824 119.055168 128.568115 129.283539 121.042648 108.064278 94.548203 102.088722 106.875175 109.019173 106.897552 101.285896 93.738045 85.374229,
 165.536774 181.719360 196.113007 208.971313 219.953613 228.209503 232.173187 206.866959 231.606979 251.288757 262.408417 263.947815 258.947998 251.036850 255.358200 293.910767 325.109192 337.229675 325.855896 299.768677 271.137329 280.707031 324.518433 363.454895 379.973358 363.454895 324.518433 280.707031 271.137329 299.768677 325.855896 337.229675 325.109192 293.910767 255.358200 251.036850 258.947998 263.947815 262.408417 251.288757 231.606979 206.866959 232.173187 228.209503 219.953613 208.971313 196.113007 181.719360 165.536774,
 260.106171 285.838226 294.190491 288.535553 276.207275 261.220184 244.070404 286.579132 331.752563 355.578094 348.277710 320.119965 288.168701 259.206512 294.268738 356.864838 407.610229 414.350800 375.085693 320.464081 273.784241 286.846222 349.507874 415.174103 445.969666 415.174103 349.507874 286.846222 273.784241 320.464081 375.085693 414.350800 407.610229 356.864838 294.268738 259.206512 288.168701 320.119965 348.277710 355.578094 331.752563 286.579132 244.070404 261.220184 276.207275 288.535553 294.190491 285.838226 260.106171,
 207.403748 244.689697 286.597198 310.284576 303.529022 280.192566 255.028992 228.554138 275.140045 332.236023 363.626740 345.396423 302.246307 262.986755 247.304062 302.586090 373.276917 411.782257 380.447510 317.145599 265.066284 260.087769 318.309692 392.648865 432.432098 392.648865 318.309692 260.087769 265.066284 317.145599 380.447510 411.782257 373.276917 302.586090 247.304062 262.986755 302.246307 345.396423 363.626740 332.236023 275.140045 228.554138 255.028992 280.192566 303.529022 310.284576 286.597198 244.689697 207.403748,
 172.649109 193.948944 224.522797 261.081177 293.975861 311.971405 310.426178 196.654602 232.115936 279.927582 328.060547 354.599274 348.255280 319.691162 230.676422 281.650330 345.296173 395.146729 398.129486 356.830566 303.810883 269.716919 329.995605 394.881165 425.869751 394.881165 329.995605 269.716919 303.810883 356.830566 398.129486 395.146729 345.296173 281.650330 230.676422 319.691162 348.255280 354.599274 328.060547 279.927582 232.115936 196.654602 310.426178 311.971405 293.975861 261.081177 224.522797 193.948944 172.649109,
 45.466240 78.841263 110.122787 132.162964 142.646042 148.182922 155.881714 95.858994 137.388901 174.668274 195.311676 195.320923 182.605911 168.635391 162.434937 220.802811 277.276978 304.795349 290.635681 249.861313 205.980713 213.956482 281.773224 349.317810 379.544250 349.317810 281.773224 213.956482 205.980713 249.861313 290.635681 304.795349 277.276978 220.802811 162.434937 168.635391 182.605911 195.320923 195.311676 174.668274 137.388901 95.858994 155.881714 148.182922 142.646042 132.162964 110.122787 78.841263 45.466240,
 113.043396 171.379761 228.780289 259.586304 260.455170 251.606537 246.432434 172.864395 246.424393 316.854187 342.605652 318.831116 279.189270 250.681198 225.863525 316.981384 409.988007 441.476318 392.010590 312.292969 249.790039 247.786423 337.655884 441.845825 492.764587 441.845825 337.655884 247.786423 249.790039 312.292969 392.010590 441.476318 409.988007 316.981384 225.863525 250.681198 279.189270 318.831116 342.605652 316.854187 246.424393 172.864395 246.432434 251.606537 260.455170 259.586304 228.780289 171.379761 113.043396,
 85.654327 146.055145 217.337814 253.146057 247.580521 237.571136 245.428619 121.142639 192.314804 293.264099 346.873901 316.962646 262.679901 234.265808 154.521515 235.784775 363.359131 435.586365 377.467041 274.824219 212.518890 185.105576 266.050934 397.626404 474.065125 397.626404 266.050934 185.105576 212.518890 274.824219 377.467041 435.586365 363.359131 235.784775 154.521515 234.265808 262.679901 316.962646 346.873901 293.264099 192.314804 121.142639 245.428619 237.571136 247.580521 253.146057 217.337814 146.055145 85.654327,
 74.404480 122.472923 179.452560 230.119217 257.684784 260.950195 255.466217 127.601707 187.028931 263.403595 327.246277 342.310760 307.969849 260.850983 182.119019 261.923004 366.413208 438.804871 422.884155 338.727875 253.363831 226.658112 322.467865 437.200317 493.285034 437.200317 322.467865 226.658112 253.363831 338.727875 422.884155 438.804871 366.413208 261.923004 182.119019 260.850983 307.969849 342.310760 327.246277 263.403595 187.028931 127.601707 255.466217 260.950195 257.684784 230.119217 179.452560 122.472923 74.404480,
 -21.295475 -11.034103 -3.656560 6.092111 20.407642 33.619492 38.181236 -6.487005 13.254246 24.172277 27.530802 30.549440 35.319477 35.786850 5.802404 34.687344 57.965996 63.702141 53.605865 39.112926 25.810640 15.759009 44.115780 73.724289 87.711258 73.724289 44.115780 15.759009 25.810640 39.112926 53.605865 63.702141 57.965996 34.687344 5.802404 35.786850 35.319477 30.549440 27.530802 24.172277 13.254246 -6.487005 38.181236 33.619492 20.407642 6.092111 -3.656560 -11.034103 -21.295475,
 -23.149643 -22.049969 -11.912999 3.146111 18.492702 31.037075 33.506569 -16.319401 -5.670364 19.037954 42.914909 53.117226 53.250648 45.502743 2.618332 24.765274 63.184231 90.376083 85.175880 65.320374 45.957375 28.161530 54.221073 92.484039 114.576782 92.484039 54.221073 28.161530 45.957375 65.320374 85.175880 90.376083 63.184231 24.765274 2.618332 45.502743 53.250648 53.117226 42.914909 19.037954 -5.670364 -16.319401 33.506569 31.037075 18.492702 3.146111 -11.912999 -22.049969 -23.149643,
 -47.714508 -12.946945 20.717587 36.111786 40.044987 54.350517 72.607086 -23.221188 17.925798 65.024124 82.239304 67.693192 60.753647 65.361938 3.681904 43.142372 99.897766 125.978592 94.277618 62.194733 50.461857 29.172697 57.465878 109.762558 145.782867 109.762558 57.465878 29.172697 50.461857 62.194733 94.277618 125.978592 99.897766 43.142372 3.681904 65.361938 60.753647 67.693192 82.239304 65.024124 17.925798 -23.221188 72.607086 54.350517 40.044987 36.111786 20.717587 -12.946945 -47.714508,
 -60.631546 -30.987278 -2.486561 24.518745 50.294704 71.307510 83.059296 -28.930140 4.457157 37.644485 71.222336 95.795578 100.836517 88.769890 1.642677 42.678917 89.084686 129.811905 138.416809 111.730812 71.253555 35.927982 85.243431 136.089172 160.950119 136.089172 85.243431 35.927982 71.253555 111.730812 138.416809 129.811905 89.084686 42.678917 1.642677 88.769890 100.836517 95.795578 71.222336 37.644485 4.457157 -28.930140 83.059296 71.307510 50.294704 24.518745 -2.486561 -30.987278 -60.631546,

Pairwise cross-correlations of the modulus of all oriented sub-bands at the same scale (size QxQ)
 141.469803 104.272766 74.273254 107.345390,
 104.272766 165.578552 118.811043 79.893974,
 74.273254 118.811043 159.906540 112.717979,
 107.345390 79.893974 112.717979 159.237106,
 379.973419 317.539948 284.712830 326.366913,
 317.539948 445.969727 346.594299 305.926819,
 284.712830 346.594299 432.432129 335.312378,
 326.366913 305.926819 335.312378 425.869781,
 379.544312 331.284424 272.645599 316.032135,
 331.284424 492.764526 359.347534 309.664368,
 272.645599 359.347534 474.065186 393.414001,
 316.032135 309.664368 393.414001 493.285095,
 87.711273 35.453827 43.117275 83.347748,
 35.453827 114.576782 67.015625 26.724010,
 43.117275 67.015625 145.782867 99.123459,
 83.347748 26.724010 99.123459 160.950119,

Cross-correlations of the modulus of all oriented sub-bands with all oriented sub-bands at the coarser scale (size QxQ)
 196.916183 178.971268 147.065369 176.472687,
 175.887390 239.763626 192.847382 159.141647,
 150.302841 196.006622 229.545364 185.841202,
 177.493362 159.614929 188.839966 219.275040,
 284.148010 292.203186 271.608459 302.865326,
 264.290833 359.179138 316.397156 288.173981,
 230.957825 304.522247 357.198486 319.332581,
 246.132202 273.100189 310.194122 333.164551,
 106.031433 53.518726 102.986076 157.376709,
 84.574829 99.418365 141.827362 148.176254,
 102.135841 82.112900 172.411133 207.635239,
 118.497482 50.525040 128.063049 218.466873,

Cross-correlations of the real part of each oriented sub-band with both the real and imaginary part of all phase-doubled oriented sub-bands at the next coarser scale (Q matrices of size 1x2Q, which are computed and stored in a matrix of size Qx2Q)
 72.882484 37.031727 7.449279 33.682831 -1.915250 1.061015 -0.417818 0.379404,
 34.216206 99.039742 49.453171 5.317544 1.762406 4.247495 -0.592442 -0.059341,
 5.620936 49.965401 96.436623 38.790218 0.289077 0.846963 1.796197 2.839179,
 34.616337 4.484540 43.501717 77.893112 -3.213542 -0.698995 1.265919 3.813167,
 -79.646011 -41.062828 -4.785800 -35.777382 -14.082161 10.785862 2.575136 12.249187,
 -32.153400 -113.340965 -55.245281 -8.268629 11.114591 27.285051 1.449296 0.110571,
 -2.272683 -58.098347 -102.617409 -26.847099 3.350162 8.864040 4.285316 6.709924,
 -39.167686 -6.041579 -36.570656 -50.599491 -17.734739 -0.812551 5.080665 24.728184,
 -68.776382 -8.852238 0.175907 -40.792740 -6.278045 -11.948299 -0.249489 13.818594,
 -22.953945 -0.444609 -22.814053 -4.975960 -5.220357 -34.202518 -19.917984 -1.030979,
 -2.832819 -8.604129 -58.096882 -23.608627 -3.974947 -16.966484 -42.519424 -1.268353,
 -42.867275 -4.780371 -22.624546 -71.870819 -9.159217 -1.295707 -11.555197 18.754274,
