Low-band skewness and kurtosis
 -2.218567 6.223817,
 -2.256830 6.776753,
 -1.889568 5.624864,
 -1.657676 5.200028,
 -1.215588 3.419420,

High-band variance
 130.202911,

Skewness, kurtosis, variance, mean, maximum and minimum of the reconstructed texture
 -2.208672 6.013247 6637.813965 222.456848 255.000000 0.000000,

Auto-correlations of the low-frequency bands at each scale
 3230.732422 3654.845947 3948.769287 4039.459961 3900.533447 3576.436768 3130.562500 3720.493896 4327.643555 4825.517090 5013.290527 4772.477051 4246.359375 3630.778564 4053.579346 4880.588379 5674.646973 6016.805664 5635.376465 4823.528809 3999.291748 4157.463867 5088.957031 6041.358398 6479.303711 6041.358398 5088.957031 4157.463867 3999.291748 4823.528809 5635.376465 6016.805664 5674.646973 4880.588379 4053.579346 3630.778564 4246.359375 4772.477051 5013.290527 4825.517090 4327.643555 3720.493896 3130.562500 3576.436768 3900.533447 4039.459961 3948.769287 3654.845947 3230.732422,
 1897.942505 1845.458984 1838.425049 1854.251465 1807.155029 1743.227051 1690.889038 1958.347168 2350.548584 2930.921387 3211.790771 2852.524902 2243.913818 1861.385986 2043.610962 3043.963623 4428.888672 5100.976562 4352.495117 2960.087646 2007.660034 2091.372314 3368.706543 5152.444824 6054.606445 5152.444824 3368.706543 2091.372314 2007.660034 2960.087646 4352.495117 5100.976562 4428.888672 3043.963623 2043.610962 1861.385986 2243.913818 2852.524902 3211.790771 2930.921387 2350.548584 1958.347168 1690.889038 1743.227051 1807.155029 1854.251465 1838.425049 1845.458984 1897.942505,
 1350.774048 1246.145996 922.091492 836.909485 1016.660706 1207.071289 1338.068481 1606.921875 1552.269287 1471.615967 1498.256958 1353.026611 1110.299805 1004.000916 1369.400635 1772.484985 2736.526367 3384.770752 2665.309082 1439.457397 783.351562 947.162598 1797.933105 3514.242676 4556.759766 3514.242676 1797.933105 947.162598 783.351562 1439.457397 2665.309082 3384.770752 2736.526367 1772.484985 1369.400635 1004.000916 1110.299805 1353.026611 1498.256958 1471.615967 1552.269287 1606.921875 1338.068481 1207.071289 1016.660706 836.909485 922.091492 1246.145996 1350.774048,
 307.572327 550.333252 642.187927 822.974304 1002.915344 1028.774414 897.047180 563.244507 780.223999 908.312134 1103.926758 1151.673706 1093.369873 1005.345337 482.168213 901.307434 1615.064819 2061.434570 1618.079224 993.798889 808.278076 486.125977 918.340820 2011.171997 2715.406738 2011.171997 918.340820 486.125977 808.278076 993.798889 1618.079224 2061.434570 1615.064819 901.307434 482.168213 1005.345337 1093.369873 1151.673706 1103.926758 908.312134 780.223999 563.244507 897.047180 1028.774414 1002.915344 822.974304 642.187927 550.333252 307.572327,
 -703.045837 -548.893677 -183.086578 176.762634 256.734161 12.544189 -343.140808 -798.483521 -431.690674 214.101166 751.113281 802.425781 355.213318 -267.709625 -735.112732 -97.638443 820.390381 1407.135498 1222.249390 467.255249 -334.987976 -536.677185 279.243927 1258.805176 1719.614380 1258.805176 279.243927 -536.677185 -334.987976 467.255249 1222.249390 1407.135498 820.390381 -97.638443 -735.112732 -267.709625 355.213318 802.425781 751.113281 214.101166 -431.690674 -798.483521 -343.140808 12.544189 256.734161 176.762634 -183.086578 -548.893677 -703.045837,

Auto-correlations of the modulus of each oriented sub-band
 64.492783 70.765503 76.157333 77.846107 74.744278 68.332184 61.624542 78.320496 88.890274 97.896263 101.008392 96.435524 86.351761 75.381363 91.482307 106.784836 120.095192 125.129837 119.085930 104.982315 89.322945 96.345383 114.171799 130.138916 136.700500 130.138916 114.171799 96.345383 89.322945 104.982315 119.085930 125.129837 120.095192 106.784836 91.482307 75.381363 86.351761 96.435524 101.008392 97.896263 88.890274 78.320496 61.624542 68.332184 74.744278 77.846107 76.157333 70.765503 64.492783,
 90.997711 95.491791 97.073738 93.722458 85.639565 75.150497 64.804443 94.714066 107.407341 116.698639 116.857971 107.017609 91.416176 75.311050 95.927200 116.054901 133.363525 138.134277 127.081116 106.720337 85.430222 92.869141 116.162994 137.914062 147.368256 137.914062 116.162994 92.869141 85.430222 106.720337 127.081116 138.134277 133.363525 116.054901 95.927200 75.311050 91.416176 107.017609 116.857971 116.698639 107.407341 94.714066 64.804443 75.150497 85.639565 93.722458 97.073738 95.491791 90.997711,
 73.296112 86.821533 99.967239 105.783630 99.710190 86.008652 71.819763 80.387810 98.845276 117.120842 125.406647 116.658455 97.524323 78.301033 86.226875 109.144440 132.240082 143.044357 131.900177 108.218353 84.803307 88.027199 112.922844 138.227493 150.302704 138.227493 112.922844 88.027199 84.803307 108.218353 131.900177 143.044357 132.240082 109.144440 86.226875 78.301033 97.524323 116.658455 125.406647 117.120842 98.845276 80.387810 71.819763 86.008652 99.710190 105.783630 99.967239 86.821533 73.296112,
 75.881500 86.111244 95.186806 101.161972 102.687614 100.090538 95.108490 85.783333 101.863419 116.612900 125.224503 124.042435 113.944412 100.187218 94.658417 116.347969 136.506317 147.066696 141.898834 123.948235 102.578705 100.718391 124.937775 146.973114 156.410553 146.973114 124.937775 100.718391 102.578705 123.948235 141.898834 147.066696 136.506317 116.347969 94.658417 100.187218 113.944412 124.042435 125.224503 116.612900 101.863419 85.783333 95.108490 100.090538 102.687614 101.161972 95.186806 86.111244 75.881500,
 156.494888 161.738190 164.545181 166.013153 165.839218 162.760925 156.390182 190.473770 209.476364 225.675827 234.946442 233.610245 221.479141 201.649582 231.948441 271.823059 308.358337 327.000671 317.711243 285.466125 244.362869 256.923218 308.850464 355.358978 375.308350 355.358978 308.850464 256.923218 244.362869 285.466125 317.711243 327.000671 308.358337 271.823059 231.948441 201.649582 221.479141 233.610245 234.946442 225.675827 209.476364 190.473770 156.390182 162.760925 165.839218 166.013153 164.545181 161.738190 156.494888,
 249.184921 269.880188 263.991516 234.991425 198.679810 168.409271 144.854385 266.266327 312.192657 328.732605 303.908875 253.271896 203.484711 166.782196 257.282623 325.451965 376.280823 374.837219 320.765808 250.886658 194.194000 227.953049 299.632996 373.219086 407.362427 373.219086 299.632996 227.953049 194.194000 250.886658 320.765808 374.837219 376.280823 325.451965 257.282623 166.782196 203.484711 253.271896 303.908875 328.732605 312.192657 266.266327 144.854385 168.409271 198.679810 234.991425 263.991516 269.880188 249.184921,
 171.928101 214.483307 263.983673 284.106110 255.820404 204.530853 164.228455 176.993423 231.316833 299.259583 330.755493 292.372498 222.755249 170.364975 179.960785 244.266403 329.215759 372.618469 325.202026 239.178055 175.871307 179.590103 247.730011 340.280212 390.548035 340.280212 247.730011 179.590103 175.871307 239.178055 325.202026 372.618469 329.215759 244.266403 179.960785 170.364975 222.755249 292.372498 330.755493 299.259583 231.316833 176.993423 164.228455 204.530853 255.820404 284.106110 263.983673 214.483307 171.928101,
 195.869064 208.246674 232.504517 264.681976 291.747192 299.908173 284.784607 208.229401 241.659424 290.106812 337.927246 361.900391 348.618591 306.378998 234.226227 293.751801 363.954590 414.873047 416.392212 368.385284 300.155365 270.238495 345.482361 418.026672 449.722778 418.026672 345.482361 270.238495 300.155365 368.385284 416.392212 414.873047 363.954590 293.751801 234.226227 306.378998 348.618591 361.900391 337.927246 290.106812 241.659424 208.229401 284.784607 299.908173 291.747192 264.681976 232.504517 208.246674 195.869064,
 93.297607 111.162292 122.043442 123.979713 119.791428 113.205673 104.253708 122.817635 150.610916 169.471680 173.898682 165.205017 149.033432 128.771393 155.885025 213.276154 264.778168 285.148865 264.122833 217.616699 167.543442 181.328796 256.628418 330.212372 362.983734 330.212372 256.628418 181.328796 167.543442 217.616699 264.122833 285.148865 264.778168 213.276154 155.885025 128.771393 149.033432 165.205017 173.898682 169.471680 150.610916 122.817635 104.253708 113.205673 119.791428 123.979713 122.043442 111.162292 93.297607,
 218.504089 252.806091 258.512848 228.906006 184.781952 154.088684 142.171387 250.606949 326.835754 366.996185 339.130280 263.258942 193.033386 154.834091 250.770798 363.455750 461.873383 468.272644 375.737091 260.609070 183.316910 222.109924 333.807587 467.017273 532.489380 467.017273 333.807587 222.109924 183.316910 260.609070 375.737091 468.272644 461.873383 363.455750 250.770798 154.834091 193.033386 263.258942 339.130280 366.996185 326.835754 250.606949 142.171387 154.088684 184.781952 228.906006 258.512848 252.806091 218.504089,
 175.622314 220.503479 270.034424 305.327606 295.054199 265.154602 245.614502 195.912888 255.413269 332.862366 384.980347 356.383972 294.193665 252.329727 212.451736 288.640106 399.141907 470.021790 415.755310 313.908966 245.656967 229.616425 311.602875 435.157349 509.229614 435.157349 311.602875 229.616425 245.656967 313.908966 415.755310 470.021790 399.141907 288.640106 212.451736 252.329727 294.193665 356.383972 384.980347 332.862366 255.413269 195.912888 245.614502 265.154602 295.054199 305.327606 270.034424 220.503479 175.622314,
 189.494232 244.163086 301.748016 342.961731 354.701447 345.759766 327.411285 222.722992 289.546112 377.204437 443.462280 444.205597 394.848114 338.554901 256.135681 346.797729 473.041290 557.492859 526.378540 422.009888 327.281128 294.935669 402.702820 541.587952 613.656860 541.587952 402.702820 294.935669 327.281128 422.009888 526.378540 557.492859 473.041290 346.797729 256.135681 338.554901 394.848114 444.205597 443.462280 377.204437 289.546112 222.722992 327.411285 345.759766 354.701447 342.961731 301.748016 244.163086 189.494232,
 -1.515301 14.148888 25.654814 33.012108 36.330780 34.956470 27.471035 2.253885 24.493950 44.999481 61.776741 71.748581 71.746223 60.368950 39.042980 77.418495 111.764809 132.563950 133.094849 114.504509 83.878860 82.700516 131.107056 171.181946 187.327469 171.181946 131.107056 82.700516 83.878860 114.504509 133.094849 132.563950 111.764809 77.418495 39.042980 60.368950 71.746223 71.748581 61.776741 44.999481 24.493950 2.253885 27.471035 34.956470 36.330780 33.012108 25.654814 14.148888 -1.515301,
 45.659821 84.367599 98.973061 91.167175 74.901543 58.548264 37.272217 51.714558 105.677696 138.548920 134.595947 105.894112 72.782921 41.510563 58.028797 122.763931 177.716202 187.785889 149.580612 95.612793 48.215969 56.587154 119.528595 185.757889 217.225479 185.757889 119.528595 56.587154 48.215969 95.612793 149.580612 187.785889 177.716202 122.763931 58.028797 41.510563 72.782921 105.894112 134.595947 138.548920 105.677696 51.714558 37.272217 58.548264 74.901543 91.167175 98.973061 84.367599 45.659821,
 11.498537 41.765350 83.220634 106.687012 94.304893 74.947632 55.440399 25.699816 52.178795 114.123924 153.691208 119.046730 84.575981 60.630219 42.575493 66.756783 140.868301 199.958557 141.718094 87.421211 62.359306 56.326355 80.329155 151.631104 220.789764 151.631104 80.329155 56.326355 62.359306 87.421211 141.718094 199.958557 140.868301 66.756783 42.575493 60.630219 84.575981 119.046730 153.691208 114.123924 52.178795 25.699816 55.440399 74.947632 94.304893 106.687012 83.220634 41.765350 11.498537,
 -35.107666 2.600121 46.008480 92.356674 126.000946 131.416077 107.647781 9.219162 66.014984 128.353333 181.775009 201.366211 176.709900 122.505142 69.982147 155.570969 241.395477 296.001801 288.479889 224.171066 137.401474 122.013611 223.951340 316.063873 355.247986 316.063873 223.951340 122.013611 137.401474 224.171066 288.479889 296.001801 241.395477 155.570969 69.982147 122.505142 176.709900 201.366211 181.775009 128.353333 66.014984 9.219162 107.647781 131.416077 126.000946 92.356674 46.008480 2.600121 -35.107666,

Pairwise cross-correlations of the modulus of all oriented sub-bands at the same scale (size QxQ)
 136.700516 95.953186 64.975235 102.149002,
 95.953186 147.368256 102.610374 66.820602,
 64.975235 102.610374 150.302689 107.529907,
 102.149002 66.820602 107.529907 156.410568,
 375.308319 308.411377 269.383575 331.774536,
 308.411377 407.362427 314.091980 290.555115,
 269.383575 314.091980 390.548035 340.678894,
 331.774536 290.555115 340.678894 449.722809,
 362.983765 338.514069 283.942535 297.393860,
 338.514069 532.489441 384.897827 299.245667,
 283.942535 384.897827 509.229614 452.928528,
 297.393860 299.245667 452.928528 613.656921,
 187.327484 122.437576 123.244080 200.812347,
 122.437576 217.225494 151.500580 169.552231,
 123.244080 151.500580 220.789795 221.027313,
 200.812347 169.552231 221.027313 355.248047,

Cross-correlations of the modulus of all oriented sub-bands with all oriented sub-bands at the coarser scale (size QxQ)
 193.425705 164.228989 131.907715 180.166046,
 165.194061 211.360565 169.110153 155.246826,
 134.924042 172.046814 207.118683 188.141907,
 171.073196 142.795776 174.330811 229.934235,
 294.943298 319.739349 281.146179 291.188721,
 278.552429 382.679810 315.081299 263.402863,
 243.956833 318.190979 335.073303 319.179443,
 280.419037 304.185303 347.431183 368.348389,
 162.832947 141.623505 143.415878 203.611710,
 198.432205 158.074646 170.989273 241.218552,
 165.984100 202.169342 197.632080 236.294388,
 161.470581 205.517670 172.188217 240.226761,

Cross-correlations of the real part of each oriented sub-band with both the real and imaginary part of all phase-doubled oriented sub-bands at the next coarser scale (Q matrices of size 1x2Q, which are computed and stored in a matrix of size Qx2Q)
 68.063492 25.407812 4.054046 34.469997 -2.325370 -0.355954 0.216629 1.981044,
 28.508320 65.161842 33.080338 2.674196 -1.122270 1.267377 0.266298 0.179749,
 3.828299 30.677864 75.994194 37.943634 -0.641268 -0.231309 -0.103282 -1.203129,
 32.526833 2.319898 36.590042 85.643990 -1.728037 -0.511884 0.277837 1.153204,
 -99.419060 -33.474361 -9.344310 -56.870129 -9.392350 6.175042 1.751132 -11.975399,
 -42.902622 -76.153671 -52.401272 -4.782192 -7.507768 29.351828 19.325050 0.509089,
 -6.338749 -36.202740 -113.320770 -48.447453 0.597431 20.374296 21.748692 -10.198638,
 -52.829651 -4.288728 -58.535019 -120.491013 1.650062 1.938620 0.632572 -25.299690,
 -71.526886 -45.594757 -7.492738 -34.184330 -21.382622 -27.162916 -4.266865 0.461336,
 -36.737423 -99.590462 -44.816769 -3.160115 -24.910654 -53.616943 -0.216392 1.123267,
 -4.523420 -52.793972 -43.607269 -20.506927 -3.237382 -18.396404 25.699280 6.243483,
 -35.038719 -6.120584 -7.647711 -60.456192 -1.225559 -3.443117 18.595215 1.470438,
