Low-band skewness and kurtosis
 -2.237557 6.373455,
 -2.304987 7.213562,
 -1.628826 4.805035,
 -1.101297 3.545673,
 -0.794558 2.767518,

High-band variance
 150.197540,

Skewness, kurtosis, variance, mean, maximum and minimum of the reconstructed texture
 -2.222914 6.098355 6499.257812 222.765564 255.000000 0.000000,

Auto-correlations of the low-frequency bands at each scale
 2303.938477 2901.171143 3316.559082 3452.623047 3267.494629 2810.566162 2184.233398 2867.013672 3655.904541 4321.564941 4594.229980 4301.158691 3609.236572 2794.710449 3290.370605 4313.514648 5319.145996 5772.790039 5316.651855 4298.747070 3258.969727 3447.117188 4592.857422 5773.754883 6316.135742 5773.754883 4592.857422 3447.117188 3258.969727 4298.747070 5316.651855 5772.790039 5319.145996 4313.514648 3290.370605 2794.710449 3609.236572 4301.158691 4594.229980 4321.564941 3655.904541 2867.013672 2184.233398 2810.566162 3267.494629 3452.623047 3316.559082 2901.171143 2303.938477,
 569.979980 754.293152 1041.977661 1108.224487 842.214966 546.852234 465.369537 697.949951 1197.568237 2081.414551 2502.356934 1945.213013 1019.428345 534.545654 1000.875732 2041.909302 3788.846191 4690.320312 3736.342285 1948.902466 869.675537 1130.377075 2483.006836 4678.083008 5820.892090 4678.083008 2483.006836 1130.377075 869.675537 1948.902466 3736.342285 4690.320312 3788.846191 2041.909302 1000.875732 534.545654 1019.428345 1945.213013 2502.356934 2081.414551 1197.568237 697.949951 465.369537 546.852234 842.214966 1108.224487 1041.977661 754.293152 569.979980,
 633.364929 596.089600 540.068604 454.563660 384.029541 387.024170 513.872986 541.148926 439.295776 655.833130 837.729004 517.083374 220.685989 436.714050 467.828400 694.376587 1843.786011 2636.804199 1720.652954 488.796143 342.794525 409.417847 879.712280 2660.404785 3870.003662 2660.404785 879.712280 409.417847 342.794525 488.796143 1720.652954 2636.804199 1843.786011 694.376587 467.828400 436.714050 220.685989 517.083374 837.729004 655.833130 439.295776 541.148926 513.872986 387.024170 384.029541 454.563660 540.068604 596.089600 633.364929,
 50.176178 282.475708 528.577942 580.938232 470.301331 386.733887 349.206390 241.224823 386.535828 647.502625 714.532532 519.625916 476.754211 503.921478 404.179749 527.962952 976.289673 1239.363281 870.173950 585.776428 568.525391 523.696472 651.614014 1211.899292 1662.931152 1211.899292 651.614014 523.696472 568.525391 585.776428 870.173950 1239.363281 976.289673 527.962952 404.179749 503.921478 476.754211 519.625916 714.532532 647.502625 386.535828 241.224823 349.206390 386.733887 470.301331 580.938232 528.577942 282.475708 50.176178,
 -473.018066 -367.401459 -215.638855 -124.109131 -100.824646 -153.489899 -306.647095 -330.231812 -168.665436 89.183922 258.556213 262.398315 153.905548 -77.404381 -142.853607 139.179779 533.493530 768.594116 660.470459 376.870270 45.018280 8.818115 377.064850 805.426392 1026.886841 805.426392 377.064850 8.818115 45.018280 376.870270 660.470459 768.594116 533.493530 139.179779 -142.853607 -77.404381 153.905548 262.398315 258.556213 89.183922 -168.665436 -330.231812 -306.647095 -153.489899 -100.824646 -124.109131 -215.638855 -367.401459 -473.018066,

Auto-correlations of the modulus of each oriented sub-band
 66.716972 73.634071 79.731209 81.726700 78.123863 70.514671 62.382191 87.357353 98.797554 108.868591 112.476028 107.324249 95.806389 83.254738 107.000092 123.560944 138.266434 143.933563 137.232559 121.579132 104.331177 114.634293 133.971130 151.502228 158.746277 151.502228 133.971130 114.634293 104.331177 121.579132 137.232559 143.933563 138.266434 123.560944 107.000092 83.254738 95.806389 107.324249 112.476028 108.868591 98.797554 87.357353 62.382191 70.514671 78.123863 81.726700 79.731209 73.634071 66.716972,
 99.672882 105.771461 109.177414 107.508438 100.364441 89.211449 76.327988 104.647141 120.802994 133.367432 135.810501 126.542641 109.175354 89.154678 107.256828 132.187866 153.394653 160.298889 149.043365 125.804298 99.526253 105.780449 134.415070 159.813019 170.512817 159.813019 134.415070 105.780449 99.526253 125.804298 149.043365 160.298889 153.394653 132.187866 107.256828 89.154678 109.175354 126.542641 135.810501 133.367432 120.802994 104.647141 76.327988 89.211449 100.364441 107.508438 109.177414 105.771461 99.672882,
 67.817009 88.604546 108.677505 117.594101 109.419754 89.681862 68.426674 77.506584 102.885719 127.539368 138.593323 128.062271 103.647514 78.016121 86.454292 115.774353 144.408051 157.473267 144.731781 116.222015 86.812309 90.261932 121.161339 151.375015 165.203735 151.375015 121.161339 90.261932 86.812309 116.222015 144.731781 157.473267 144.408051 115.774353 86.454292 78.016121 103.647514 128.062271 138.593323 127.539368 102.885719 77.506584 68.426674 89.681862 109.419754 117.594101 108.677505 88.604546 67.817009,
 66.203201 78.811836 91.050850 100.224510 104.345467 102.982765 97.343094 78.512894 98.594360 117.117676 128.237762 128.061340 117.385696 101.588272 89.998360 116.244247 139.990036 152.229309 146.789932 126.867981 102.253456 98.370392 126.746994 151.733307 162.206360 151.733307 126.746994 98.370392 102.253456 126.867981 146.789932 152.229309 139.990036 116.244247 89.998360 101.588272 117.385696 128.061340 128.237762 117.117676 98.594360 78.512894 97.343094 102.982765 104.345467 100.224510 91.050850 78.811836 66.203201,
 172.253067 183.275055 191.641678 196.297394 197.014664 194.904083 190.933578 254.128738 281.917755 303.164886 311.934509 305.631866 288.315155 266.507385 343.702698 392.069031 431.140869 446.420471 430.729736 392.935364 348.190430 385.130249 442.606567 491.391357 511.579926 491.391357 442.606567 385.130249 348.190430 392.935364 430.729736 446.420471 431.140869 392.069031 343.702698 266.507385 288.315155 305.631866 311.934509 303.164886 281.917755 254.128738 190.933578 194.904083 197.014664 196.297394 191.641678 183.275055 172.253067,
 248.918427 268.527069 260.422760 226.218445 182.205902 146.208496 124.925720 277.512604 325.497681 343.293152 315.441193 256.858826 198.201553 158.039642 276.601959 351.477020 409.278564 408.411652 346.281006 264.890533 201.002304 245.913193 326.527679 411.968231 451.821655 411.968231 326.527679 245.913193 201.002304 264.890533 346.281006 408.411652 409.278564 351.477020 276.601959 158.039642 198.201553 256.858826 315.441193 343.293152 325.497681 277.512604 124.925720 146.208496 182.205902 226.218445 260.422760 268.527069 248.918427,
 205.644409 260.450897 323.042053 353.786743 327.339233 266.026764 209.511383 217.238312 287.272736 370.819611 412.499329 374.813995 292.350250 221.185638 227.266739 310.025543 411.728119 463.077026 414.288361 313.135406 229.851669 232.321686 320.325043 429.440704 484.224701 429.440704 320.325043 232.321686 229.851669 313.135406 414.288361 463.077026 411.728119 310.025543 227.266739 221.185638 292.350250 374.813995 412.499329 370.819611 287.272736 217.238312 209.511383 266.026764 327.339233 353.786743 323.042053 260.450897 205.644409,
 143.557037 159.157135 181.679504 217.694626 257.225128 275.002838 259.394196 171.750854 202.132477 252.611481 313.570740 350.985931 337.634857 289.305450 206.882599 261.814240 342.709717 412.531921 417.750732 356.565643 281.540192 247.538071 323.596680 413.577332 458.138275 413.577332 323.596680 247.538071 281.540192 356.565643 417.750732 412.531921 342.709717 261.814240 206.882599 289.305450 337.634857 350.985931 313.570740 252.611481 202.132477 171.750854 259.394196 275.002838 257.225128 217.694626 181.679504 159.157135 143.557037,
 218.195206 238.137985 241.220749 233.870026 224.790451 220.559158 220.819626 215.850601 258.088501 288.348206 296.832825 283.826721 262.013367 244.632492 246.155975 331.498688 412.741608 447.308136 414.537445 340.937592 269.107208 274.668091 383.807617 496.312225 547.404724 496.312225 383.807617 274.668091 269.107208 340.937592 414.537445 447.308136 412.741608 331.498688 246.155975 244.632492 262.013367 283.826721 296.832825 288.348206 258.088501 215.850601 220.819626 220.559158 224.790451 233.870026 241.220749 238.137985 218.195206,
 196.272430 231.775726 248.836334 220.267288 169.787262 130.160370 109.872284 201.957733 277.872498 335.291748 311.684509 228.539505 153.843491 113.745522 187.606110 301.671509 423.002563 441.502441 330.895142 205.306519 126.922455 156.126465 270.476379 425.457397 513.168091 425.457397 270.476379 156.126465 126.922455 205.306519 330.895142 441.502441 423.002563 301.671509 187.606110 113.745522 153.843491 228.539505 311.684509 335.291748 277.872498 201.957733 109.872284 130.160370 169.787262 220.267288 248.836334 231.775726 196.272430,
 239.215240 257.686951 273.311890 261.753571 215.389771 173.357834 167.662140 252.334000 287.626282 346.258942 364.113281 293.828827 212.480438 188.656265 249.238937 306.813904 422.322998 483.769135 387.983887 259.874573 211.141495 233.226120 298.131775 444.925293 541.942139 444.925293 298.131775 233.226120 211.141495 259.874573 387.983887 483.769135 422.322998 306.813904 249.238937 188.656265 212.480438 293.828827 364.113281 346.258942 287.626282 252.334000 167.662140 173.357834 215.389771 261.753571 273.311890 257.686951 239.215240,
 157.965317 153.024765 162.671432 188.111298 217.733749 227.737198 216.503189 150.965958 170.306519 221.465042 293.536316 335.113342 310.157867 261.835266 169.253082 230.101196 339.854980 449.693695 452.957031 356.236084 263.759674 218.342468 314.656372 455.389343 535.477661 455.389343 314.656372 218.342468 263.759674 356.236084 452.957031 449.693695 339.854980 230.101196 169.253082 261.835266 310.157867 335.113342 293.536316 221.465042 170.306519 150.965958 216.503189 227.737198 217.733749 188.111298 162.671432 153.024765 157.965317,
 3.741392 22.400331 38.571232 49.185928 50.589733 44.602127 37.567619 15.514120 39.303726 67.410301 87.878304 88.289024 71.296913 51.108429 24.489937 63.871967 111.792938 140.768585 129.104446 88.303047 48.582008 35.726482 86.316978 145.198914 173.353409 145.198914 86.316978 35.726482 48.582008 88.303047 129.104446 140.768585 111.792938 63.871967 24.489937 51.108429 71.296913 88.289024 87.878304 67.410301 39.303726 15.514120 37.567619 44.602127 50.589733 49.185928 38.571232 22.400331 3.741392,
 16.649330 21.344872 25.032391 27.197826 21.410950 9.892078 -0.098711 16.167601 27.692904 37.164852 36.845119 31.429363 19.877539 5.754911 16.213778 36.503662 62.970249 65.035126 43.964352 26.212494 9.726454 13.344625 33.397137 66.357758 89.140610 66.357758 33.397137 13.344625 9.726454 26.212494 43.964352 65.035126 62.970249 36.503662 16.213778 5.754911 19.877539 31.429363 36.845119 37.164852 27.692904 16.167601 -0.098711 9.892078 21.410950 27.197826 25.032391 21.344872 16.649330,
 4.364198 6.672268 26.735376 47.045834 32.040764 6.829323 -2.869351 5.374895 15.516110 52.659458 86.303482 62.001934 19.183182 1.323248 6.408734 25.212601 79.950066 126.698708 87.199684 27.350964 3.731643 5.732140 29.835421 94.587021 145.035538 94.587021 29.835421 5.732140 3.731643 27.350964 87.199684 126.698708 79.950066 25.212601 6.408734 1.323248 19.183182 62.001934 86.303482 52.659458 15.516110 5.374895 -2.869351 6.829323 32.040764 47.045834 26.735376 6.672268 4.364198,
 31.729454 29.843531 23.390331 22.514544 29.082634 26.736399 15.586048 37.117832 34.066692 34.034176 46.641953 56.047756 41.921200 25.455570 38.036301 42.766899 63.946198 95.687134 94.280701 60.026054 36.012337 39.547272 58.971176 101.319366 129.924561 101.319366 58.971176 39.547272 36.012337 60.026054 94.280701 95.687134 63.946198 42.766899 38.036301 25.455570 41.921200 56.047756 46.641953 34.034176 34.066692 37.117832 15.586048 26.736399 29.082634 22.514544 23.390331 29.843531 31.729454,

Pairwise cross-correlations of the modulus of all oriented sub-bands at the same scale (size QxQ)
 158.746307 108.953705 55.219566 104.987373,
 108.953705 170.512802 110.149620 69.211288,
 55.219566 110.149620 165.203766 106.973915,
 104.987373 69.211288 106.973915 162.206375,
 511.579956 381.123535 355.150757 383.906158,
 381.123535 451.821655 374.654175 310.109650,
 355.150757 374.654175 484.224731 350.306091,
 383.906158 310.109650 350.306091 458.138336,
 547.404724 360.569397 325.306183 401.990051,
 360.569397 513.168152 377.787903 310.549957,
 325.306183 377.787903 541.942139 370.045197,
 401.990051 310.549957 370.045197 535.477661,
 173.353409 66.605423 67.980545 100.909737,
 66.605423 89.140610 72.242676 48.732296,
 67.980545 72.242676 145.035538 64.671707,
 100.909737 48.732296 64.671707 129.924576,

Cross-correlations of the modulus of all oriented sub-bands with all oriented sub-bands at the coarser scale (size QxQ)
 241.775497 185.151291 154.794708 181.174103,
 210.490311 239.820084 206.875031 150.365234,
 159.952194 189.118988 242.238754 177.673004,
 209.344986 159.653091 197.508179 232.610535,
 370.806244 312.612305 345.358185 339.632874,
 333.982391 345.954224 364.632263 293.592316,
 304.783020 359.662689 388.570374 332.929413,
 324.462402 266.017303 329.893188 366.290161,
 197.904099 115.286522 111.683395 152.784836,
 120.976219 123.851173 101.194534 109.918869,
 119.449478 124.497696 142.789734 128.005356,
 148.555664 115.403023 146.900574 140.956787,

Cross-correlations of the real part of each oriented sub-band with both the real and imaginary part of all phase-doubled oriented sub-bands at the next coarser scale (Q matrices of size 1x2Q, which are computed and stored in a matrix of size Qx2Q)
 98.402794 45.011730 4.691094 43.649002 -1.770571 0.340538 0.570445 -1.728590,
 43.136292 100.410461 48.320847 5.064244 -0.214069 3.565318 1.598311 0.568095,
 4.081148 46.332699 110.227859 44.116493 0.954097 1.525370 -0.233407 0.507381,
 43.306438 5.652321 47.440231 96.565437 1.257873 -0.285418 -0.311369 -2.446275,
 -112.287903 -68.179672 -9.814636 -87.281311 24.711430 1.995273 1.956802 -0.678689,
 -44.935299 -159.406769 -83.374023 -10.594867 2.831584 -0.843939 -3.168589 -1.495231,
 -9.410474 -77.071854 -219.395203 -88.814240 -0.694782 -3.457147 -15.351236 -0.089263,
 -67.886887 -11.087058 -109.772247 -188.967484 11.821137 1.316726 -6.363387 3.314297,
 -101.970779 -45.019775 -3.475589 -49.588898 57.069981 9.678780 -0.456515 -2.150182,
 -40.758087 -51.453968 -14.890343 -11.633790 12.176064 4.730460 8.946845 -0.766859,
 -3.624729 -9.061993 -42.952942 -23.525784 -2.256842 7.959950 20.439842 12.350048,
 -48.887096 -6.650261 -25.519211 -61.902222 31.109154 5.383083 7.268001 25.106079,
