Low-band skewness and kurtosis
 -2.286904 6.523480,
 -2.330867 7.090850,
 -1.982814 5.870382,
 -1.917770 6.066603,
 -1.435359 4.308857,

High-band variance
 123.351479,

Skewness, kurtosis, variance, mean, maximum and minimum of the reconstructed texture
 -2.275407 6.307484 6462.916992 223.664856 255.000000 0.000000,

Auto-correlations of the low-frequency bands at each scale
 3423.057129 3812.217773 4083.456543 4188.732422 4099.011230 3836.390137 3462.252930 3833.105957 4363.430176 4817.014648 5008.357422 4810.977539 4351.267090 3828.498535 4145.372070 4853.192871 5569.869141 5896.490234 5559.959961 4835.213379 4130.463867 4260.427246 5056.722168 5911.760742 6313.024414 5911.760742 5056.722168 4260.427246 4130.463867 4835.213379 5559.959961 5896.490234 5569.869141 4853.192871 4145.372070 3828.498535 4351.267090 4810.977539 5008.357422 4817.014648 4363.430176 3833.105957 3462.252930 3836.390137 4099.011230 4188.732422 4083.456543 3812.217773 3423.057129,
 2061.650391 2316.676514 2562.410889 2704.820312 2694.608643 2636.581299 2582.945801 2232.971436 2658.710449 3254.647705 3569.914307 3291.849854 2800.927246 2534.135498 2492.573242 3280.330322 4463.120117 5080.515137 4457.848633 3306.893799 2593.101074 2644.234131 3623.781494 5117.197266 5902.161133 5117.197266 3623.781494 2644.234131 2593.101074 3306.893799 4457.848633 5080.515137 4463.120117 3280.330322 2492.573242 2534.135498 2800.927246 3291.849854 3569.914307 3254.647705 2658.710449 2232.971436 2582.945801 2636.581299 2694.608643 2704.820312 2562.410889 2316.676514 2061.650391,
 766.680542 1263.004639 1704.701904 2108.005371 2342.880127 2437.678467 2457.410156 1071.739868 1525.729492 2101.184326 2575.161621 2554.966064 2341.856934 2256.242676 1317.525391 1913.598511 3018.574951 3768.203125 3253.197510 2354.325195 1981.153809 1651.761475 2310.954102 3705.194824 4572.894043 3705.194824 2310.954102 1651.761475 1981.153809 2354.325195 3253.197510 3768.203125 3018.574951 1913.598511 1317.525391 2256.242676 2341.856934 2554.966064 2575.161621 2101.184326 1525.729492 1071.739868 2457.410156 2437.678467 2342.880127 2108.005371 1704.701904 1263.004639 766.680542,
 -963.269958 -749.715454 -251.017822 511.139832 1424.755859 2165.364746 2259.975586 -828.885315 -315.404663 635.368286 1591.000488 2206.832031 2468.950195 2129.394531 -448.536774 387.074463 1772.080078 2776.114502 2695.631836 2077.451416 1338.855469 317.089417 1263.354736 2599.458740 3334.829346 2599.458740 1263.354736 317.089417 1338.855469 2077.451416 2695.631836 2776.114502 1772.080078 387.074463 -448.536774 2129.394531 2468.950195 2206.832031 1591.000488 635.368286 -315.404663 -828.885315 2259.975586 2165.364746 1424.755859 511.139832 -251.017822 -749.715454 -963.269958,
 -362.582245 -974.954346 -1284.311401 -976.250977 -64.501709 802.792480 928.730225 -1003.582642 -1295.509888 -977.531067 110.672638 1262.555298 1487.826294 689.242188 -1273.585938 -1021.042358 138.048523 1643.074463 2087.890381 1139.483032 -169.687744 -993.070984 -20.470169 1561.240234 2410.385010 1561.240234 -20.470169 -993.070984 -169.687744 1139.483032 2087.890381 1643.074463 138.048523 -1021.042358 -1273.585938 689.242188 1487.826294 1262.555298 110.672638 -977.531067 -1295.509888 -1003.582642 928.730225 802.792480 -64.501709 -976.250977 -1284.311401 -974.954346 -362.582245,

Auto-correlations of the modulus of each oriented sub-band
 72.902710 79.913338 85.769142 87.546684 84.103355 77.145470 70.084961 83.397621 94.612686 104.348846 107.922729 103.224304 92.549545 81.006218 94.325203 110.582336 125.075294 130.883606 124.742683 109.845581 93.353325 99.263443 118.141815 135.275452 142.369308 135.275452 118.141815 99.263443 93.353325 109.845581 124.742683 130.883606 125.075294 110.582336 94.325203 81.006218 92.549545 103.224304 107.922729 104.348846 94.612686 83.397621 70.084961 77.145470 84.103355 87.546684 85.769142 79.913338 72.902710,
 86.423035 93.326683 98.058136 98.571030 94.752930 88.138130 80.467255 91.837387 106.115440 117.497604 120.186783 113.351395 101.122292 88.120270 96.063232 116.335686 134.312576 140.208649 130.784714 112.700356 94.107574 97.018623 118.835396 139.667999 148.813797 139.667999 118.835396 97.018623 94.107574 112.700356 130.784714 140.208649 134.312576 116.335686 96.063232 88.120270 101.122292 113.351395 120.186783 117.497604 106.115440 91.837387 80.467255 88.138130 94.752930 98.571030 98.058136 93.326683 86.423035,
 77.714844 89.766907 102.157478 107.969559 103.255409 92.143799 81.355896 85.105370 101.175842 118.211426 126.311691 119.151840 103.001862 87.628273 91.926208 111.589546 132.776123 142.974243 133.310791 112.532188 93.134003 95.026024 116.092590 138.894348 149.851913 138.894348 116.092590 95.026024 93.134003 112.532188 133.310791 142.974243 132.776123 111.589546 91.926208 87.628273 103.001862 119.151840 126.311691 118.211426 101.175842 85.105370 81.355896 92.143799 103.255409 107.969559 102.157478 89.766907 77.714844,
 78.285461 88.589897 98.305725 105.601944 108.684540 106.898140 101.889282 87.544525 103.001816 117.778778 127.306786 127.419006 118.261261 105.181076 96.612564 117.159958 136.792572 147.659531 143.329193 126.410599 106.191650 103.332649 126.245651 147.383789 156.485107 147.383789 126.245651 103.332649 106.191650 126.410599 143.329193 147.659531 136.792572 117.159958 96.612564 105.181076 118.261261 127.419006 127.306786 117.778778 103.001816 87.544525 101.889282 106.898140 108.684540 105.601944 98.305725 88.589897 78.285461,
 179.836624 191.522079 202.134964 211.014130 215.969620 215.021927 208.473068 212.651566 230.531982 247.239151 257.749786 257.079437 245.509827 228.824234 254.268585 285.290924 314.332001 328.623474 318.946564 291.215118 259.583038 275.501526 315.103149 352.196259 368.387848 352.196259 315.103149 275.501526 259.583038 291.215118 318.946564 328.623474 314.332001 285.290924 254.268585 228.824234 245.509827 257.079437 257.749786 247.239151 230.531982 212.651566 208.473068 215.021927 215.969620 211.014130 202.134964 191.522079 179.836624,
 227.576675 243.155518 244.895645 232.032425 213.830460 198.032166 186.745438 246.169312 279.089874 296.455566 283.083069 250.282166 219.816986 199.257141 248.521378 296.310822 339.088623 341.739044 300.499023 251.139496 216.638779 235.735001 283.372498 340.899475 370.228699 340.899475 283.372498 235.735001 216.638779 251.139496 300.499023 341.739044 339.088623 296.310822 248.521378 199.257141 219.816986 250.282166 283.083069 296.455566 279.089874 246.169312 186.745438 198.032166 213.830460 232.032425 244.895645 243.155518 227.576675,
 216.214752 256.906250 300.891296 323.909485 308.111023 263.505798 218.364166 232.167923 282.480804 343.009003 374.316925 346.783051 283.868683 228.165848 242.251190 302.321930 378.710358 418.365967 379.544037 301.170013 237.707062 243.792694 309.146088 393.089172 436.916931 393.089172 309.146088 243.792694 237.707062 301.170013 379.544037 418.365967 378.710358 302.321930 242.251190 228.165848 283.868683 346.783051 374.316925 343.009003 282.480804 232.167923 218.364166 263.505798 308.111023 323.909485 300.891296 256.906250 216.214752,
 192.535034 215.768677 246.629471 284.767395 315.601624 320.534058 298.542908 210.735428 245.040161 292.301910 342.400635 367.308685 350.741821 309.382080 238.420807 287.421936 351.675262 404.414886 406.423370 359.271118 300.601410 272.275909 333.374908 401.463043 434.476990 401.463043 333.374908 272.275909 300.601410 359.271118 406.423370 404.414886 351.675262 287.421936 238.420807 309.382080 350.741821 367.308685 342.400635 292.301910 245.040161 210.735428 298.542908 320.534058 315.601624 284.767395 246.629471 215.768677 192.535034,
 91.331924 124.596970 158.168152 192.210114 223.367340 246.324203 256.525330 139.638779 179.768051 217.372589 246.267990 261.319397 262.782166 253.178329 197.608826 256.581665 309.952515 337.675293 328.987854 293.713684 250.109314 239.123840 307.037842 368.733643 395.071655 368.733643 307.037842 239.123840 250.109314 293.713684 328.987854 337.675293 309.952515 256.581665 197.608826 253.178329 262.782166 261.319397 246.267990 217.372589 179.768051 139.638779 256.525330 246.324203 223.367340 192.210114 158.168152 124.596970 91.331924,
 100.958206 143.729843 161.032654 152.919724 143.451538 142.154861 146.573166 146.285141 207.982330 242.165192 226.629730 191.461975 167.362122 152.796219 170.003250 248.086197 315.483154 318.252441 260.530823 200.813797 160.250839 169.175751 238.185822 321.861359 366.219086 321.861359 238.185822 169.175751 160.250839 200.813797 260.530823 318.252441 315.483154 248.086197 170.003250 152.796219 167.362122 191.461975 226.629730 242.165192 207.982330 146.285141 146.573166 142.154861 143.451538 152.919724 161.032654 143.729843 100.958206,
 92.218971 139.013092 201.166733 237.634598 234.746902 229.014404 232.705444 124.920029 177.262222 261.499878 309.896790 282.542725 242.287491 227.286911 154.768555 209.827209 310.897369 371.457458 320.080902 243.758667 209.144104 183.338745 232.868820 332.607178 396.778442 332.607178 232.868820 183.338745 209.144104 243.758667 320.080902 371.457458 310.897369 209.827209 154.768555 227.286911 242.287491 282.542725 309.896790 261.499878 177.262222 124.920029 232.705444 229.014404 234.746902 237.634598 201.166733 139.013092 92.218971,
 72.167046 106.450302 148.484146 199.489273 245.277298 266.503113 260.733856 108.076813 150.048798 210.018036 276.212646 311.978668 299.314392 259.651611 146.644470 210.469940 300.466736 375.427124 376.601074 310.936798 234.735382 191.031128 276.279846 378.247375 429.364960 378.247375 276.279846 191.031128 234.735382 310.936798 376.601074 375.427124 300.466736 210.469940 146.644470 259.651611 299.314392 311.978668 276.212646 210.018036 150.048798 108.076813 260.733856 266.503113 245.277298 199.489273 148.484146 106.450302 72.167046,
 -55.989971 -26.054852 5.223463 31.031855 49.329063 62.786617 72.772575 -16.815760 26.182375 64.404968 86.701241 90.914932 83.810448 71.749863 16.362125 76.670158 129.544250 151.325974 135.360321 98.760841 59.994350 40.295868 102.238373 161.420868 187.479309 161.420868 102.238373 40.295868 59.994350 98.760841 135.360321 151.325974 129.544250 76.670158 16.362125 71.749863 83.810448 90.914932 86.701241 64.404968 26.182375 -16.815760 72.772575 62.786617 49.329063 31.031855 5.223463 -26.054852 -55.989971,
 -2.080318 28.852596 59.077568 79.844193 88.434853 88.231720 80.801926 27.385075 67.617874 108.694359 131.013840 128.673416 114.559555 96.910767 57.517414 103.020630 153.496872 178.345001 162.495224 128.565384 97.766541 83.305511 125.335785 174.467194 198.896088 174.467194 125.335785 83.305511 97.766541 128.565384 162.495224 178.345001 153.496872 103.020630 57.517414 96.910767 114.559555 128.673416 131.013840 108.694359 67.617874 27.385075 80.801926 88.231720 88.434853 79.844193 59.077568 28.852596 -2.080318,
 -20.616413 -9.620677 3.421707 9.831027 21.023048 29.146648 32.691288 -11.329431 0.401333 25.691280 33.198643 28.306801 32.144447 31.128273 1.664440 9.427607 42.113194 60.873192 36.605503 26.837912 24.899281 14.664770 18.164320 44.614403 75.076225 44.614403 18.164320 14.664770 24.899281 26.837912 36.605503 60.873192 42.113194 9.427607 1.664440 31.128273 32.144447 28.306801 33.198643 25.691280 0.401333 -11.329431 32.691288 29.146648 21.023048 9.831027 3.421707 -9.620677 -20.616413,
 -101.335068 -62.609612 -11.677315 45.597378 97.518700 131.130066 138.266891 -55.603466 -2.856880 56.163002 110.251160 144.910309 151.751160 131.614761 4.996181 68.303711 129.363327 171.588577 179.767471 154.657578 107.970001 65.482224 129.060135 180.313873 201.042801 180.313873 129.060135 65.482224 107.970001 154.657578 179.767471 171.588577 129.363327 68.303711 4.996181 131.614761 151.751160 144.910309 110.251160 56.163002 -2.856880 -55.603466 138.266891 131.130066 97.518700 45.597378 -11.677315 -62.609612 -101.335068,

Pairwise cross-correlations of the modulus of all oriented sub-bands at the same scale (size QxQ)
 142.369339 108.142342 72.603584 106.011520,
 108.142342 148.813812 107.382027 81.052856,
 72.603584 107.382027 149.851929 111.812424,
 106.011520 81.052856 111.812424 156.485123,
 368.387878 308.258972 295.726227 316.258301,
 308.258972 370.228760 316.513123 294.247375,
 295.726227 316.513123 436.916962 365.711761,
 316.258301 294.247375 365.711761 434.477020,
 395.071686 304.627808 279.332764 330.008575,
 304.627808 366.219086 289.598877 256.704163,
 279.332764 289.598877 396.778412 325.780640,
 330.008575 256.704163 325.780640 429.365051,
 187.479324 136.662720 53.722237 130.978348,
 136.662720 198.896118 69.852852 66.296432,
 53.722237 69.852852 75.076233 74.061554,
 130.978348 66.296432 74.061554 201.042816,

Cross-correlations of the modulus of all oriented sub-bands with all oriented sub-bands at the coarser scale (size QxQ)
 194.247620 170.230225 157.086578 176.492691,
 181.910660 201.158844 188.104034 159.846695,
 147.459991 169.019928 222.363419 190.013779,
 171.861832 155.554489 200.676346 225.942337,
 311.006073 262.355408 274.348633 281.559082,
 282.443054 276.273560 274.216278 248.182129,
 291.595062 282.538391 324.337097 299.670227,
 312.592224 276.699097 293.560638 318.753571,
 188.818588 138.148621 83.798279 205.411041,
 161.819458 138.394958 87.621750 187.323517,
 148.072418 130.397308 94.222458 207.995956,
 157.241501 108.148979 73.538956 193.659912,

Cross-correlations of the real part of each oriented sub-band with both the real and imaginary part of all phase-doubled oriented sub-bands at the next coarser scale (Q matrices of size 1x2Q, which are computed and stored in a matrix of size Qx2Q)
 65.761803 29.111040 3.446601 35.334938 -1.152154 0.285407 -1.324727 0.882423,
 27.749186 67.389458 36.084332 3.723220 -0.676182 -1.338007 -0.876461 -0.103745,
 3.934692 35.122803 89.259758 40.955746 0.048130 -1.200688 3.742590 1.081116,
 34.102535 5.000097 41.333588 86.395164 -0.494390 0.099639 0.464982 2.019520,
 -31.712917 -11.100096 -5.208891 -42.769577 8.737021 9.792774 0.740489 3.989973,
 -3.565719 -37.493137 -25.144062 -4.465077 8.774160 14.208372 -12.969700 -0.202676,
 -3.410658 -23.282570 -57.104656 -35.993900 0.269228 -2.027369 -41.969021 -4.031056,
 -27.519470 -1.777609 -30.547995 -94.315552 -2.165754 -1.107681 -17.500866 -1.973040,
 18.724560 7.765721 2.065406 -1.320587 54.600166 10.631868 -4.777028 1.172137,
 11.480997 -7.406168 -8.647968 1.746412 29.993542 -42.583122 -27.502747 -0.063141,
 0.503995 -20.872410 -11.216928 -12.874273 -5.050224 -27.131134 -25.666216 -0.117271,
 6.117762 -0.504885 -5.391088 -21.764660 0.413793 5.245094 -3.740322 -0.344935,
