Low-band skewness and kurtosis
 -2.175716 6.067985,
 -2.235236 6.794977,
 -1.672490 4.733521,
 -1.487940 4.473519,
 -1.272846 3.691894,

High-band variance
 149.750870,

Skewness, kurtosis, variance, mean, maximum and minimum of the reconstructed texture
 -2.160785 5.814383 6732.055176 221.574341 255.000000 0.000000,

Auto-correlations of the low-frequency bands at each scale
 2816.338867 3267.085693 3635.689453 3831.296387 3764.637207 3441.477783 2946.859863 3362.682861 3998.876709 4595.477051 4892.843262 4686.384277 4114.156738 3434.240967 3759.496094 4645.766113 5573.941406 6022.633301 5620.732422 4701.177246 3785.376953 3912.527344 4937.640625 6036.051270 6550.181641 6036.051270 4937.640625 3912.527344 3785.376953 4701.177246 5620.732422 6022.633301 5573.941406 4645.766113 3759.496094 3434.240967 4114.156738 4686.384277 4892.843262 4595.477051 3998.876709 3362.682861 2946.859863 3441.477783 3764.637207 3831.296387 3635.689453 3267.085693 2816.338867,
 1618.539307 1518.509644 1557.897583 1748.590820 1807.170532 1687.333374 1642.408447 1709.976929 1907.655884 2500.033691 2968.038574 2705.851074 2029.098755 1661.296265 1862.483398 2663.447266 4132.309570 4987.675781 4240.528320 2728.238281 1837.818359 1956.674194 3101.375732 5027.547363 6047.274414 5027.547363 3101.375732 1956.674194 1837.818359 2728.238281 4240.528320 4987.675781 4132.309570 2663.447266 1862.483398 1661.296265 2029.098755 2705.851074 2968.038574 2500.033691 1907.655884 1709.976929 1642.408447 1687.333374 1807.170532 1748.590820 1557.897583 1518.509644 1618.539307,
 1092.961670 1195.940430 1277.757080 1319.006104 1374.914795 1546.862793 1606.344971 1237.176025 1238.491455 1447.110352 1665.077637 1561.066895 1492.278320 1572.270508 1316.613403 1555.760498 2481.660400 3173.478516 2570.272217 1696.318848 1483.452759 1391.165527 1857.151733 3270.979248 4224.600586 3270.979248 1857.151733 1391.165527 1483.452759 1696.318848 2570.272217 3173.478516 2481.660400 1555.760498 1316.613403 1572.270508 1492.278320 1561.066895 1665.077637 1447.110352 1238.491455 1237.176025 1606.344971 1546.862793 1374.914795 1319.006104 1277.757080 1195.940430 1092.961670,
 -82.400635 335.831238 701.627319 943.986328 1138.726196 1212.135986 989.342285 263.140228 611.594116 999.125000 1314.681641 1403.254395 1300.411133 1028.003540 616.381775 996.191650 1607.991821 2077.730957 1892.798706 1411.420654 1023.576355 904.881653 1359.005737 2106.749023 2566.224854 2106.749023 1359.005737 904.881653 1023.576355 1411.420654 1892.798706 2077.730957 1607.991821 996.191650 616.381775 1028.003540 1300.411133 1403.254395 1314.681641 999.125000 611.594116 263.140228 989.342285 1212.135986 1138.726196 943.986328 701.627319 335.831238 -82.400635,
 -777.602051 -785.129028 -521.816528 -118.346741 157.534332 107.883820 -193.353424 -818.426575 -650.222717 -58.963165 617.052246 886.514771 584.542908 -16.317688 -713.835327 -170.292511 778.349426 1509.469971 1434.983643 681.748535 -164.260162 -466.834686 381.251404 1436.888672 1941.557373 1436.888672 381.251404 -466.834686 -164.260162 681.748535 1434.983643 1509.469971 778.349426 -170.292511 -713.835327 -16.317688 584.542908 886.514771 617.052246 -58.963165 -650.222717 -818.426575 -193.353424 107.883820 157.534332 -118.346741 -521.816528 -785.129028 -777.602051,

Auto-correlations of the modulus of each oriented sub-band
 80.479233 87.555641 93.907791 96.407425 93.757050 87.580498 81.154312 97.957779 110.186028 120.841660 124.768829 119.897171 108.888283 97.161972 115.369133 133.355988 149.181580 155.227158 148.273254 132.098145 114.442574 122.695145 143.356140 162.037964 169.727264 162.037964 143.356140 122.695145 114.442574 132.098145 148.273254 155.227158 149.181580 133.355988 115.369133 97.161972 108.888283 119.897171 124.768829 120.841660 110.186028 97.957779 81.154312 87.580498 93.757050 96.407425 93.907791 87.555641 80.479233,
 114.611176 118.969688 120.199883 117.295753 110.657448 101.487984 91.390121 120.837181 135.412369 144.995758 144.592529 134.431000 118.529404 101.484505 122.716820 146.571777 165.789993 170.298309 157.753220 135.285278 111.290565 119.115997 146.405121 170.970215 181.488434 170.970215 146.405121 119.115997 111.290565 135.285278 157.753220 170.298309 165.789993 146.571777 122.716820 101.484505 118.529404 134.431000 144.592529 144.995758 135.412369 120.837181 91.390121 101.487984 110.657448 117.295753 120.199883 118.969688 114.611176,
 80.260452 96.704948 115.633507 125.906487 119.985054 102.910133 84.942017 88.110023 109.495911 133.580826 146.295624 137.428543 114.827179 92.111534 95.832970 121.792397 150.329681 164.837540 152.635651 124.919823 98.205437 99.840546 127.904083 157.992798 172.478928 157.992798 127.904083 99.840546 98.205437 124.919823 152.635651 164.837540 150.329681 121.792397 95.832970 92.111534 114.827179 137.428543 146.295624 133.580826 109.495911 88.110023 84.942017 102.910133 119.985054 125.906487 115.633507 96.704948 80.260452,
 86.772575 97.463295 107.041084 113.944817 116.481850 114.084419 108.112480 97.272484 114.698326 130.758133 140.406647 139.249222 127.663750 111.596443 105.982468 129.983017 152.484268 164.381454 158.426865 137.799881 113.334747 111.567741 138.833954 163.867355 174.626328 163.867355 138.833954 111.567741 113.334747 137.799881 158.426865 164.381454 152.484268 129.983017 105.982468 111.596443 127.663750 139.249222 140.406647 130.758133 114.698326 97.272484 108.112480 114.084419 116.481850 113.944817 107.041084 97.463295 86.772575,
 210.299362 224.455322 237.845978 247.714294 250.877960 246.765656 237.307755 264.206024 292.620331 318.085175 332.909912 330.839081 312.765533 285.081818 327.282593 375.978058 418.142059 438.557190 426.622833 387.835297 337.384827 359.931213 421.270569 472.912598 494.281860 472.912598 421.270569 359.931213 337.384827 387.835297 426.622833 438.557190 418.142059 375.978058 327.282593 285.081818 312.765533 330.839081 332.909912 318.085175 292.620331 264.206024 237.307755 246.765656 250.877960 247.714294 237.845978 224.455322 210.299362,
 323.077789 349.539307 346.238708 320.356079 290.586487 266.866211 246.426483 348.631256 405.573212 427.963257 402.769226 349.521423 298.531525 260.821381 342.520264 424.270355 487.566498 488.186584 425.718292 346.466278 284.109436 315.009430 397.463104 485.506958 527.512695 485.506958 397.463104 315.009430 284.109436 346.466278 425.718292 488.186584 487.566498 424.270355 342.520264 260.821381 298.531525 349.521423 402.769226 427.963257 405.573212 348.631256 246.426483 266.866211 290.586487 320.356079 346.238708 349.539307 323.077789,
 223.704285 276.918213 341.740601 378.251282 353.966797 296.822388 251.060791 234.805557 302.455261 386.685333 431.834839 393.987152 314.483582 251.983841 243.008347 323.129639 425.209229 478.999420 428.069458 327.996704 250.515701 247.843597 332.275726 441.555542 498.951569 441.555542 332.275726 247.843597 250.515701 327.996704 428.069458 478.999420 425.209229 323.129639 243.008347 251.983841 314.483582 393.987152 431.834839 386.685333 302.455261 234.805557 251.060791 296.822388 353.966797 378.251282 341.740601 276.918213 223.704285,
 215.358704 234.531143 263.927338 296.137268 315.821198 312.530762 290.401947 230.063049 264.163818 313.292633 358.885132 373.859589 350.213257 306.581848 253.910736 309.012421 379.572296 430.522827 424.531830 369.087067 303.788239 282.478607 352.465485 428.962738 465.073792 428.962738 352.465485 282.478607 303.788239 369.087067 424.531830 430.522827 379.572296 309.012421 253.910736 306.581848 350.213257 373.859589 358.885132 313.292633 264.163818 230.063049 290.401947 312.530762 315.821198 296.137268 263.927338 234.531143 215.358704,
 169.267654 195.626038 214.522888 220.359818 208.179626 185.555603 167.013596 186.172806 229.101257 262.026642 270.825195 248.473846 209.100311 175.836136 202.800995 273.372894 338.635223 362.373047 327.137360 258.064728 195.029480 207.992462 295.826233 387.861633 429.895905 387.861633 295.826233 207.992462 195.029480 258.064728 327.137360 362.373047 338.635223 273.372894 202.800995 175.836136 209.100311 248.473846 270.825195 262.026642 229.101257 186.172806 167.013596 185.555603 208.179626 220.359818 214.522888 195.626038 169.267654,
 195.294174 233.158859 262.915375 260.312317 225.221283 188.475937 162.209183 220.603836 282.653931 331.870911 328.376648 276.301086 221.217056 183.500656 230.087631 313.647034 400.711945 417.017151 345.240021 259.918030 203.888290 222.183624 300.926270 407.572723 466.301147 407.572723 300.926270 222.183624 203.888290 259.918030 345.240021 417.017151 400.711945 313.647034 230.087631 183.500656 221.217056 276.301086 328.376648 331.870911 282.653931 220.603836 162.209183 188.475937 225.221283 260.312317 262.915375 233.158859 195.294174,
 148.615646 213.137009 274.948029 292.756866 256.012115 206.405838 167.712906 161.366104 245.302399 341.177216 379.934235 320.923126 233.037048 170.121872 170.465332 271.251556 406.066315 473.759155 391.316620 261.475494 173.204346 174.109436 277.832092 428.700012 517.787842 428.700012 277.832092 174.109436 173.204346 261.475494 391.316620 473.759155 406.066315 271.251556 170.465332 170.121872 233.037048 320.923126 379.934235 341.177216 245.302399 161.366104 167.712906 206.405838 256.012115 292.756866 274.948029 213.137009 148.615646,
 180.710419 216.089066 235.528580 253.667267 265.706635 257.872620 238.170990 189.056854 226.320404 270.293762 318.498535 334.284119 301.043060 254.821381 190.854614 250.305344 341.064972 420.454102 412.704437 328.847046 248.382629 214.275299 300.549530 418.453491 481.962891 418.453491 300.549530 214.275299 248.382629 328.847046 412.704437 420.454102 341.064972 250.305344 190.854614 254.821381 301.043060 334.284119 318.498535 270.293762 226.320404 189.056854 238.170990 257.872620 265.706635 253.667267 235.528580 216.089066 180.710419,
 5.281867 5.728085 6.757744 10.612082 15.657700 16.689045 10.199034 33.382763 33.823357 31.196259 28.247019 24.795284 19.111902 10.572132 54.509968 72.198624 84.343971 84.187645 69.207771 45.740093 23.520855 45.330009 77.018677 109.430038 124.451729 109.430038 77.018677 45.330009 23.520855 45.740093 69.207771 84.187645 84.343971 72.198624 54.509968 10.572132 19.111902 24.795284 28.247019 31.196259 33.823357 33.382763 10.199034 16.689045 15.657700 10.612082 6.757744 5.728085 5.281867,
 15.426067 39.581352 51.334454 44.669884 37.647160 39.718849 41.584202 22.321920 60.116417 87.348145 79.638443 53.639759 38.408264 36.097183 23.740318 70.063309 121.727310 129.792084 88.211914 47.727890 30.548622 26.049057 62.622719 121.921310 158.042496 121.921310 62.622719 26.049057 30.548622 47.727890 88.211914 129.792084 121.727310 70.063309 23.740318 36.097183 38.408264 53.639759 79.638443 87.348145 60.116417 22.321920 41.584202 39.718849 37.647160 44.669884 51.334454 39.581352 15.426067,
 -16.689867 10.844126 45.689507 74.986626 81.814781 67.264626 46.619659 4.439720 41.910465 86.815834 113.932587 103.605614 73.337242 46.865829 22.921497 68.139709 127.151260 158.245178 129.717453 78.905426 43.279125 35.696018 79.798393 143.432678 179.823242 143.432678 79.798393 35.696018 43.279125 78.905426 129.717453 158.245178 127.151260 68.139709 22.921497 46.865829 73.337242 103.605614 113.932587 86.815834 41.910465 4.439720 46.619659 67.264626 81.814781 74.986626 45.689507 10.844126 -16.689867,
 -7.520793 0.294041 11.952198 24.090176 32.660683 34.543598 29.955162 1.083447 14.839855 31.085186 48.810253 56.509106 50.380070 37.761463 21.091829 39.713371 65.360756 92.423355 90.461327 66.013153 42.139931 37.623684 61.872963 96.686829 119.198349 96.686829 61.872963 37.623684 42.139931 66.013153 90.461327 92.423355 65.360756 39.713371 21.091829 37.761463 50.380070 56.509106 48.810253 31.085186 14.839855 1.083447 29.955162 34.543598 32.660683 24.090176 11.952198 0.294041 -7.520793,

Pairwise cross-correlations of the modulus of all oriented sub-bands at the same scale (size QxQ)
 169.727295 124.602982 74.890800 115.909294,
 124.602982 181.488464 118.297310 83.594238,
 74.890800 118.297310 172.478943 123.845245,
 115.909294 83.594238 123.845245 174.626312,
 494.281921 417.367706 355.178131 382.433228,
 417.367706 527.512695 395.510040 360.900421,
 355.178131 395.510040 498.951538 401.815155,
 382.433228 360.900421 401.815155 465.073822,
 429.895905 352.100922 299.860931 326.968872,
 352.100922 466.301147 372.776154 299.479797,
 299.860931 372.776154 517.787903 394.783020,
 326.968872 299.479797 394.783020 481.962891,
 124.451736 88.649025 93.972153 79.762939,
 88.649025 158.042511 116.592232 72.717331,
 93.972153 116.592232 179.823242 114.840302,
 79.762939 72.717331 114.840302 119.198364,

Cross-correlations of the modulus of all oriented sub-bands with all oriented sub-bands at the coarser scale (size QxQ)
 245.969879 218.415237 173.712448 198.048264,
 219.613724 268.271301 215.907028 180.408340,
 171.472519 208.927704 253.375824 207.601334,
 204.514771 182.653732 223.570786 245.732101,
 333.491272 316.639984 311.952393 333.163818,
 319.183319 353.897827 349.765259 333.103058,
 320.123352 334.608643 364.371338 343.554443,
 331.784027 304.361877 340.287903 372.528351,
 121.454544 164.627716 143.461655 101.528610,
 106.946167 174.359436 166.823822 119.419846,
 108.641052 154.491974 174.406235 147.450241,
 142.476990 152.594879 177.780304 150.263641,

Cross-correlations of the real part of each oriented sub-band with both the real and imaginary part of all phase-doubled oriented sub-bands at the next coarser scale (Q matrices of size 1x2Q, which are computed and stored in a matrix of size Qx2Q)
 104.926697 57.385204 4.795055 39.955811 3.745059 0.990512 1.050301 1.106233,
 55.264343 113.863419 42.451900 5.593600 1.684711 2.278115 1.802008 0.463571,
 5.041760 45.241264 95.849266 48.542377 -0.034576 0.286210 3.810445 4.767399,
 39.854725 5.320870 45.166645 95.566444 1.224220 -0.297368 4.687677 7.550376,
 -98.310463 -57.645939 -8.678049 -59.710144 14.152897 5.361194 2.781773 1.754037,
 -42.884472 -112.992729 -46.716530 -8.745699 8.847795 -8.774426 0.459464 -2.409942,
 -6.928069 -44.097698 -112.153099 -75.033180 -1.245108 -11.906401 -14.679690 -2.808641,
 -48.910923 -5.243556 -57.719303 -148.741455 -1.786645 1.768446 -6.388970 10.438923,
 -40.187088 -28.443407 -2.732488 -12.334951 24.234634 -9.496479 -0.461347 12.215874,
 -30.306156 -68.178490 -42.658230 -2.647775 6.405787 -30.839993 11.625293 -0.765024,
 -2.760502 -42.102081 -72.056152 -22.191578 -2.103204 -5.092176 6.715453 -3.750306,
 -12.565061 -4.799827 -25.249475 -34.718220 5.646723 1.228608 -7.746143 14.816906,
