Low-band skewness and kurtosis
 -2.311792 6.681180,
 -2.374785 7.446444,
 -1.851987 5.543874,
 -1.815670 6.572944,
 -1.518474 4.516459,

High-band variance
 132.864685,

Skewness, kurtosis, variance, mean, maximum and minimum of the reconstructed texture
 -2.299314 6.432497 6327.492676 224.124573 255.000000 0.000000,

Auto-correlations of the low-frequency bands at each scale
 2727.471680 3201.034668 3571.337402 3730.135254 3600.088379 3225.794922 2711.727539 3216.305664 3866.652588 4439.622559 4689.465820 4446.666504 3864.350830 3180.780273 3568.128906 4442.517090 5306.391113 5697.479004 5302.412598 4430.187988 3536.054199 3687.169434 4680.101562 5697.081055 6165.484863 5697.081055 4680.101562 3687.169434 3536.054199 4430.187988 5302.412598 5697.479004 5306.391113 4442.517090 3568.128906 3180.780273 3864.350830 4446.666504 4689.465820 4439.622559 3866.652588 3216.305664 2711.727539 3225.794922 3600.088379 3730.135254 3571.337402 3201.034668 2727.471680,
 1293.005493 1356.116577 1560.219971 1759.448730 1697.955322 1432.511108 1237.874390 1412.734131 1809.823486 2510.745850 2928.226562 2545.791260 1769.752686 1322.268799 1534.460449 2513.982666 3994.541992 4769.836914 3980.026855 2446.661377 1464.487305 1572.214600 2853.368652 4751.472168 5724.789062 4751.472168 2853.368652 1572.214600 1464.487305 2446.661377 3980.026855 4769.836914 3994.541992 2513.982666 1534.460449 1322.268799 1769.752686 2545.791260 2928.226562 2510.745850 1809.823486 1412.734131 1237.874390 1432.511108 1697.955322 1759.448730 1560.219971 1356.116577 1293.005493,
 780.155518 907.394287 976.435608 1050.957764 1008.298035 1042.875488 1359.005859 924.766602 887.806396 1185.847412 1513.498291 1249.962402 959.437500 1213.341553 953.420593 1139.522583 2259.313721 3100.458008 2299.219482 1169.013550 1075.713989 982.371704 1353.932739 3005.361572 4138.867676 3005.361572 1353.932739 982.371704 1075.713989 1169.013550 2299.219482 3100.458008 2259.313721 1139.522583 953.420593 1213.341553 959.437500 1249.962402 1513.498291 1185.847412 887.806396 924.766602 1359.005859 1042.875488 1008.298035 1050.957764 976.435608 907.394287 780.155518,
 -242.616089 -52.645935 185.541321 532.046204 869.111145 1052.615234 1002.811401 40.616638 295.829956 619.404602 958.451843 1139.872070 1213.266479 1107.591064 316.204926 718.513611 1335.203979 1769.794678 1582.386597 1222.874878 949.471802 632.169312 1073.125488 1802.645508 2262.945557 1802.645508 1073.125488 632.169312 949.471802 1222.874878 1582.386597 1769.794678 1335.203979 718.513611 316.204926 1107.591064 1213.266479 1139.872070 958.451843 619.404602 295.829956 40.616638 1002.811401 1052.615234 869.111145 532.046204 185.541321 -52.645935 -242.616089,
 -415.503052 -655.404358 -645.675171 -411.094971 -109.865753 114.495300 142.822403 -636.008118 -683.045349 -317.056366 252.629120 648.170410 656.078674 300.333862 -712.630005 -341.796997 445.854004 1156.057983 1259.051270 758.552734 35.946289 -455.803986 290.168610 1186.443604 1611.174438 1186.443604 290.168610 -455.803986 35.946289 758.552734 1259.051270 1156.057983 445.854004 -341.796997 -712.630005 300.333862 656.078674 648.170410 252.629120 -317.056366 -683.045349 -636.008118 142.822403 114.495300 -109.865753 -411.094971 -645.675171 -655.404358 -415.503052,

Auto-correlations of the modulus of each oriented sub-band
 68.981148 77.469383 84.481850 86.454071 82.237663 74.011330 65.698891 85.805305 98.927383 109.837303 113.346497 107.627586 95.558426 82.658012 100.381546 118.123360 133.362167 138.917511 131.894394 115.970161 98.469803 105.720718 125.507004 143.227081 150.486359 143.227081 125.507004 105.720718 98.469803 115.970161 131.894394 138.917511 133.362167 118.123360 100.381546 82.658012 95.558426 107.627586 113.346497 109.837303 98.927383 85.805305 65.698891 74.011330 82.237663 86.454071 84.481850 77.469383 68.981148,
 94.772881 98.515793 99.210442 95.366646 86.954567 75.571121 63.507729 100.866928 113.475853 122.027451 121.804718 111.845871 95.400185 77.074631 103.104210 123.911377 140.553360 144.948608 134.217575 113.547333 90.124001 99.501404 124.309540 145.697327 154.636292 145.697327 124.309540 99.501404 90.124001 113.547333 134.217575 144.948608 140.553360 123.911377 103.104210 77.074631 95.400185 111.845871 121.804718 122.027451 113.475853 100.866928 63.507729 75.571121 86.954567 95.366646 99.210442 98.515793 94.772881,
 71.351883 89.585861 106.739243 114.490158 108.420715 92.952316 75.686722 78.404472 100.890114 122.590530 132.418396 123.878738 103.478600 81.594612 85.116203 111.198120 136.755508 148.459183 137.449875 112.599792 86.784462 88.384689 115.824547 142.713577 155.034988 142.713577 115.824547 88.384689 86.784462 112.599792 137.449875 148.459183 136.755508 111.198120 85.116203 81.594612 103.478600 123.878738 132.418396 122.590530 100.890114 78.404472 75.686722 92.952316 108.420715 114.490158 106.739243 89.585861 71.351883,
 72.537193 83.022797 92.688194 99.902802 102.773384 100.631836 95.372948 82.629684 98.615532 113.855042 123.616180 123.387985 113.500771 99.920670 91.831497 113.052933 133.542221 144.913422 140.076004 122.147629 101.285690 98.456268 122.044785 144.230057 153.931671 144.230057 122.044785 98.456268 101.285690 122.147629 140.076004 144.913422 133.542221 113.052933 91.831497 99.920670 113.500771 123.387985 123.616180 113.855042 98.615532 82.629684 95.372948 100.631836 102.773384 99.902802 92.688194 83.022797 72.537193,
 159.590088 171.075684 178.970383 182.609253 182.025223 178.885620 174.972168 211.513199 236.733276 256.871735 266.518677 262.823029 248.953064 230.809311 266.682312 308.952698 345.692200 362.921387 352.349915 321.031982 282.968872 298.439087 348.256226 392.115326 410.727417 392.115326 348.256226 298.439087 282.968872 321.031982 352.349915 362.921387 345.692200 308.952698 266.682312 230.809311 248.953064 262.823029 266.518677 256.871735 236.733276 211.513199 174.972168 178.885620 182.025223 182.609253 178.970383 171.075684 159.590088,
 234.895325 255.428986 244.762207 209.292313 168.866272 142.507080 133.469238 250.633667 302.042175 317.760071 286.143616 225.339905 170.369949 140.988098 234.465149 313.782806 372.297058 369.051056 303.830933 221.444489 162.310272 197.881180 279.632294 367.356415 408.097534 367.356415 279.632294 197.881180 162.310272 221.444489 303.830933 369.051056 372.297058 313.782806 234.465149 140.988098 170.369949 225.339905 286.143616 317.760071 302.042175 250.633667 133.469238 142.507080 168.866272 209.292313 244.762207 255.428986 234.895325,
 151.964874 212.393295 285.230896 326.250336 297.646667 222.749954 155.633636 158.750412 232.434586 321.930634 370.665161 330.701935 238.156693 158.455765 163.428238 249.011353 353.941223 409.510254 358.625549 251.335510 162.033615 164.443466 256.236023 368.640533 425.767944 368.640533 256.236023 164.443466 162.033615 251.335510 358.625549 409.510254 353.941223 249.011353 163.428238 158.455765 238.156693 330.701935 370.665161 321.930634 232.434586 158.750412 155.633636 222.749954 297.646667 326.250336 285.230896 212.393295 151.964874,
 135.078857 163.709946 209.116638 258.961426 293.403076 298.680359 276.898376 161.958038 209.732819 273.852295 332.458527 357.825073 339.630402 293.177795 201.279556 269.153870 348.340698 405.053406 405.458435 353.277771 282.341492 246.297180 325.495056 403.310364 437.922241 403.310364 325.495056 246.297180 282.341492 353.277771 405.458435 405.053406 348.340698 269.153870 201.279556 293.177795 339.630402 357.825073 332.458527 273.852295 209.732819 161.958038 276.898376 298.680359 293.403076 258.961426 209.116638 163.709946 135.078857,
 110.294136 120.080460 136.626740 160.439636 184.386292 199.867172 202.480011 162.192795 199.489487 240.316330 272.760193 282.536896 266.439758 234.545212 232.821472 317.020569 399.314667 445.139923 428.868866 361.551880 277.979675 286.759705 398.204651 499.967529 543.350464 499.967529 398.204651 286.759705 277.979675 361.551880 428.868866 445.139923 399.314667 317.020569 232.821472 234.545212 266.439758 282.536896 272.760193 240.316330 199.489487 162.192795 202.480011 199.867172 184.386292 160.439636 136.626740 120.080460 110.294136,
 113.132637 150.921310 167.839417 147.540253 120.007080 118.257645 136.171921 171.192917 238.678055 282.765900 252.496124 178.772003 126.368149 112.889542 188.414581 284.719269 382.423553 386.794373 287.128815 181.748566 122.936058 161.391052 255.098389 384.427795 455.297607 384.427795 255.098389 161.391052 122.936058 181.748566 287.128815 386.794373 382.423553 284.719269 188.414581 112.889542 126.368149 178.772003 252.496124 282.765900 238.678055 171.192917 136.171921 118.257645 120.007080 147.540253 167.839417 150.921310 113.132637,
 92.624954 149.211639 219.810013 248.304886 212.094009 165.338989 141.356262 100.955414 174.335709 282.415253 335.358032 277.788727 185.107071 127.839676 102.209816 194.499390 340.806244 419.685242 338.969086 200.376648 113.192741 104.339134 204.446152 365.418579 456.767059 365.418579 204.446152 104.339134 113.192741 200.376648 338.969086 419.685242 340.806244 194.499390 102.209816 127.839676 185.107071 277.788727 335.358032 282.415253 174.335709 100.955414 141.356262 165.338989 212.094009 248.304886 219.810013 149.211639 92.624954,
 64.420517 87.401474 120.488945 166.596802 207.605164 220.132431 198.904037 92.944763 129.408112 195.373291 272.820892 310.452698 283.378876 219.272156 138.518707 207.150406 319.809296 415.717041 413.565704 320.733093 219.451538 188.405365 290.073669 422.756897 490.583557 422.756897 290.073669 188.405365 219.451538 320.733093 413.565704 415.717041 319.809296 207.150406 138.518707 219.272156 283.378876 310.452698 272.820892 195.373291 129.408112 92.944763 198.904037 220.132431 207.605164 166.596802 120.488945 87.401474 64.420517,
 -29.423271 -26.230513 -15.349188 1.494060 18.494730 29.526953 33.681576 -9.953697 -0.210238 12.547949 22.813179 26.829000 24.949749 19.536671 10.498411 38.480667 65.850784 76.309776 63.690521 38.668961 15.250824 18.316998 55.990269 97.559212 117.132561 97.559212 55.990269 18.316998 15.250824 38.668961 63.690521 76.309776 65.850784 38.480667 10.498411 19.536671 24.949749 26.829000 22.813179 12.547949 -0.210238 -9.953697 33.681576 29.526953 18.494730 1.494060 -15.349188 -26.230513 -29.423271,
 -1.749999 10.645424 18.506508 23.640377 30.828697 30.278862 17.314430 12.528835 32.889500 51.230446 53.778053 50.092140 43.572712 27.825001 26.538029 52.540779 86.965698 95.834557 75.330353 53.680496 36.645039 36.512146 58.892490 96.442436 119.902122 96.442436 58.892490 36.512146 36.645039 53.680496 75.330353 95.834557 86.965698 52.540779 26.538029 27.825001 43.572712 50.092140 53.778053 51.230446 32.889500 12.528835 17.314430 30.278862 30.828697 23.640377 18.506508 10.645424 -1.749999,
 -12.201976 4.333220 20.926828 28.978352 22.851343 16.612553 17.070709 -7.408827 19.131271 53.592564 71.696503 51.577610 29.055553 20.730940 1.257343 32.572624 84.001213 116.383598 81.653877 38.726425 19.228050 11.520705 40.246296 96.066818 137.067108 96.066818 40.246296 11.520705 19.228050 38.726425 81.653877 116.383598 84.001213 32.572624 1.257343 20.730940 29.055553 51.577610 71.696503 53.592564 19.131271 -7.408827 17.070709 16.612553 22.851343 28.978352 20.926828 4.333220 -12.201976,
 -19.019234 -3.346920 9.768812 21.912502 34.015579 42.020855 47.450996 -7.781551 9.370686 32.484619 61.800720 78.280533 72.326904 61.401066 9.906338 35.380924 79.600128 124.244576 125.325134 89.792007 58.527645 36.091141 71.979813 127.202538 159.737167 127.202538 71.979813 36.091141 58.527645 89.792007 125.325134 124.244576 79.600128 35.380924 9.906338 61.401066 72.326904 78.280533 61.800720 32.484619 9.370686 -7.781551 47.450996 42.020855 34.015579 21.912502 9.768812 -3.346920 -19.019234,

Pairwise cross-correlations of the modulus of all oriented sub-bands at the same scale (size QxQ)
 150.486343 105.919189 61.979122 100.156815,
 105.919189 154.636307 104.705742 68.285309,
 61.979122 104.705742 155.035004 108.320602,
 100.156815 68.285309 108.320602 153.931671,
 410.727417 324.824127 290.159332 332.190369,
 324.824127 408.097534 324.594513 288.115509,
 290.159332 324.594513 425.767944 350.471985,
 332.190369 288.115509 350.471985 437.922333,
 543.350525 385.662109 319.126556 393.309753,
 385.662109 455.297607 335.174316 302.883179,
 319.126556 335.174316 456.767090 368.241974,
 393.309753 302.883179 368.241974 490.583527,
 117.132561 61.997433 69.244057 89.988258,
 61.997433 119.902130 83.351944 79.545265,
 69.244057 83.351944 137.067108 113.949600,
 89.988258 79.545265 113.949600 159.737152,

Cross-correlations of the modulus of all oriented sub-bands with all oriented sub-bands at the coarser scale (size QxQ)
 212.503754 176.798325 140.263870 175.323792,
 183.842468 218.241653 181.719604 152.941528,
 148.620056 176.038910 224.206558 187.021332,
 179.972260 146.339676 189.070145 225.022736,
 373.032227 291.325684 275.817749 322.775360,
 331.083221 302.684448 290.444763 281.798096,
 317.281830 286.484100 327.569794 313.027374,
 335.376587 281.047516 317.201172 343.570557,
 144.116577 118.093521 125.224594 165.569458,
 106.148247 96.967865 111.956932 137.588242,
 81.218262 86.889359 118.959900 154.841949,
 116.287300 112.295639 135.691650 177.075073,

Cross-correlations of the real part of each oriented sub-band with both the real and imaginary part of all phase-doubled oriented sub-bands at the next coarser scale (Q matrices of size 1x2Q, which are computed and stored in a matrix of size Qx2Q)
 82.770203 40.708141 4.471165 34.183765 -2.863809 0.487284 0.253646 -1.717272,
 39.505138 92.532257 39.562008 4.175577 -1.181695 2.932264 1.634665 -0.221074,
 4.499267 39.835205 94.740379 46.400131 -0.209480 1.519752 3.632599 -2.475148,
 34.401329 3.705449 45.400978 90.641861 -0.561709 -0.075895 1.401527 -4.375314,
 -165.708588 -66.250816 -6.146237 -60.200783 -3.553670 2.847245 -1.667389 -0.325374,
 -71.426720 -143.072372 -68.793793 -11.136569 3.702249 6.695237 10.701055 4.316986,
 -3.738334 -70.849747 -148.165802 -64.841850 0.003243 8.663767 13.141789 -17.349859,
 -62.684013 -11.372012 -64.674438 -127.977699 -4.770644 2.403658 -6.860327 -29.585960,
 -72.114151 -17.209824 0.126360 -24.643816 -17.416851 18.697147 3.171640 -2.103160,
 -31.487572 -46.803589 -9.925468 -3.398315 1.802585 30.220140 9.429131 -1.239347,
 -1.276146 -23.297443 -37.389694 -28.628576 -0.078154 5.387755 4.683646 -7.379731,
 -26.120670 -1.967007 -22.748928 -52.096283 -14.309831 0.559126 1.432802 -8.158033,
