Low-band skewness and kurtosis
 -2.060611 5.597586,
 -2.138567 6.453785,
 -1.451068 4.277238,
 -0.930962 3.302162,
 -0.862906 3.131240,

High-band variance
 164.978104,

Skewness, kurtosis, variance, mean, maximum and minimum of the reconstructed texture
 -2.046829 5.341208 7056.440430 219.251038 255.000000 0.000000,

Auto-correlations of the low-frequency bands at each scale
 2198.829834 2950.432617 3478.905518 3650.589844 3428.703857 2914.285645 2242.064697 2833.015137 3806.897217 4618.299316 4935.505859 4573.616699 3770.081787 2856.594238 3296.122314 4536.193848 5731.690918 6252.756348 5699.936035 4505.887207 3300.157471 3467.712891 4828.696777 6219.213867 6856.018555 6219.213867 4828.696777 3467.712891 3300.157471 4505.887207 5699.936035 6252.756348 5731.690918 4536.193848 3296.122314 2856.594238 3770.081787 4573.616699 4935.505859 4618.299316 3806.897217 2833.015137 2242.064697 2914.285645 3428.703857 3650.589844 3478.905518 2950.432617 2198.829834,
 362.343506 572.091064 949.039795 1065.184204 828.677979 640.286499 731.864502 295.705597 924.337463 2053.184326 2583.243164 1990.755493 1080.617554 731.542480 445.905914 1782.318848 3951.551514 5031.122070 3919.394287 1885.963867 709.890625 639.948425 2301.552490 4943.677246 6301.760742 4943.677246 2301.552490 639.948425 709.890625 1885.963867 3919.394287 5031.122070 3951.551514 1782.318848 445.905914 731.542480 1080.617554 1990.755493 2583.243164 2053.184326 924.337463 295.705597 731.864502 640.286499 828.677979 1065.184204 949.039795 572.091064 362.343506,
 368.880981 604.378357 661.482117 631.988892 642.806091 789.600647 845.140015 342.163086 262.902344 603.523804 948.720947 632.295532 333.029602 542.184204 508.175049 409.674927 1672.752563 2737.270752 1762.427124 442.721497 470.920715 577.939148 668.860413 2580.758301 4004.340088 2580.758301 668.860413 577.939148 470.920715 442.721497 1762.427124 2737.270752 1672.752563 409.674927 508.175049 542.184204 333.029602 632.295532 948.720947 603.523804 262.902344 342.163086 845.140015 789.600647 642.806091 631.988892 661.482117 604.378357 368.880981,
 27.432129 105.331436 222.247208 403.181519 491.916016 540.056091 554.254822 153.488861 195.391174 428.256042 692.887939 667.510559 633.001526 649.793701 351.511353 434.783936 883.085083 1295.066772 1047.446289 744.388672 685.145630 588.075317 720.661377 1251.549316 1688.810791 1251.549316 720.661377 588.075317 685.145630 744.388672 1047.446289 1295.066772 883.085083 434.783936 351.511353 649.793701 633.001526 667.510559 692.887939 428.256042 195.391174 153.488861 554.254822 540.056091 491.916016 403.181519 222.247208 105.331436 27.432129,
 -459.020203 -552.655273 -463.655701 -284.238525 -125.190842 -27.462311 -47.023666 -367.583374 -359.490082 -127.062393 167.357880 321.002747 297.298492 124.462097 -185.026993 25.500366 438.260803 772.518677 738.597107 435.770081 103.059464 -17.409012 347.365143 831.876892 1080.195312 831.876892 347.365143 -17.409012 103.059464 435.770081 738.597107 772.518677 438.260803 25.500366 -185.026993 124.462097 297.298492 321.002747 167.357880 -127.062393 -359.490082 -367.583374 -47.023666 -27.462311 -125.190842 -284.238525 -463.655701 -552.655273 -459.020203,

Auto-correlations of the modulus of each oriented sub-band
 69.666092 79.024551 87.646973 91.327133 88.149094 80.118546 71.690491 93.940689 107.821251 120.470108 125.842896 121.055466 108.783653 95.293945 117.117363 135.921326 152.928101 160.013962 153.284882 136.452942 117.779686 127.332047 148.527145 167.791489 175.746399 167.791489 148.527145 127.332047 117.779686 136.452942 153.284882 160.013962 152.928101 135.921326 117.117363 95.293945 108.783653 121.055466 125.842896 120.470108 107.821251 93.940689 71.690491 80.118546 88.149094 91.327133 87.646973 79.024551 69.666092,
 97.358894 103.871559 105.273148 99.603928 87.635376 72.747063 58.851860 102.315750 120.052727 131.812302 131.148911 117.109741 94.905388 71.859238 102.507751 130.264587 152.474640 158.109497 143.501984 115.802307 85.503204 96.629066 129.062042 157.400146 169.221649 157.400146 129.062042 96.629066 85.503204 115.802307 143.501984 158.109497 152.474640 130.264587 102.507751 71.859238 94.905388 117.109741 131.148911 131.812302 120.052727 102.315750 58.851860 72.747063 87.635376 99.603928 105.273148 103.871559 97.358894,
 63.107895 89.001045 112.276199 121.220634 110.042984 86.196739 62.217224 70.948372 101.449440 129.894073 141.560867 128.065002 98.879387 69.314537 78.260170 112.873482 146.036880 160.458771 144.966599 111.295113 77.010033 80.814453 117.028687 152.315735 168.321350 152.315735 117.028687 80.814453 77.010033 111.295113 144.966599 160.458771 146.036880 112.873482 78.260170 69.314537 98.879387 128.065002 141.560867 129.894073 101.449440 70.948372 62.217224 86.196739 110.042984 121.220634 112.276199 89.001045 63.107895,
 61.494392 77.552307 93.111496 105.778030 113.431900 115.380081 112.825035 77.099289 101.508049 124.434837 139.706345 142.381073 133.027710 117.659317 93.531815 124.854378 153.622086 169.625549 165.038315 143.477966 116.230576 107.654907 140.725449 169.844208 182.145691 169.844208 140.725449 107.654907 116.230576 143.477966 165.038315 169.625549 153.622086 124.854378 93.531815 117.659317 133.027710 142.381073 139.706345 124.434837 101.508049 77.099289 112.825035 115.380081 113.431900 105.778030 93.111496 77.552307 61.494392,
 159.595566 178.090271 197.050720 211.337845 218.720367 220.042389 215.457535 245.637054 279.307953 308.975616 324.681702 321.853424 305.263641 281.820892 342.173767 398.779205 446.559357 466.901917 450.538483 408.069550 356.559326 388.312378 456.041534 513.671509 537.597656 513.671509 456.041534 388.312378 356.559326 408.069550 450.538483 466.901917 446.559357 398.779205 342.173767 281.820892 305.263641 321.853424 324.681702 308.975616 279.307953 245.637054 215.457535 220.042389 218.720367 211.337845 197.050720 178.090271 159.595566,
 240.294434 271.915833 271.601685 245.627274 213.932098 191.815369 178.514404 273.409698 334.728821 359.301758 332.120117 273.493835 218.236084 183.827332 272.060272 361.517059 429.364746 429.357880 360.672180 271.605011 203.765778 240.145279 333.047638 430.357025 475.436127 430.357025 333.047638 240.145279 203.765778 271.605011 360.672180 429.357880 429.364746 361.517059 272.060272 183.827332 218.236084 273.493835 332.120117 359.301758 334.728821 273.409698 178.514404 191.815369 213.932098 245.627274 271.601685 271.915833 240.294434,
 131.895523 217.091370 317.592621 356.281006 302.116486 211.416321 148.164322 144.713318 242.056747 364.998016 417.761414 350.688873 235.498764 155.262207 154.596069 260.950745 403.573853 471.949371 394.406799 256.113647 159.296387 159.510895 266.517944 416.254120 495.248535 416.254120 266.517944 159.510895 159.296387 256.113647 394.406799 471.949371 403.573853 260.950745 154.596069 155.262207 235.498764 350.688873 417.761414 364.998016 242.056747 144.713318 148.164322 211.416321 302.116486 356.281006 317.592621 217.091370 131.895523,
 94.514755 128.524200 187.533295 260.355499 322.162079 344.997101 318.011963 122.810852 187.081970 280.221313 374.139557 427.159912 412.131836 341.342804 178.662109 279.642578 401.055542 493.434692 504.334961 429.687073 317.531311 253.121918 376.781647 495.941528 548.495483 495.941528 376.781647 253.121918 317.531311 429.687073 504.334961 493.434692 401.055542 279.642578 178.662109 341.342804 412.131836 427.159912 374.139557 280.221313 187.081970 122.810852 318.011963 344.997101 322.162079 260.355499 187.533295 128.524200 94.514755,
 183.590118 214.435364 231.183044 228.669373 216.910400 204.794861 189.642181 238.097626 282.438019 319.973969 330.629974 312.410187 280.619843 247.491608 293.359619 381.288025 470.700562 506.102203 463.213135 377.924011 299.301270 321.454712 434.836029 560.476440 619.811035 560.476440 434.836029 321.454712 299.301270 377.924011 463.213135 506.102203 470.700562 381.288025 293.359619 247.491608 280.619843 312.410187 330.629974 319.973969 282.438019 238.097626 189.642181 204.794861 216.910400 228.669373 231.183044 214.435364 183.590118,
 118.914574 154.989578 180.657944 176.713974 144.884811 112.471207 98.679497 154.121002 220.335251 270.561798 257.322937 195.368134 135.136429 100.584320 180.546753 283.324677 388.666199 398.927155 299.679504 190.764191 123.693596 162.043869 264.469543 405.983734 485.294861 405.983734 264.469543 162.043869 123.693596 190.764191 299.679504 398.927155 388.666199 283.324677 180.546753 100.584320 135.136429 195.368134 257.322937 270.561798 220.335251 154.121002 98.679497 112.471207 144.884811 176.713974 180.657944 154.989578 118.914574,
 150.032913 179.193024 239.356323 287.674316 271.627991 215.755280 152.827072 170.855240 219.246277 315.743622 385.746124 343.903168 248.765808 169.962326 178.936584 251.300156 387.872284 480.888977 404.407196 267.336151 177.238617 179.688644 268.661713 424.385468 524.228760 424.385468 268.661713 179.688644 177.238617 267.336151 404.407196 480.888977 387.872284 251.300156 178.936584 169.962326 248.765808 343.903168 385.746124 315.743622 219.246277 170.855240 152.827072 215.755280 271.627991 287.674316 239.356323 179.193024 150.032913,
 198.905243 236.566513 253.083969 253.168533 253.061722 247.517349 226.201080 226.405457 255.355331 284.740753 323.830719 341.709198 307.542450 252.410004 236.853470 276.060150 354.531158 439.939789 430.840546 336.389435 254.922318 244.651947 314.479767 434.179718 508.076172 434.179718 314.479767 244.651947 254.922318 336.389435 430.840546 439.939789 354.531158 276.060150 236.853470 252.410004 307.542450 341.709198 323.830719 284.740753 255.355331 226.405457 226.201080 247.517349 253.061722 253.168533 253.083969 236.566513 198.905243,
 11.799214 6.093292 5.076785 8.973820 14.768289 16.940048 13.781154 28.615337 28.200401 30.927202 34.127914 33.702560 29.675968 24.008717 32.503666 50.808952 75.069023 86.879578 73.911919 48.467499 28.820354 31.002502 61.159264 102.135765 123.889130 102.135765 61.159264 31.002502 28.820354 48.467499 73.911919 86.879578 75.069023 50.808952 32.503666 24.008717 29.675968 33.702560 34.127914 30.927202 28.200401 28.615337 13.781154 16.940048 14.768289 8.973820 5.076785 6.093292 11.799214,
 14.890031 22.852760 13.887171 -4.563022 -13.920012 -7.224213 3.255731 9.133001 34.135246 43.589954 24.754683 0.596943 -4.374030 6.378407 1.397969 34.723587 75.656158 74.780014 34.166439 3.525007 0.835074 -2.663944 19.925238 71.940605 105.012268 71.940605 19.925238 -2.663944 0.835074 3.525007 34.166439 74.780014 75.656158 34.723587 1.397969 6.378407 -4.374030 0.596943 24.754683 43.589954 34.135246 9.133001 3.255731 -7.224213 -13.920012 -4.563022 13.887171 22.852760 14.890031,
 -5.425172 4.624334 13.154807 20.181164 18.277969 10.512344 2.854146 -2.755266 14.088135 31.868269 43.190712 33.527515 15.353794 0.815678 -0.317792 25.683920 57.713116 76.100876 55.439358 22.213732 -1.965249 -1.244589 28.639015 69.203476 93.940079 69.203476 28.639015 -1.244589 -1.965249 22.213732 55.439358 76.100876 57.713116 25.683920 -0.317792 0.815678 15.353794 33.527515 43.190712 31.868269 14.088135 -2.755266 2.854146 10.512344 18.277969 20.181164 13.154807 4.624334 -5.425172,
 -8.163363 -0.522573 8.225420 15.947350 25.684401 20.924456 8.955135 2.486699 13.573397 19.745640 33.962017 42.868816 29.506792 18.045151 11.128717 20.794024 34.475956 63.254379 62.015163 36.147972 22.626974 17.960012 29.342678 58.144924 84.265678 58.144924 29.342678 17.960012 22.626974 36.147972 62.015163 63.254379 34.475956 20.794024 11.128717 18.045151 29.506792 42.868816 33.962017 19.745640 13.573397 2.486699 8.955135 20.924456 25.684401 15.947350 8.225420 -0.522573 -8.163363,

Pairwise cross-correlations of the modulus of all oriented sub-bands at the same scale (size QxQ)
 175.746429 109.531448 58.934990 117.237076,
 109.531448 169.221664 110.052475 64.806847,
 58.934990 110.052475 168.321381 111.802032,
 117.237076 64.806847 111.802032 182.145737,
 537.597656 396.097900 349.717682 437.024139,
 396.097900 475.436096 379.627655 354.247742,
 349.717682 379.627655 495.248627 395.516479,
 437.024139 354.247742 395.516479 548.495544,
 619.811157 311.534454 287.093994 427.926880,
 311.534454 485.294891 360.808594 258.630676,
 287.093994 360.808594 524.228760 303.544556,
 427.926880 258.630676 303.544556 508.076263,
 123.889137 69.944366 35.008347 46.524963,
 69.944366 105.012276 41.867371 19.202803,
 35.008347 41.867371 93.940094 33.956810,
 46.524963 19.202803 33.956810 84.265671,

Cross-correlations of the modulus of all oriented sub-bands with all oriented sub-bands at the coarser scale (size QxQ)
 262.945770 194.761826 152.015091 214.494659,
 212.982117 242.862106 203.617432 170.597107,
 163.963989 193.837189 243.309357 208.005066,
 219.556183 162.702850 201.627640 270.254395,
 394.745605 365.562622 342.871765 349.716187,
 348.711517 375.668335 351.655365 280.000580,
 319.274445 324.074646 344.993774 306.178284,
 367.212158 355.756683 367.392090 344.151733,
 125.532326 86.542854 105.615753 102.902710,
 79.912521 80.291466 53.461990 68.580719,
 75.236900 40.988342 36.385231 83.617050,
 125.432892 80.409706 106.148949 100.639801,

Cross-correlations of the real part of each oriented sub-band with both the real and imaginary part of all phase-doubled oriented sub-bands at the next coarser scale (Q matrices of size 1x2Q, which are computed and stored in a matrix of size Qx2Q)
 120.271347 44.986740 3.870720 58.507149 -7.740392 1.745922 -0.197164 1.987460,
 43.936275 106.382713 44.567215 5.117156 -1.620658 4.078368 -0.794281 1.007324,
 4.422596 48.857639 107.133247 50.303219 0.200815 0.724651 -2.773767 -2.047850,
 61.503426 4.728656 49.007893 122.960426 -4.198599 -0.348314 -1.168747 -2.421233,
 -195.404190 -76.418404 -10.058584 -64.250595 -13.804041 -5.501017 -3.050276 9.499775,
 -84.581764 -187.694672 -83.110558 -12.258522 4.880902 -13.139313 -4.766813 0.642733,
 -14.352521 -94.437195 -168.574661 -69.098625 1.080172 -5.047420 -6.213219 -0.670034,
 -93.011673 -12.223148 -75.647034 -136.422699 -14.991606 -0.120471 -5.586898 5.903110,
 -28.493240 -25.399170 -1.945627 -1.189351 5.285765 -1.042908 -1.265258 -11.101331,
 -23.946373 -52.494118 -33.078217 -1.827714 -0.636240 -12.863022 -7.756454 -1.521384,
 -7.138682 -28.802097 -58.795284 -8.577614 -0.422378 -12.433783 -13.355594 -11.317487,
 -13.068118 -4.110726 -15.752709 -8.673241 -0.203324 -2.116371 -7.130287 -25.684158,
