Low-band skewness and kurtosis
 -2.116551 5.828882,
 -2.180009 6.600154,
 -1.578566 4.774870,
 -1.156232 3.829638,
 -0.705601 2.496712,

High-band variance
 157.820847,

Skewness, kurtosis, variance, mean, maximum and minimum of the reconstructed texture
 -2.102893 5.573499 6880.325684 220.423645 255.000000 0.000000,

Auto-correlations of the low-frequency bands at each scale
 2361.595703 3042.473633 3511.313232 3660.677246 3460.533447 2990.725098 2357.523438 2956.933594 3854.870361 4595.711426 4882.697754 4550.667480 3812.223877 2960.970703 3388.528320 4536.687988 5640.508301 6121.607422 5612.356934 4509.312012 3388.612305 3547.595459 4811.356445 6099.206543 6688.555176 6099.206543 4811.356445 3547.595459 3388.612305 4509.312012 5612.356934 6121.607422 5640.508301 4536.687988 3388.528320 2960.970703 3812.223877 4550.667480 4882.697754 4595.711426 3854.870361 2956.933594 2357.523438 2990.725098 3460.533447 3660.677246 3511.313232 3042.473633 2361.595703,
 607.549927 771.503357 997.335205 1088.205322 960.520508 768.809143 654.442017 563.716736 1181.145142 2152.987793 2618.947510 2098.876465 1197.742310 704.484436 725.239502 1993.533203 3976.808105 4971.213867 3951.747559 2038.825195 880.064941 919.098633 2472.250977 4918.470703 6174.896484 4918.470703 2472.250977 919.098633 880.064941 2038.825195 3951.747559 4971.213867 3976.808105 1993.533203 725.239502 704.484436 1197.742310 2098.876465 2618.947510 2152.987793 1181.145142 563.716736 654.442017 768.809143 960.520508 1088.205322 997.335205 771.503357 607.549927,
 811.328735 776.840454 642.250488 697.242432 786.712646 860.923462 916.903687 500.241516 426.070038 659.663818 984.435852 754.583618 487.569244 649.788635 439.906799 525.206604 1786.479492 2773.517090 1821.784668 516.458191 447.317688 498.216919 764.493896 2697.130859 4077.889160 2697.130859 764.493896 498.216919 447.317688 516.458191 1821.784668 2773.517090 1786.479492 525.206604 439.906799 649.788635 487.569244 754.583618 984.435852 659.663818 426.070038 500.241516 916.903687 860.923462 786.712646 697.242432 642.250488 776.840454 811.328735,
 455.936035 662.894348 654.268555 524.133362 461.254181 347.674194 180.331070 485.754364 569.695557 671.835449 708.349426 602.356934 450.671753 328.391327 451.353241 478.253662 968.136230 1374.193848 1050.395508 555.995239 414.649628 433.347626 547.504517 1290.960938 1836.889160 1290.960938 547.504517 433.347626 414.649628 555.995239 1050.395508 1374.193848 968.136230 478.253662 451.353241 328.391327 450.671753 602.356934 708.349426 671.835449 569.695557 485.754364 180.331070 347.674194 461.254181 524.133362 654.268555 662.894348 455.936035,
 -485.919006 -244.747070 -14.369804 73.363525 -49.141304 -266.554504 -477.309753 -274.712219 30.436317 316.549774 394.951355 191.694305 -96.066032 -322.201721 -89.957001 301.108124 711.946838 853.827332 570.394958 144.247955 -165.644897 -58.698441 340.595398 834.470581 1087.907715 834.470581 340.595398 -58.698441 -165.644897 144.247955 570.394958 853.827332 711.946838 301.108124 -89.957001 -322.201721 -96.066032 191.694305 394.951355 316.549774 30.436317 -274.712219 -477.309753 -266.554504 -49.141304 73.363525 -14.369804 -244.747070 -485.919006,

Auto-correlations of the modulus of each oriented sub-band
 64.274490 72.817879 80.761070 84.142654 81.250740 74.004204 66.405197 86.570244 99.873970 112.092545 117.301094 112.874741 101.532646 89.176506 108.164024 126.244560 142.799500 149.756546 143.397888 127.464516 109.975685 118.167923 138.376495 156.974731 164.686783 156.974731 138.376495 118.167923 109.975685 127.464516 143.397888 149.756546 142.799500 126.244560 108.164024 89.176506 101.532646 112.874741 117.301094 112.092545 99.873970 86.570244 66.405197 74.004204 81.250740 84.142654 80.761070 72.817879 64.274490,
 96.255264 100.448593 100.181511 94.469666 83.973152 70.948883 58.020920 100.158310 115.555595 125.419388 124.251968 111.404984 91.418999 70.426376 99.948547 125.439819 145.841080 150.792969 136.981339 111.332977 83.522064 94.190781 124.248779 150.836334 162.033447 150.836334 124.248779 94.190781 83.522064 111.332977 136.981339 150.792969 145.841080 125.439819 99.948547 70.426376 91.418999 111.404984 124.251968 125.419388 115.555595 100.158310 58.020920 70.948883 83.973152 94.469666 100.181511 100.448593 96.255264,
 63.375828 84.110924 103.832321 112.365601 104.149277 85.704903 66.911552 71.131683 96.362381 121.007393 132.055893 121.385612 97.656418 73.856903 78.878349 107.801926 136.655258 150.000153 136.927444 108.538864 80.371162 82.601662 112.741913 143.151123 157.409119 143.151123 112.741913 82.601662 80.371162 108.538864 136.927444 150.000153 136.655258 107.801926 78.878349 73.856903 97.656418 121.385612 132.055893 121.007393 96.362381 71.131683 66.911552 85.704903 104.149277 112.365601 103.832321 84.110924 63.375828,
 64.987862 79.916702 94.136749 104.910797 110.223648 109.908463 105.499474 79.992882 102.574478 123.391113 136.429199 137.456635 127.243149 111.434044 94.835991 123.916908 150.171570 164.163696 159.221069 138.482651 112.226173 106.426041 137.506317 164.547913 175.797089 164.547913 137.506317 106.426041 112.226173 138.482651 159.221069 164.163696 150.171570 123.916908 94.835991 111.434044 127.243149 137.456635 136.429199 123.391113 102.574478 79.992882 105.499474 109.908463 110.223648 104.910797 94.136749 79.916702 64.987862,
 188.502518 195.006836 198.023071 195.668518 187.828888 176.640778 164.281509 250.001160 271.794342 288.211761 291.855591 279.249359 254.859604 225.902710 324.445099 369.588226 407.561432 421.895996 402.956879 360.394989 310.332306 356.810486 416.358765 467.968781 489.826660 467.968781 416.358765 356.810486 310.332306 360.394989 402.956879 421.895996 407.561432 369.588226 324.445099 225.902710 254.859604 279.249359 291.855591 288.211761 271.794342 250.001160 164.281509 176.640778 187.828888 195.668518 198.023071 195.006836 188.502518,
 254.230316 287.490875 285.313019 250.365204 203.333099 164.098694 139.813202 273.453217 339.706421 366.498169 336.060577 266.870239 196.590149 149.212448 261.194824 358.196960 430.708130 431.006195 356.282349 256.245850 176.747238 220.896072 323.491699 428.240784 476.215027 428.240784 323.491699 220.896072 176.747238 256.245850 356.282349 431.006195 430.708130 358.196960 261.194824 149.212448 196.590149 266.870239 336.060577 366.498169 339.706421 273.453217 139.813202 164.098694 203.333099 250.365204 285.313019 287.490875 254.230316,
 165.716690 232.188751 305.216095 342.146484 312.874115 242.082184 175.302414 169.131042 253.683670 350.928436 399.165222 355.662872 260.475739 177.123474 174.017120 273.074829 391.661987 450.865845 393.873535 276.781128 179.048462 178.171509 282.365356 409.340759 473.236664 409.340759 282.365356 178.171509 179.048462 276.781128 393.873535 450.865845 391.661987 273.074829 174.017120 177.123474 260.475739 355.662872 399.165222 350.928436 253.683670 169.131042 175.302414 242.082184 312.874115 342.146484 305.216095 232.188751 165.716690,
 127.609100 158.510696 212.541870 274.381653 317.351196 322.372131 290.178375 151.947784 207.367325 288.423767 364.232666 395.521790 368.800415 305.080719 195.534561 278.727173 381.499878 455.387817 453.558838 383.207886 291.115509 249.132141 349.031158 450.961487 497.080139 450.961487 349.031158 249.132141 291.115509 383.207886 453.558838 455.387817 381.499878 278.727173 195.534561 305.080719 368.800415 395.521790 364.232666 288.423767 207.367325 151.947784 290.178375 322.372131 317.351196 274.381653 212.541870 158.510696 127.609100,
 157.781342 178.057770 197.071487 212.462006 219.586624 214.252716 197.292145 173.520020 209.610565 249.365997 275.341858 274.602448 249.864288 215.960541 229.770966 304.017822 385.510071 426.470123 398.507324 324.200928 247.826019 269.608032 371.635315 480.663574 530.741333 480.663574 371.635315 269.608032 247.826019 324.200928 398.507324 426.470123 385.510071 304.017822 229.770966 215.960541 249.864288 274.602448 275.341858 249.365997 209.610565 173.520020 197.292145 214.252716 219.586624 212.462006 197.071487 178.057770 157.781342,
 181.732910 211.850037 218.139145 204.113632 191.830765 189.405457 184.103455 184.628952 263.334106 311.978027 284.610626 221.320435 181.138565 168.479965 183.452301 296.495728 419.770508 427.186218 315.717346 205.342178 157.692993 168.860565 265.522827 423.549652 512.848206 423.549652 265.522827 168.860565 157.692993 205.342178 315.717346 427.186218 419.770508 296.495728 183.452301 168.479965 181.138565 221.320435 284.610626 311.978027 263.334106 184.628952 184.103455 189.405457 191.830765 204.113632 218.139145 211.850037 181.732910,
 195.763336 229.192154 270.719666 281.780731 249.962219 208.363632 186.487701 205.366333 246.932388 330.531311 376.950470 320.785461 234.638351 200.726807 210.371109 261.324677 390.039124 474.412842 387.917542 256.255585 209.244308 211.986374 266.027252 416.291565 518.299072 416.291565 266.027252 211.986374 209.244308 256.255585 387.917542 474.412842 390.039124 261.324677 210.371109 200.726807 234.638351 320.785461 376.950470 330.531311 246.932388 205.366333 186.487701 208.363632 249.962219 281.780731 270.719666 229.192154 195.763336,
 137.291367 123.836517 142.999069 179.410309 208.419601 208.412262 172.348862 139.749985 146.406754 205.487976 289.427094 324.088806 275.536804 190.571579 145.645050 192.676697 318.120636 441.259796 429.197906 300.133850 180.248444 158.160614 258.828613 426.561584 521.931458 426.561584 258.828613 158.160614 180.248444 300.133850 429.197906 441.259796 318.120636 192.676697 145.645050 190.571579 275.536804 324.088806 289.427094 205.487976 146.406754 139.749985 172.348862 208.412262 208.419601 179.410309 142.999069 123.836517 137.291367,
 7.832932 12.776402 13.074457 11.227104 10.205109 11.097013 11.789368 9.457563 22.585854 35.458702 43.661476 44.682541 39.990719 31.550402 28.114914 57.975933 89.606735 107.235260 98.850266 72.253860 43.982208 44.231976 86.673546 131.465515 152.525284 131.465515 86.673546 44.231976 43.982208 72.253860 98.850266 107.235260 89.606735 57.975933 28.114914 31.550402 39.990719 44.682541 43.661476 35.458702 22.585854 9.457563 11.789368 11.097013 10.205109 11.227104 13.074457 12.776402 7.832932,
 10.288412 30.351791 42.067444 37.946537 32.102448 29.769714 23.246401 35.009888 63.957649 87.959267 83.836929 63.007195 46.895325 34.474426 58.693424 94.790634 136.890198 145.142761 111.798615 76.583878 52.047039 65.986320 100.848572 149.652222 178.948715 149.652222 100.848572 65.986320 52.047039 76.583878 111.798615 145.142761 136.890198 94.790634 58.693424 34.474426 46.895325 63.007195 83.836929 87.959267 63.957649 35.009888 23.246401 29.769714 32.102448 37.946537 42.067444 30.351791 10.288412,
 26.092676 40.488327 45.912533 38.243031 29.373241 23.176249 15.496962 29.881001 52.975857 70.705429 68.604279 44.061962 24.097874 15.524226 26.721340 54.186050 87.860062 102.128296 67.357239 32.169624 16.648319 20.782421 44.894123 86.488297 117.827682 86.488297 44.894123 20.782421 16.648319 32.169624 67.357239 102.128296 87.860062 54.186050 26.721340 15.524226 24.097874 44.061962 68.604279 70.705429 52.975857 29.881001 15.496962 23.176249 29.373241 38.243031 45.912533 40.488327 26.092676,
 21.911934 37.455330 43.884338 46.615082 46.069534 35.592880 20.768677 34.818340 48.488068 56.479427 64.978928 63.830677 46.296562 28.305887 41.825104 55.605618 75.468842 96.906540 91.294754 61.768284 39.342216 43.404072 63.402405 97.788559 119.282471 97.788559 63.402405 43.404072 39.342216 61.768284 91.294754 96.906540 75.468842 55.605618 41.825104 28.305887 46.296562 63.830677 64.978928 56.479427 48.488068 34.818340 20.768677 35.592880 46.069534 46.615082 43.884338 37.455330 21.911934,

Pairwise cross-correlations of the modulus of all oriented sub-bands at the same scale (size QxQ)
 164.686813 103.525040 57.272034 114.593575,
 103.525040 162.033463 104.138771 63.823330,
 57.272034 104.138771 157.409134 107.760399,
 114.593575 63.823330 107.760399 175.797119,
 489.826630 374.598816 331.821411 390.401520,
 374.598816 476.215057 379.436279 337.098328,
 331.821411 379.436279 473.236725 392.506989,
 390.401520 337.098328 392.506989 497.080170,
 530.741333 387.224487 358.282867 397.610596,
 387.224487 512.848267 384.846313 310.068268,
 358.282867 384.846313 518.299072 359.429504,
 397.610596 310.068268 359.429504 521.931519,
 152.525299 105.781021 61.731049 72.289185,
 105.781021 178.948730 93.488800 77.538902,
 61.731049 93.488800 117.827690 76.819870,
 72.289185 77.538902 76.819870 119.282471,

Cross-correlations of the modulus of all oriented sub-bands with all oriented sub-bands at the coarser scale (size QxQ)
 243.616531 188.683624 155.682205 201.222870,
 199.331360 237.646103 195.291016 163.365555,
 150.272400 188.428452 232.887100 199.785370,
 206.058304 158.509735 200.378220 255.907333,
 381.717468 339.902069 309.323578 333.508789,
 355.274597 372.597992 340.537476 295.874115,
 321.990356 351.011200 371.182098 336.380402,
 358.874969 319.008636 352.563904 370.066895,
 145.700775 170.557556 134.745117 130.286652,
 134.916214 160.155273 114.219177 123.339676,
 123.541580 162.310547 112.913284 122.379517,
 131.641937 188.663239 128.082520 124.664772,

Cross-correlations of the real part of each oriented sub-band with both the real and imaginary part of all phase-doubled oriented sub-bands at the next coarser scale (Q matrices of size 1x2Q, which are computed and stored in a matrix of size Qx2Q)
 99.842377 40.007187 3.778475 52.124809 -0.502531 -1.994609 -0.227606 -3.278301,
 39.785172 93.305893 39.630146 2.972497 -1.875411 -0.001733 1.115774 0.189216,
 4.667997 40.569336 90.181343 39.748779 1.189373 0.035990 2.149931 1.451819,
 50.540707 3.618335 39.584866 107.947731 5.210069 -0.436353 0.587540 -1.700914,
 -164.929626 -70.271736 -8.220670 -85.505684 10.190083 -13.042395 -1.350688 -0.846297,
 -70.230713 -155.825516 -75.468628 -10.050276 -9.008184 -25.444529 2.579755 -1.382312,
 -7.444588 -79.092331 -142.308868 -59.410484 -1.967884 -1.193499 3.100090 -16.247433,
 -82.206070 -10.881232 -51.490730 -162.730118 7.374949 2.457073 -1.734260 -21.428619,
 -103.375153 -45.673527 -4.210460 -48.520557 -5.935420 -48.437035 1.144349 -11.914232,
 -60.293800 -62.294052 -3.413218 -3.250416 -32.100952 -66.616112 6.052292 -1.140941,
 -1.160319 -14.121056 -23.819813 -48.791641 -4.644660 -13.259352 3.891592 -0.551802,
 -31.651102 -3.695502 -26.111185 -112.683281 13.817020 -4.336192 -1.675684 -12.779461,
