Low-band skewness and kurtosis
 -2.121144 5.851017,
 -2.192083 6.675040,
 -1.513012 4.414500,
 -1.028624 3.248754,
 -0.767658 2.409597,

High-band variance
 161.727249,

Skewness, kurtosis, variance, mean, maximum and minimum of the reconstructed texture
 -2.107306 5.590548 6874.036133 220.511780 255.000000 0.000000,

Auto-correlations of the low-frequency bands at each scale
 2399.620850 3046.962158 3508.180908 3656.948975 3437.321045 2930.456787 2273.820068 2980.361328 3849.489014 4587.187012 4871.797363 4509.939941 3726.855713 2849.438477 3385.846680 4515.738281 5626.460938 6110.209473 5572.412109 4431.508789 3295.949707 3502.132812 4762.545898 6072.082031 6677.147461 6072.082031 4762.545898 3502.132812 3295.949707 4431.508789 5572.412109 6110.209473 5626.460938 4515.738281 3385.846680 2849.438477 3726.855713 4509.939941 4871.797363 4587.187012 3849.489014 2980.361328 2273.820068 2930.456787 3437.321045 3656.948975 3508.180908 3046.962158 2399.620850,
 750.851807 807.989014 994.568909 1116.990723 1041.380127 894.204590 852.687622 735.617798 1250.713257 2180.709473 2635.938477 2083.868164 1153.725220 716.619751 899.013184 2065.649170 3992.498291 4951.040039 3874.113037 1921.267944 814.145996 969.335693 2445.963135 4877.245117 6141.281250 4877.245117 2445.963135 969.335693 814.145996 1921.267944 3874.113037 4951.040039 3992.498291 2065.649170 899.013184 716.619751 1153.725220 2083.868164 2635.938477 2180.709473 1250.713257 735.617798 852.687622 894.204590 1041.380127 1116.990723 994.568909 807.989014 750.851807,
 850.321411 704.095154 583.817261 591.738037 721.401245 925.074158 948.767944 916.333130 703.427307 766.718872 951.307190 774.097168 683.216003 871.139771 776.941467 808.310608 1872.052368 2732.235107 1855.406372 770.480408 796.163269 734.889465 955.216125 2689.693359 3980.133789 2689.693359 955.216125 734.889465 796.163269 770.480408 1855.406372 2732.235107 1872.052368 808.310608 776.941467 871.139771 683.216003 774.097168 951.307190 766.718872 703.427307 916.333130 948.767944 925.074158 721.401245 591.738037 583.817261 704.095154 850.321411,
 56.747681 185.522720 285.873322 425.205383 582.687622 689.576111 677.820190 354.877045 427.985992 532.815491 718.802612 784.084290 790.325928 786.345703 502.105255 674.025757 1078.206909 1411.232666 1148.241089 729.525269 577.233398 476.590790 752.680481 1429.886108 1888.448486 1429.886108 752.680481 476.590790 577.233398 729.525269 1148.241089 1411.232666 1078.206909 674.025757 502.105255 786.345703 790.325928 784.084290 718.802612 532.815491 427.985992 354.877045 677.820190 689.576111 582.687622 425.205383 285.873322 185.522720 56.747681,
 -341.040131 -539.875793 -551.361206 -448.380066 -324.925415 -176.590576 -55.305634 -336.381409 -371.370728 -118.657257 171.581039 280.438446 249.169128 140.112305 -228.217346 -24.283508 504.090546 908.353210 839.108887 486.320190 157.650330 -21.667183 350.187256 939.407288 1251.307251 939.407288 350.187256 -21.667183 157.650330 486.320190 839.108887 908.353210 504.090546 -24.283508 -228.217346 140.112305 249.169128 280.438446 171.581039 -118.657257 -371.370728 -336.381409 -55.305634 -176.590576 -324.925415 -448.380066 -551.361206 -539.875793 -341.040131,

Auto-correlations of the modulus of each oriented sub-band
 80.722961 89.502899 97.740120 101.166565 97.753197 89.274826 79.830597 103.686310 117.544632 130.178238 135.234650 129.809006 116.677475 102.064972 124.628906 143.834946 161.334518 168.445190 161.097610 143.276657 123.586029 133.120895 155.056793 175.172394 183.500092 175.172394 155.056793 133.120895 123.586029 143.276657 161.097610 168.445190 161.334518 143.834946 124.628906 102.064972 116.677475 129.809006 135.234650 130.178238 117.544632 103.686310 79.830597 89.274826 97.753197 101.166565 97.740120 89.502899 80.722961,
 101.626846 107.032516 108.487381 103.984161 94.004837 81.126907 68.198853 107.362762 123.439560 134.517731 134.274658 121.885681 102.106277 81.156281 108.960571 134.710220 155.751526 161.253830 147.659088 122.111496 94.302887 104.455391 134.580719 161.337906 172.663391 161.337906 134.580719 104.455391 94.302887 122.111496 147.659088 161.253830 155.751526 134.710220 108.960571 81.156281 102.106277 121.885681 134.274658 134.517731 123.439560 107.362762 68.198853 81.126907 94.004837 103.984161 108.487381 107.032516 101.626846,
 68.989281 88.858421 107.418289 115.046867 106.757965 88.773216 70.860466 77.624153 102.212654 126.036369 136.288956 125.490044 102.140663 79.162392 85.665520 114.087753 142.460907 155.287262 142.182770 114.112518 86.614052 89.305176 118.920746 149.025345 163.081055 149.025345 118.920746 89.305176 86.614052 114.112518 142.182770 155.287262 142.460907 114.087753 85.665520 79.162392 102.140663 125.490044 136.288956 126.036369 102.212654 77.624153 70.860466 88.773216 106.757965 115.046867 107.418289 88.858421 68.989281,
 76.844864 92.416451 106.720764 117.081131 121.471680 119.998436 114.735565 89.469498 112.587830 133.488235 146.113556 146.084152 134.745193 118.516876 102.021484 131.467484 157.925644 171.720825 165.868240 144.328964 118.015579 112.263092 143.449585 170.885193 182.469788 170.885193 143.449585 112.263092 118.015579 144.328964 165.868240 171.720825 157.925644 131.467484 102.021484 118.516876 134.745193 146.084152 146.113556 133.488235 112.587830 89.469498 114.735565 119.998436 121.471680 117.081131 106.720764 92.416451 76.844864,
 209.876175 226.381668 242.122940 253.581711 258.175598 256.343750 250.211777 276.472137 306.263153 332.073425 344.989563 339.400574 319.194550 292.904022 355.226776 407.974762 452.941437 472.010284 454.189484 409.295868 356.069611 391.476440 458.323242 516.201782 540.467102 516.201782 458.323242 391.476440 356.069611 409.295868 454.189484 472.010284 452.941437 407.974762 355.226776 292.904022 319.194550 339.400574 344.989563 332.073425 306.263153 276.472137 250.211777 256.343750 258.175598 253.581711 242.122940 226.381668 209.876175,
 280.613434 301.276855 290.977112 255.986359 215.193359 184.252548 168.506378 302.462128 355.769592 375.205139 344.657776 283.194702 222.883133 182.798828 293.677216 376.612183 441.638702 440.942444 372.114838 283.088989 214.048553 257.490143 346.150208 441.597717 486.682953 441.597717 346.150208 257.490143 214.048553 283.088989 372.114838 440.942444 441.638702 376.612183 293.677216 182.798828 222.883133 283.194702 344.657776 375.205139 355.769592 302.462128 168.506378 184.252548 215.193359 255.986359 290.977112 301.276855 280.613434,
 169.054779 235.973969 311.993896 352.031128 332.552917 277.025177 221.982117 184.147202 266.571625 363.563263 413.937012 380.058990 297.378693 221.185837 199.607330 295.304382 410.247467 469.302368 419.920563 312.184143 218.632080 211.905212 312.712463 433.135193 492.966003 433.135193 312.712463 211.905212 218.632080 312.184143 419.920563 469.302368 410.247467 295.304382 199.607330 221.185837 297.378693 380.058990 413.937012 363.563263 266.571625 184.147202 221.982117 277.025177 332.552917 352.031128 311.993896 235.973969 169.054779,
 166.484802 204.899246 263.936584 330.220642 377.508423 381.962891 340.403503 194.130722 257.211975 341.971527 421.457886 455.833649 425.509338 349.531067 234.570587 326.388306 435.091919 513.993652 512.929932 434.958374 329.279877 284.769653 396.314270 507.089447 556.863953 507.089447 396.314270 284.769653 329.279877 434.958374 512.929932 513.993652 435.091919 326.388306 234.570587 349.531067 425.509338 455.833649 421.457886 341.971527 257.211975 194.130722 340.403503 381.962891 377.508423 330.220642 263.936584 204.899246 166.484802,
 163.196747 184.119644 207.439255 221.585510 220.953445 207.133224 183.466583 207.601303 243.759247 279.118073 297.531555 288.639862 254.621979 209.897659 251.258987 323.731812 394.821320 427.889221 398.492828 321.757629 239.305405 268.491302 373.771667 479.469116 526.163513 479.469116 373.771667 268.491302 239.305405 321.757629 398.492828 427.889221 394.821320 323.731812 251.258987 209.897659 254.621979 288.639862 297.531555 279.118073 243.759247 207.601303 183.466583 207.133224 220.953445 221.585510 207.439255 184.119644 163.196747,
 197.551651 227.224579 244.721619 239.636688 216.990112 189.624176 169.760391 219.243195 285.629150 337.663879 324.906067 263.719666 207.709915 175.290497 218.148056 312.684143 424.300110 441.131653 344.126892 240.254807 183.706497 200.749420 286.628906 424.502380 505.453125 424.502380 286.628906 200.749420 183.706497 240.254807 344.126892 441.131653 424.300110 312.684143 218.148056 175.290497 207.709915 263.719666 324.906067 337.663879 285.629150 219.243195 169.760391 189.624176 216.990112 239.636688 244.721619 227.224579 197.551651,
 183.466965 202.137497 239.563049 271.974945 272.660706 264.025787 243.764877 190.911926 228.029144 307.750427 364.744568 336.913879 284.657623 248.054108 202.780518 256.698395 377.698975 461.368744 393.960449 289.567047 237.215820 219.583862 279.380432 413.071411 505.347534 413.071411 279.380432 219.583862 237.215820 289.567047 393.960449 461.368744 377.698975 256.698395 202.780518 248.054108 284.657623 336.913879 364.744568 307.750427 228.029144 190.911926 243.764877 264.025787 272.660706 271.974945 239.563049 202.137497 183.466965,
 164.280472 185.359131 221.700180 261.545959 274.395691 250.874695 213.567062 166.189697 209.078918 280.361694 353.575928 371.178772 316.081482 238.752838 183.831207 255.914551 374.815033 479.046112 466.543610 349.439209 239.110229 216.266556 319.785583 470.109558 552.174683 470.109558 319.785583 216.266556 239.110229 349.439209 466.543610 479.046112 374.815033 255.914551 183.831207 238.752838 316.081482 371.178772 353.575928 280.361694 209.078918 166.189697 213.567062 250.874695 274.395691 261.545959 221.700180 185.359131 164.280472,
 26.023914 14.695705 3.275681 -2.281792 -1.319863 1.569050 1.647027 34.629654 30.451786 26.077816 24.125286 22.456821 16.599014 6.129958 29.435148 45.805717 61.705177 68.987480 60.179420 37.003174 10.212107 19.459652 53.140072 86.703278 101.674942 86.703278 53.140072 19.459652 10.212107 37.003174 60.179420 68.987480 61.705177 45.805717 29.435148 6.129958 16.599014 22.456821 24.125286 26.077816 30.451786 34.629654 1.647027 1.569050 -1.319863 -2.281792 3.275681 14.695705 26.023914,
 21.238483 23.942970 21.043034 8.419199 -9.220952 -23.718033 -33.519840 32.810734 49.710972 57.655243 45.220863 18.902636 -6.189388 -23.414713 30.841433 64.880157 96.185455 95.198837 60.382046 20.060268 -7.734465 12.993254 50.705200 98.480377 123.799072 98.480377 50.705200 12.993254 -7.734465 20.060268 60.382046 95.198837 96.185455 64.880157 30.841433 -23.414713 -6.189388 18.902636 45.220863 57.655243 49.710972 32.810734 -33.519840 -23.718033 -9.220952 8.419199 21.043034 23.942970 21.238483,
 -14.017427 9.819465 35.137199 48.147827 46.827217 30.143715 9.035589 -0.339505 24.477531 63.212456 85.580673 68.583519 40.475700 19.617161 12.145192 35.816128 86.788010 122.665665 88.749832 45.383785 23.823830 20.746466 43.260269 96.907158 139.318176 96.907158 43.260269 20.746466 23.823830 45.383785 88.749832 122.665665 86.788010 35.816128 12.145192 19.617161 40.475700 68.583519 85.580673 63.212456 24.477531 -0.339505 9.035589 30.143715 46.827217 48.147827 35.137199 9.819465 -14.017427,
 -11.002378 -5.232416 7.462418 23.304693 30.985626 25.389229 12.640376 15.475908 28.111681 49.154995 70.087364 73.725777 54.549850 30.176836 39.501701 61.194927 96.862747 127.217102 120.309418 80.427795 45.226723 49.374592 82.137421 131.140686 158.023834 131.140686 82.137421 49.374592 45.226723 80.427795 120.309418 127.217102 96.862747 61.194927 39.501701 30.176836 54.549850 73.725777 70.087364 49.154995 28.111681 15.475908 12.640376 25.389229 30.985626 23.304693 7.462418 -5.232416 -11.002378,

Pairwise cross-correlations of the modulus of all oriented sub-bands at the same scale (size QxQ)
 183.500122 119.453033 64.760338 121.696259,
 119.453033 172.663422 108.983894 72.966385,
 64.760338 108.983894 163.081039 116.044800,
 121.696259 72.966385 116.044800 182.469803,
 540.467224 395.273132 356.789703 422.940613,
 395.273132 486.682953 383.557220 355.974854,
 356.789703 383.557220 492.966064 417.917297,
 422.940613 355.974854 417.917297 556.864014,
 526.163513 391.973267 340.266785 372.687927,
 391.973267 505.453217 370.690643 330.853821,
 340.266785 370.690643 505.347565 384.744324,
 372.687927 330.853821 384.744324 552.174683,
 101.674957 78.653908 50.020779 56.988770,
 78.653908 123.799072 63.349274 33.612831,
 50.020779 63.349274 139.318176 98.792763,
 56.988770 33.612831 98.792763 158.023834,

Cross-correlations of the modulus of all oriented sub-bands with all oriented sub-bands at the coarser scale (size QxQ)
 274.341766 200.038788 168.039001 214.747635,
 221.014923 246.855774 202.843124 178.764511,
 164.778351 196.377045 238.067596 217.513824,
 225.761902 163.700378 211.486343 273.132874,
 412.204437 367.303711 330.364746 371.885406,
 341.261749 376.358459 338.812439 313.749542,
 335.198425 371.647522 364.423035 350.021667,
 370.381409 350.951630 358.285492 397.889221,
 121.190437 112.256218 122.337082 125.422981,
 99.531563 109.280548 116.324814 125.533981,
 102.789413 100.942520 153.618195 165.841263,
 116.224785 101.980301 148.700058 173.395386,

Cross-correlations of the real part of each oriented sub-band with both the real and imaginary part of all phase-doubled oriented sub-bands at the next coarser scale (Q matrices of size 1x2Q, which are computed and stored in a matrix of size Qx2Q)
 123.225197 48.919315 4.755229 58.095695 -1.624510 -2.241451 0.480484 -2.037371,
 51.090721 94.754517 36.689121 5.481279 -2.911014 -1.702044 2.543102 0.882982,
 5.240068 36.009872 97.607254 49.680798 -0.199082 0.678134 4.566790 1.181713,
 58.503407 4.803948 49.865612 121.907227 1.725564 0.167021 2.358962 -2.702532,
 -183.318161 -89.988739 -7.658215 -83.702217 -16.044804 -0.917620 -2.197571 -27.480230,
 -91.537201 -130.551956 -43.748913 -11.867623 -9.627056 -12.439156 4.584054 -1.020934,
 -12.484735 -36.463818 -119.521721 -70.201523 2.775487 -8.262355 19.991337 -2.227344,
 -82.152184 -10.632627 -62.161285 -170.019409 5.938990 0.275509 10.311059 -38.232819,
 -56.036491 -19.021898 -0.600351 -11.792339 54.188583 17.529520 0.291832 5.579491,
 -29.778221 -50.612415 -31.718960 -5.191421 23.515205 32.603264 11.166755 -4.148027,
 -1.891478 -30.044983 -47.352909 5.263210 1.701599 6.333993 -22.790741 -18.111103,
 -14.080534 -4.663989 -6.112018 3.572823 19.676876 -0.757344 -31.558571 4.412553,
