Low-band skewness and kurtosis
 -2.141619 5.919277,
 -2.192861 6.604835,
 -1.643725 4.748851,
 -1.198886 3.781928,
 -1.315209 4.090536,

High-band variance
 150.022995,

Skewness, kurtosis, variance, mean, maximum and minimum of the reconstructed texture
 -2.128173 5.672925 6844.169434 220.887756 255.000000 0.000000,

Auto-correlations of the low-frequency bands at each scale
 2650.586426 3141.152588 3498.076416 3617.935791 3430.255127 3002.314209 2457.672363 3350.004883 4040.136963 4623.655762 4845.748047 4542.034668 3900.969482 3193.074219 3836.387207 4771.988770 5692.893066 6090.534180 5633.436035 4681.552246 3750.569824 3990.600098 5043.047852 6148.021484 6661.016602 6148.021484 5043.047852 3990.600098 3750.569824 4681.552246 5633.436035 6090.534180 5692.893066 4771.988770 3836.387207 3193.074219 3900.969482 4542.034668 4845.748047 4623.655762 4040.136963 3350.004883 2457.672363 3002.314209 3430.255127 3617.935791 3498.076416 3141.152588 2650.586426,
 660.785706 645.006348 795.432373 876.755737 701.006348 510.025635 546.025696 1024.285400 1455.176025 2189.479248 2538.864746 2033.574097 1254.001221 914.120239 1554.433228 2605.296631 4166.567871 4938.718262 4049.795410 2465.442627 1503.892700 1816.749146 3140.455566 5118.955078 6147.799316 5118.955078 3140.455566 1816.749146 1503.892700 2465.442627 4049.795410 4938.718262 4166.567871 2605.296631 1554.433228 914.120239 1254.001221 2033.574097 2538.864746 2189.479248 1455.176025 1024.285400 546.025696 510.025635 701.006348 876.755737 795.432373 645.006348 660.785706,
 751.306335 847.392151 778.190979 657.824768 627.415955 771.811462 847.532288 634.651428 551.321533 542.090088 567.043518 378.365479 396.696411 622.221130 712.927917 981.646912 1981.579956 2683.360840 1894.903687 871.348938 649.225891 812.974365 1431.364990 3167.073242 4327.525879 3167.073242 1431.364990 812.974365 649.225891 871.348938 1894.903687 2683.360840 1981.579956 981.646912 712.927917 622.221130 396.696411 378.365479 567.043518 542.090088 551.321533 634.651428 847.532288 771.811462 627.415955 657.824768 778.190979 847.392151 751.306335,
 320.709991 533.244812 429.107178 400.056152 509.494751 558.598938 586.390137 511.848145 645.406311 661.260132 701.967407 612.694458 502.184265 493.310791 503.642334 647.133789 1117.598389 1479.625610 1065.672363 512.046387 393.448303 440.401733 632.144531 1425.917236 2004.127808 1425.917236 632.144531 440.401733 393.448303 512.046387 1065.672363 1479.625610 1117.598389 647.133789 503.642334 493.310791 502.184265 612.694458 701.967407 661.260132 645.406311 511.848145 586.390137 558.598938 509.494751 400.056152 429.107178 533.244812 320.709991,
 -529.566040 -289.316162 -69.407669 64.817535 34.215286 -187.235641 -488.967804 -416.620361 -122.659332 201.255219 396.694519 357.572296 108.386337 -246.684616 -242.498520 128.181564 620.620789 888.502563 727.363464 338.927063 -51.759567 -72.272858 339.329376 876.800903 1153.147461 876.800903 339.329376 -72.272858 -51.759567 338.927063 727.363464 888.502563 620.620789 128.181564 -242.498520 -246.684616 108.386337 357.572296 396.694519 201.255219 -122.659332 -416.620361 -488.967804 -187.235641 34.215286 64.817535 -69.407669 -289.316162 -529.566040,

Auto-correlations of the modulus of each oriented sub-band
 67.198860 76.710106 84.972679 88.200027 84.973763 77.371346 69.258751 86.501266 101.264847 114.021515 119.001167 113.882065 101.562988 87.890869 103.564850 123.849075 141.610901 148.725342 141.619629 124.199982 104.562195 111.147812 133.856873 154.047028 162.311081 154.047028 133.856873 111.147812 104.562195 124.199982 141.619629 148.725342 141.610901 123.849075 103.564850 87.890869 101.562988 113.882065 119.001167 114.021515 101.264847 86.501266 69.258751 77.371346 84.973763 88.200027 84.972679 76.710106 67.198860,
 89.380051 93.428604 94.582024 91.394730 83.928230 73.585220 62.353611 95.453133 110.179550 120.390091 120.623055 110.268051 93.176468 74.608635 98.201233 122.412422 142.099335 147.342346 135.121826 111.951591 86.574951 95.210449 123.321373 148.229034 158.741104 148.229034 123.321373 95.210449 86.574951 111.951591 135.121826 147.342346 142.099335 122.412422 98.201233 74.608635 93.176468 110.268051 120.623055 120.390091 110.179550 95.453133 62.353611 73.585220 83.928230 91.394730 94.582024 93.428604 89.380051,
 77.320686 95.839996 112.691231 119.770134 112.099602 94.651596 76.334953 86.327599 109.583527 131.604309 141.469879 131.708740 109.370819 86.125343 94.898880 122.290543 148.867432 161.186584 149.180176 122.463867 95.008896 98.537430 127.623993 156.096680 169.305237 156.096680 127.623993 98.537430 95.008896 122.463867 149.180176 161.186584 148.867432 122.290543 94.898880 86.125343 109.370819 131.708740 141.469879 131.604309 109.583527 86.327599 76.334953 94.651596 112.099602 119.770134 112.691231 95.839996 77.320686,
 78.271690 90.844170 101.235809 107.685074 109.411163 107.051277 102.383522 92.579216 111.612442 127.976074 136.757492 134.886719 123.802780 109.196327 104.717819 129.712555 151.943893 162.891937 156.702225 136.863678 113.393036 112.151611 139.413910 163.735413 173.992523 163.735413 139.413910 112.151611 113.393036 136.863678 156.702225 162.891937 151.943893 129.712555 104.717819 109.196327 123.802780 134.886719 136.757492 127.976074 111.612442 92.579216 102.383522 107.051277 109.411163 107.685074 101.235809 90.844170 78.271690,
 119.060844 132.095337 141.612885 144.349258 139.836334 130.277466 118.331902 176.439606 209.571136 237.295761 249.085632 240.335587 216.236542 186.810638 245.573700 301.270416 350.256042 371.448639 353.742371 307.909271 255.054962 280.819031 346.534088 405.295441 429.964294 405.295441 346.534088 280.819031 255.054962 307.909271 353.742371 371.448639 350.256042 301.270416 245.573700 186.810638 216.236542 240.335587 249.085632 237.295761 209.571136 176.439606 118.331902 130.277466 139.836334 144.349258 141.612885 132.095337 119.060844,
 196.519684 217.200989 212.007141 184.264496 148.492981 116.021973 88.177925 211.641464 259.572968 279.955414 256.785980 205.252670 153.053558 112.135361 203.623901 274.926178 333.908203 336.231842 277.756592 202.558807 142.980591 176.650574 251.379105 333.985107 374.471680 333.985107 251.379105 176.650574 142.980591 202.558807 277.756592 336.231842 333.908203 274.926178 203.623901 112.135361 153.053558 205.252670 256.785980 279.955414 259.572968 211.641464 88.177925 116.021973 148.492981 184.264496 212.007141 217.200989 196.519684,
 174.002411 229.968750 291.251099 316.779053 285.828613 220.872559 160.971222 182.867859 253.994812 335.671753 373.567993 334.533325 250.977539 175.802490 191.052216 276.512909 377.255493 426.638641 378.025269 276.426117 188.111664 193.887878 286.589600 395.952637 449.953949 395.952637 286.589600 193.887878 188.111664 276.426117 378.025269 426.638641 377.255493 276.512909 191.052216 175.802490 250.977539 334.533325 373.567993 335.671753 253.994812 182.867859 160.971222 220.872559 285.828613 316.779053 291.251099 229.968750 174.002411,
 102.598198 128.316147 163.085510 202.535004 234.157501 241.933975 224.732117 125.050507 171.348175 230.144562 286.746368 313.183197 295.947357 252.686890 165.102890 232.675934 314.102295 376.012634 375.445923 318.412628 248.358780 212.908447 292.247559 376.848602 417.505768 376.848602 292.247559 212.908447 248.358780 318.412628 375.445923 376.012634 314.102295 232.675934 165.102890 252.686890 295.947357 313.183197 286.746368 230.144562 171.348175 125.050507 224.732117 241.933975 234.157501 202.535004 163.085510 128.316147 102.598198,
 69.195946 70.451614 70.117912 66.717651 62.430168 60.653278 59.556343 70.288338 90.153397 113.692986 124.657051 116.644020 98.351761 80.100487 109.332649 173.418289 245.505371 280.338593 252.662048 185.221359 119.407860 138.916656 232.643677 335.312500 382.532471 335.312500 232.643677 138.916656 119.407860 185.221359 252.662048 280.338593 245.505371 173.418289 109.332649 80.100487 98.351761 116.644020 124.657051 113.692986 90.153397 70.288338 59.556343 60.653278 62.430168 66.717651 70.117912 70.451614 69.195946,
 143.209015 196.495697 210.936172 162.516464 85.868454 38.540535 39.249733 141.382324 244.333374 312.698059 273.755005 160.090317 63.793266 34.484657 119.190575 257.221191 402.865723 417.554321 281.714966 127.197922 48.343620 83.198128 208.846893 393.885345 492.907928 393.885345 208.846893 83.198128 48.343620 127.197922 281.714966 417.554321 402.865723 257.221191 119.190575 34.484657 63.793266 160.090317 273.755005 312.698059 244.333374 141.382324 39.249733 38.540535 85.868454 162.516464 210.936172 196.495697 143.209015,
 181.911469 251.048691 348.183136 390.497070 333.327606 247.346451 198.923340 190.327301 307.063354 468.347412 542.268799 451.410522 301.119507 206.138702 198.083191 354.249176 571.670593 678.796021 560.147034 349.919220 208.036865 204.659546 371.459503 609.440552 735.687622 609.440552 371.459503 204.659546 208.036865 349.919220 560.147034 678.796021 571.670593 354.249176 198.083191 206.138702 301.119507 451.410522 542.268799 468.347412 307.063354 190.327301 198.923340 247.346451 333.327606 390.497070 348.183136 251.048691 181.911469,
 62.276886 79.704468 120.554062 169.159592 198.461563 181.375916 121.456528 62.376247 102.104820 185.986267 280.447388 317.011719 254.661407 142.827606 76.737709 166.023193 313.394165 440.736450 431.677551 291.294556 138.210373 108.430145 250.188446 432.042297 525.570557 432.042297 250.188446 108.430145 138.210373 291.294556 431.677551 440.736450 313.394165 166.023193 76.737709 142.827606 254.661407 317.011719 280.447388 185.986267 102.104820 62.376247 121.456528 181.375916 198.461563 169.159592 120.554062 79.704468 62.276886,
 -11.741735 -0.357203 5.492498 5.222687 1.253554 -5.888864 -17.349672 0.160866 10.382472 17.411520 22.626240 25.138781 20.243366 4.372967 26.190826 48.216610 73.337120 88.467590 83.453285 61.386341 33.737480 44.490639 79.323547 118.712715 137.589233 118.712715 79.323547 44.490639 33.737480 61.386341 83.453285 88.467590 73.337120 48.216610 26.190826 4.372967 20.243366 25.138781 22.626240 17.411520 10.382472 0.160866 -17.349672 -5.888864 1.253554 5.222687 5.492498 -0.357203 -11.741735,
 19.341759 25.299541 25.254271 21.196796 17.976820 20.682549 27.712280 39.231762 61.258118 69.531464 56.944149 41.615143 36.642441 37.354099 46.851768 78.098183 111.762680 108.262833 74.618546 52.919182 46.777763 49.545265 69.565186 111.117783 138.917221 111.117783 69.565186 49.545265 46.777763 52.919182 74.618546 108.262833 111.762680 78.098183 46.851768 37.354099 36.642441 41.615143 56.944149 69.531464 61.258118 39.231762 27.712280 20.682549 17.976820 21.196796 25.254271 25.299541 19.341759,
 11.734676 12.646486 11.460272 18.869616 27.955050 29.196421 21.693058 17.057280 22.604994 33.160442 52.433578 51.314610 33.584896 17.982225 17.098797 29.685547 66.429085 104.889481 80.313499 35.160004 15.457616 15.182555 34.006702 89.251785 133.681000 89.251785 34.006702 15.182555 15.457616 35.160004 80.313499 104.889481 66.429085 29.685547 17.098797 17.982225 33.584896 51.314610 52.433578 33.160442 22.604994 17.057280 21.693058 29.196421 27.955050 18.869616 11.460272 12.646486 11.734676,
 31.989439 38.071438 45.019272 56.469254 58.283051 35.305080 -2.369139 39.810471 49.858669 68.333328 92.844650 90.528900 49.979252 4.629757 42.290932 61.159866 99.855904 136.779236 121.181267 64.378166 19.312794 35.042889 68.747467 127.053650 162.200241 127.053650 68.747467 35.042889 19.312794 64.378166 121.181267 136.779236 99.855904 61.159866 42.290932 4.629757 49.979252 90.528900 92.844650 68.333328 49.858669 39.810471 -2.369139 35.305080 58.283051 56.469254 45.019272 38.071438 31.989439,

Pairwise cross-correlations of the modulus of all oriented sub-bands at the same scale (size QxQ)
 162.311111 106.921501 59.113937 107.337830,
 106.921501 158.741119 106.945648 66.250252,
 59.113937 106.945648 169.305237 114.437393,
 107.337830 66.250252 114.437393 173.992554,
 429.964264 305.768433 281.066254 317.929321,
 305.768433 374.471680 317.003510 256.389191,
 281.066254 317.003510 449.953979 323.397278,
 317.929321 256.389191 323.397278 417.505768,
 382.532501 321.723663 339.731140 317.550812,
 321.723663 492.907990 446.578064 266.652008,
 339.731140 446.578064 735.687622 448.490417,
 317.550812 266.652008 448.490417 525.570557,
 137.589233 77.441406 28.205849 59.054157,
 77.441406 138.917221 59.667511 51.962097,
 28.205849 59.667511 133.681000 72.886414,
 59.054157 51.962097 72.886414 162.200256,

Cross-correlations of the modulus of all oriented sub-bands with all oriented sub-bands at the coarser scale (size QxQ)
 225.239700 161.828430 139.489914 168.044510,
 183.091339 209.360428 187.252609 136.602554,
 137.070618 171.776672 234.468582 177.718826,
 186.364502 138.342758 189.409912 231.033783,
 309.091095 298.075409 352.042633 283.559021,
 262.496246 333.683350 364.449982 223.209000,
 254.632690 304.543213 452.521454 318.955994,
 290.326111 279.154633 385.594818 349.886841,
 101.180473 98.726364 89.304581 103.314713,
 124.220352 96.654747 85.729759 93.157852,
 126.067017 129.178635 142.846542 168.407654,
 116.880447 131.455353 103.019119 124.208199,

Cross-correlations of the real part of each oriented sub-band with both the real and imaginary part of all phase-doubled oriented sub-bands at the next coarser scale (Q matrices of size 1x2Q, which are computed and stored in a matrix of size Qx2Q)
 95.111176 38.391476 3.524862 44.041046 2.831928 1.696853 -0.684432 1.802521,
 38.919781 75.549278 33.658585 5.606436 1.604080 -0.904638 -2.692641 0.429638,
 3.792488 33.088833 91.780975 46.769997 -0.250130 -1.741946 -3.727792 1.419677,
 42.887966 5.105395 44.991386 100.868736 0.071104 0.310282 -1.906426 3.910527,
 -124.629829 -62.420044 -8.278010 -63.752201 16.016624 6.673011 0.828452 4.110279,
 -55.763145 -157.960724 -72.044319 -10.261839 11.809050 9.803146 2.542786 -2.942100,
 -9.823677 -74.175369 -175.113937 -93.247131 2.177349 0.953681 -3.518928 1.474170,
 -65.419792 -6.803279 -84.075058 -173.045593 2.710846 -0.624766 -3.512043 13.358115,
 -85.473053 -60.503883 -4.570148 -36.820518 -0.658294 21.236408 -0.715282 1.096938,
 -53.874054 -90.350525 -51.344406 -14.705216 7.915891 34.277142 17.890892 -2.126471,
 -4.166569 -24.968765 -152.738251 -69.372406 2.214804 18.566509 -1.108310 -27.969320,
 -30.182617 -6.991178 -75.678123 -97.820343 -4.116014 4.037298 -17.297813 -27.074963,
