Low-band skewness and kurtosis
 -2.333707 6.790015,
 -2.390143 7.516495,
 -1.898345 5.688031,
 -1.505795 4.271574,
 -1.190989 3.340575,

High-band variance
 134.172211,

Skewness, kurtosis, variance, mean, maximum and minimum of the reconstructed texture
 -2.318738 6.525758 6262.034668 224.465698 255.000000 0.000000,

Auto-correlations of the low-frequency bands at each scale
 2638.661865 3109.646484 3482.649902 3690.885742 3670.990723 3432.809570 3057.612549 3109.216797 3737.533691 4312.361328 4624.892090 4503.060547 4050.603516 3485.646973 3505.266113 4338.185547 5192.031738 5627.854492 5325.527832 4550.179688 3745.073242 3749.006348 4680.336914 5650.757324 6098.538086 5650.757324 4680.336914 3749.006348 3745.073242 4550.179688 5325.527832 5627.854492 5192.031738 4338.185547 3505.266113 3485.646973 4050.603516 4503.060547 4624.892090 4312.361328 3737.533691 3109.216797 3057.612549 3432.809570 3670.990723 3690.885742 3482.649902 3109.646484 2638.661865,
 1549.162964 1555.837769 1687.348389 1868.455811 1943.951416 1945.076782 1947.649780 1489.673096 1782.524902 2452.927002 2947.723145 2802.717041 2337.869629 2055.317139 1615.026978 2437.462402 3869.269531 4718.371094 4143.769043 2877.196777 2058.114990 1883.370117 2992.414062 4743.720703 5653.678223 4743.720703 2992.414062 1883.370117 2058.114990 2877.196777 4143.769043 4718.371094 3869.269531 2437.462402 1615.026978 2055.317139 2337.869629 2802.717041 2947.723145 2452.927002 1782.524902 1489.673096 1947.649780 1945.076782 1943.951416 1868.455811 1687.348389 1555.837769 1549.162964,
 795.723877 975.319031 1059.762207 1238.601196 1467.927002 1621.758301 1788.316650 1016.267151 1164.437988 1429.184326 1747.425781 1734.148682 1598.022949 1683.394531 1133.673462 1424.471191 2368.456543 3143.355469 2670.973145 1819.744629 1584.855591 1374.652100 1814.451294 3158.067383 4058.827393 3158.067383 1814.451294 1374.652100 1584.855591 1819.744629 2670.973145 3143.355469 2368.456543 1424.471191 1133.673462 1683.394531 1598.022949 1734.148682 1747.425781 1429.184326 1164.437988 1016.267151 1788.316650 1621.758301 1467.927002 1238.601196 1059.762207 975.319031 795.723877,
 -604.616943 -359.338501 20.837952 612.985596 1224.940430 1605.616333 1618.210938 -289.364075 14.334717 451.315918 1074.412842 1566.619751 1679.599854 1375.994873 38.341064 624.231262 1393.168213 2026.908813 2013.930664 1496.454834 842.015259 372.193970 1176.171875 2128.761719 2620.344971 2128.761719 1176.171875 372.193970 842.015259 1496.454834 2013.930664 2026.908813 1393.168213 624.231262 38.341064 1375.994873 1679.599854 1566.619751 1074.412842 451.315918 14.334717 -289.364075 1618.210938 1605.616333 1224.940430 612.985596 20.837952 -359.338501 -604.616943,
 -401.069580 -879.925293 -986.346558 -587.085022 117.493408 639.775757 654.374023 -877.648071 -1039.442383 -627.152405 293.241577 1060.661255 1060.881836 418.864258 -1006.570190 -687.820923 280.404297 1361.004395 1565.883423 767.515869 -224.168854 -782.535400 24.895050 1236.999512 1864.546265 1236.999512 24.895050 -782.535400 -224.168854 767.515869 1565.883423 1361.004395 280.404297 -687.820923 -1006.570190 418.864258 1060.881836 1060.661255 293.241577 -627.152405 -1039.442383 -877.648071 654.374023 639.775757 117.493408 -587.085022 -986.346558 -879.925293 -401.069580,

Auto-correlations of the modulus of each oriented sub-band
 68.780182 75.263596 81.840126 85.552628 84.835915 80.559265 75.136353 84.079590 94.444855 104.274704 108.991310 106.315842 97.872162 87.796021 100.160553 115.029610 128.587997 134.439087 129.510788 116.492638 101.554672 107.537735 124.763161 140.273041 146.649963 140.273041 124.763161 107.537735 101.554672 116.492638 129.510788 134.439087 128.587997 115.029610 100.160553 87.796021 97.872162 106.315842 108.991310 104.274704 94.444855 84.079590 75.136353 80.559265 84.835915 85.552628 81.840126 75.263596 68.780182,
 115.454079 120.621094 123.607811 123.267990 119.747169 114.019012 107.315971 121.752197 135.716293 146.340042 148.580963 141.895218 129.557419 115.602859 125.723953 147.226562 165.469101 171.256073 161.779984 143.003052 122.266586 125.942459 149.935760 171.569733 180.852692 171.569733 149.935760 125.942459 122.266586 143.003052 161.779984 171.256073 165.469101 147.226562 125.723953 115.602859 129.557419 141.895218 148.580963 146.340042 135.716293 121.752197 107.315971 114.019012 119.747169 123.267990 123.607811 120.621094 115.454079,
 80.456436 96.372475 113.093826 121.028366 115.616653 102.997490 91.757584 88.680435 108.918266 130.554916 140.818115 132.539261 114.299934 97.735535 97.345642 121.000420 146.622818 158.949402 147.684341 124.011024 102.378891 102.607986 126.958275 153.537460 166.476166 153.537460 126.958275 102.607986 102.378891 124.011024 147.684341 158.949402 146.622818 121.000420 97.345642 97.735535 114.299934 132.539261 140.818115 130.554916 108.918266 88.680435 91.757584 102.997490 115.616653 121.028366 113.093826 96.372475 80.456436,
 74.295624 82.214203 89.946022 96.246086 99.406975 98.657501 95.258728 82.388107 95.467644 108.237160 116.599022 116.720299 108.945091 98.307022 90.559837 108.572403 126.301201 136.197296 132.109573 116.862045 99.496223 96.868423 117.006927 136.351624 144.861603 136.351624 117.006927 96.868423 99.496223 116.862045 132.109573 136.197296 126.301201 108.572403 90.559837 98.307022 108.945091 116.720299 116.599022 108.237160 95.467644 82.388107 95.258728 98.657501 99.406975 96.246086 89.946022 82.214203 74.295624,
 213.359344 227.963806 239.218445 246.872345 249.948669 249.073395 245.736542 262.461609 286.346222 303.865570 310.907227 305.368439 290.561981 271.971497 312.927490 352.134613 383.686401 395.585571 381.417114 349.160797 311.556763 334.179718 381.916199 423.202301 440.700470 423.202301 381.916199 334.179718 311.556763 349.160797 381.417114 395.585571 383.686401 352.134613 312.927490 271.971497 290.561981 305.368439 310.907227 303.865570 286.346222 262.461609 245.736542 249.073395 249.948669 246.872345 239.218445 227.963806 213.359344,
 324.055847 351.009216 356.808563 345.251068 328.852814 317.616394 313.180664 355.716461 403.224792 426.489563 414.477295 379.166443 343.297058 321.007050 361.964539 428.678986 481.176910 486.457642 441.664093 379.826630 332.251221 348.852875 415.987762 486.863678 519.479553 486.863678 415.987762 348.852875 332.251221 379.826630 441.664093 486.457642 481.176910 428.678986 361.964539 321.007050 343.297058 379.166443 414.477295 426.489563 403.224792 355.716461 313.180664 317.616394 328.852814 345.251068 356.808563 351.009216 324.055847,
 247.985291 288.113770 332.274536 350.158203 329.062256 296.829163 278.324036 261.948792 311.589325 373.605347 400.889801 367.148926 314.453339 282.352234 274.149170 329.512207 407.055359 446.262939 402.095886 329.834900 284.223389 282.056030 336.408875 418.774231 465.761292 418.774231 336.408875 282.056030 284.223389 329.834900 402.095886 446.262939 407.055359 329.512207 274.149170 282.352234 314.453339 367.148926 400.889801 373.605347 311.589325 261.948792 278.324036 296.829163 329.062256 350.158203 332.274536 288.113770 247.985291,
 193.982239 210.722717 233.805527 266.060303 295.951385 306.754578 295.196838 214.685287 245.067780 288.047455 334.229065 359.541901 349.259979 314.577972 243.533325 294.477631 357.276855 406.384399 409.504761 367.484039 309.636536 280.202759 344.807281 410.071533 440.045349 410.071533 344.807281 280.202759 309.636536 367.484039 409.504761 406.384399 357.276855 294.477631 243.533325 314.577972 349.259979 359.541901 334.229065 288.047455 245.067780 214.685287 295.196838 306.754578 295.951385 266.060303 233.805527 210.722717 193.982239,
 66.703461 105.423973 148.857819 191.208344 225.764160 248.689667 257.227142 133.516724 180.819122 228.831406 269.817322 296.210815 305.487518 296.764282 216.649612 283.809479 348.679474 388.391266 388.582611 357.205536 311.848022 284.495941 359.051727 429.181396 460.058533 429.181396 359.051727 284.495941 311.848022 357.205536 388.582611 388.391266 348.679474 283.809479 216.649612 296.764282 305.487518 296.210815 269.817322 228.831406 180.819122 133.516724 257.227142 248.689667 225.764160 191.208344 148.857819 105.423973 66.703461,
 116.724068 154.755264 176.309235 175.187698 167.631226 170.106705 185.993744 187.387665 247.534576 287.807800 278.905060 239.007080 203.413116 183.555573 232.259949 317.868286 398.633392 407.755463 340.781525 264.263855 207.911987 234.755096 317.564453 419.270294 474.787781 419.270294 317.564453 234.755096 207.911987 264.263855 340.781525 407.755463 398.633392 317.868286 232.259949 183.555573 203.413116 239.007080 278.905060 287.807800 247.534576 187.387665 185.993744 170.106705 167.631226 175.187698 176.309235 154.755264 116.724068,
 132.011688 161.598129 190.520615 228.860184 253.068466 253.315933 241.557434 172.342209 207.217377 255.924118 307.503967 307.262848 269.833771 237.433304 199.454422 242.593170 317.705658 381.612213 348.246185 275.029388 229.126694 216.893036 265.772095 353.995483 414.203033 353.995483 265.772095 216.893036 229.126694 275.029388 348.246185 381.612213 317.705658 242.593170 199.454422 237.433304 269.833771 307.262848 307.503967 255.924118 207.217377 172.342209 241.557434 253.315933 253.068466 228.860184 190.520615 161.598129 132.011688,
 137.005615 175.970337 224.301697 265.792816 282.265930 285.085266 286.695435 164.510925 203.873352 265.168549 322.262238 337.713837 320.062683 297.077698 194.716660 247.618927 332.031342 401.734650 395.811493 337.706635 284.024902 240.938477 306.076843 396.300049 445.640839 396.300049 306.076843 240.938477 284.024902 337.706635 395.811493 401.734650 332.031342 247.618927 194.716660 297.077698 320.062683 337.713837 322.262238 265.168549 203.873352 164.510925 286.695435 285.085266 282.265930 265.792816 224.301697 175.970337 137.005615,
 -19.465113 -2.434610 18.480009 30.171331 26.448263 13.909767 3.524321 -7.332593 12.561387 33.878944 43.861568 37.107071 21.857193 9.813308 5.807305 30.472506 58.618176 70.926910 57.159794 31.190905 10.221770 10.519783 39.974194 76.828079 95.647133 76.828079 39.974194 10.519783 10.221770 31.190905 57.159794 70.926910 58.618176 30.472506 5.807305 9.813308 21.857193 37.107071 43.861568 33.878944 12.561387 -7.332593 3.524321 13.909767 26.448263 30.171331 18.480009 -2.434610 -19.465113,
 -61.363468 -31.567184 3.920218 30.459047 48.620888 59.575935 55.874096 -37.974487 6.122780 54.701157 81.607620 83.983688 75.280014 59.395874 -8.004131 45.159859 104.461792 133.428253 116.889481 81.086784 47.152843 22.624052 72.373512 128.832947 157.142288 128.832947 72.373512 22.624052 47.152843 81.086784 116.889481 133.428253 104.461792 45.159859 -8.004131 59.395874 75.280014 83.983688 81.607620 54.701157 6.122780 -37.974487 55.874096 59.575935 48.620888 30.459047 3.920218 -31.567184 -61.363468,
 -68.158386 -24.842907 28.290634 63.616020 72.013908 72.438843 82.017487 -43.081669 8.921974 75.126694 114.032898 107.843170 87.220085 76.333328 -9.910149 42.449543 114.462700 155.969742 131.316132 86.490967 56.698235 25.895855 70.316368 134.969757 173.204727 134.969757 70.316368 25.895855 56.698235 86.490967 131.316132 155.969742 114.462700 42.449543 -9.910149 76.333328 87.220085 107.843170 114.032898 75.126694 8.921974 -43.081669 82.017487 72.438843 72.013908 63.616020 28.290634 -24.842907 -68.158386,
 -57.432117 -24.941423 11.353621 43.423973 66.288246 79.681625 83.009659 -15.609470 24.863346 68.632721 102.172005 112.401398 103.345886 86.897263 26.882496 71.231758 120.721085 153.481995 146.588852 114.467445 81.365646 61.543846 104.339661 151.795547 175.924179 151.795547 104.339661 61.543846 81.365646 114.467445 146.588852 153.481995 120.721085 71.231758 26.882496 86.897263 103.345886 112.401398 102.172005 68.632721 24.863346 -15.609470 83.009659 79.681625 66.288246 43.423973 11.353621 -24.941423 -57.432117,

Pairwise cross-correlations of the modulus of all oriented sub-bands at the same scale (size QxQ)
 146.649979 115.281540 71.553314 100.634712,
 115.281540 180.852722 124.162544 79.776100,
 71.553314 124.162544 166.476181 107.140091,
 100.634712 79.776100 107.140091 144.861603,
 440.700470 397.694031 349.071014 371.396179,
 397.694031 519.479553 404.804016 357.175110,
 349.071014 404.804016 465.761353 369.040588,
 371.396179 357.175110 369.040588 440.045380,
 460.058533 351.038239 291.063782 349.845734,
 351.038239 474.787872 315.144226 272.012634,
 291.063782 315.144226 414.203064 317.326843,
 349.845734 272.012634 317.326843 445.640900,
 95.647141 68.807922 40.784538 57.062645,
 68.807922 157.142303 98.933136 49.933922,
 40.784538 98.933136 173.204742 132.417175,
 57.062645 49.933922 132.417175 175.924194,

Cross-correlations of the modulus of all oriented sub-bands with all oriented sub-bands at the coarser scale (size QxQ)
 215.283539 206.421982 160.407532 183.445969,
 206.038528 267.070007 214.723007 173.422348,
 166.841125 214.186432 236.076553 189.926712,
 191.263550 177.261169 192.370239 218.778320,
 336.367310 293.659302 286.216797 321.323822,
 359.178650 365.275391 322.526978 325.032593,
 308.344635 280.892059 338.647919 319.761292,
 305.406891 277.813293 300.514954 338.508636,
 113.585541 133.562592 168.853348 178.302307,
 102.075890 146.868256 183.140991 173.769836,
 102.769348 148.037064 184.791687 183.634705,
 106.237228 123.786621 168.423065 197.346222,

Cross-correlations of the real part of each oriented sub-band with both the real and imaginary part of all phase-doubled oriented sub-bands at the next coarser scale (Q matrices of size 1x2Q, which are computed and stored in a matrix of size Qx2Q)
 80.744965 46.670494 5.506103 28.103371 -3.472852 0.697553 1.199633 1.801027,
 43.510300 112.661911 55.202496 2.887350 -2.726305 2.990801 3.469431 -0.345523,
 4.332826 56.885849 97.183983 30.056770 -0.450579 1.240125 -0.171953 0.062012,
 30.527105 5.816329 35.022865 64.855423 -0.877942 0.007687 -0.374632 3.326794,
 -92.017540 -48.132767 -4.080862 -8.723315 -8.736087 0.852506 1.887093 -3.391043,
 -48.177113 -118.523430 -24.324968 -2.179512 -3.937008 7.083072 -10.200820 -0.315777,
 -4.154868 -47.658031 -21.672630 -9.508168 0.254729 -4.455478 -25.467722 5.938452,
 -32.018646 -2.847692 -6.230265 -19.121925 -3.406608 -3.326791 -2.299697 3.940971,
 -29.805046 -10.553502 -3.647617 2.848464 25.683174 -14.643138 -0.949404 -7.533515,
 -13.842134 -49.611511 -34.314480 -4.077426 2.640277 -10.901848 1.323261 3.923870,
 -2.664951 -25.135149 -71.969688 -2.337850 1.242050 2.692555 29.800726 16.714773,
 -11.725197 -0.426192 -26.249920 12.790893 18.805775 0.045940 20.473755 1.074298,
