Low-band skewness and kurtosis
 -2.407478 7.114594,
 -2.437055 7.655087,
 -2.078223 6.385021,
 -1.750795 5.376058,
 -1.284161 3.794129,

High-band variance
 119.840157,

Skewness, kurtosis, variance, mean, maximum and minimum of the reconstructed texture
 -2.394254 6.873073 6082.714844 225.748108 255.000000 0.000000,

Auto-correlations of the low-frequency bands at each scale
 2982.709717 3437.882812 3774.112793 3915.264404 3822.230957 3545.269043 3155.074463 3390.062012 3976.823486 4488.605469 4722.213379 4536.733398 4066.854248 3509.142090 3678.517090 4433.308594 5193.672363 5553.288086 5224.456543 4481.599609 3728.667969 3794.523926 4638.150879 5523.010742 5936.273438 5523.010742 4638.150879 3794.523926 3728.667969 4481.599609 5224.456543 5553.288086 5193.672363 4433.308594 3678.517090 3509.142090 4066.854248 4536.733398 4722.213379 4488.605469 3976.823486 3390.062012 3155.074463 3545.269043 3822.230957 3915.264404 3774.112793 3437.882812 2982.709717,
 1402.992065 1706.272583 1975.221924 2124.085205 2094.581543 1941.266724 1772.720093 1580.212524 2131.746094 2853.344482 3245.878418 2972.844971 2357.585938 1913.984253 1796.856689 2730.470703 4073.229004 4778.423340 4158.243652 2889.385742 2022.807861 1982.136353 3092.331299 4718.906738 5545.679199 4718.906738 3092.331299 1982.136353 2022.807861 2889.385742 4158.243652 4778.423340 4073.229004 2730.470703 1796.856689 1913.984253 2357.585938 2972.844971 3245.878418 2853.344482 2131.746094 1580.212524 1772.720093 1941.266724 2094.581543 2124.085205 1975.221924 1706.272583 1402.992065,
 580.605835 890.019470 1029.990601 1158.915283 1366.138794 1646.593994 1864.022095 662.285400 929.325378 1426.388916 1791.435913 1687.434570 1583.062500 1728.754150 803.671631 1229.876953 2481.655762 3330.601074 2692.922852 1723.094238 1525.145264 1184.616577 1688.058105 3276.004883 4303.966309 3276.004883 1688.058105 1184.616577 1525.145264 1723.094238 2692.922852 3330.601074 2481.655762 1229.876953 803.671631 1728.754150 1583.062500 1687.434570 1791.435913 1426.388916 929.325378 662.285400 1864.022095 1646.593994 1366.138794 1158.915283 1029.990601 890.019470 580.605835,
 -737.023376 -482.242676 -53.636230 479.636688 1014.633911 1403.625977 1481.809326 -609.661377 -201.871643 463.303345 1109.295288 1496.374023 1623.511230 1445.332275 -308.520630 312.841248 1325.947998 2068.035156 1998.739502 1487.281494 964.043335 263.546143 1004.121338 2073.336426 2649.207275 2073.336426 1004.121338 263.546143 964.043335 1487.281494 1998.739502 2068.035156 1325.947998 312.841248 -308.520630 1445.332275 1623.511230 1496.374023 1109.295288 463.303345 -201.871643 -609.661377 1481.809326 1403.625977 1014.633911 479.636688 -53.636230 -482.242676 -737.023376,
 -223.940460 -804.255493 -1044.364136 -761.215088 -58.695648 581.325806 743.442017 -778.824585 -1054.029175 -788.730042 43.730423 899.967834 1102.182739 573.068237 -1008.976074 -780.342041 121.944458 1212.102051 1529.909302 890.935791 -59.319611 -732.290222 40.288170 1197.580444 1808.246338 1197.580444 40.288170 -732.290222 -59.319611 890.935791 1529.909302 1212.102051 121.944458 -780.342041 -1008.976074 573.068237 1102.182739 899.967834 43.730423 -788.730042 -1054.029175 -778.824585 743.442017 581.325806 -58.695648 -761.215088 -1044.364136 -804.255493 -223.940460,

Auto-correlations of the modulus of each oriented sub-band
 72.906708 79.919609 86.311188 89.377762 87.845825 82.825813 76.965851 85.775024 96.943077 106.992805 111.495239 108.358696 99.349800 88.761902 98.703751 114.573448 128.673462 134.585785 129.365051 115.801857 100.162964 104.809166 122.918671 138.989670 145.538986 138.989670 122.918671 104.809166 100.162964 115.801857 129.365051 134.585785 128.673462 114.573448 98.703751 88.761902 99.349800 108.358696 111.495239 106.992805 96.943077 85.775024 76.965851 82.825813 87.845825 89.377762 86.311188 79.919609 72.906708,
 85.440056 91.956497 96.784737 98.182388 95.715569 90.212708 83.096992 92.494255 106.181129 116.953590 120.128632 114.807457 103.680717 90.567986 97.591812 117.468681 134.280899 139.913910 131.903793 115.112709 96.259628 98.912346 120.714615 140.188583 148.378174 140.188583 120.714615 98.912346 96.259628 115.112709 131.903793 139.913910 134.280899 117.468681 97.591812 90.567986 103.680717 114.807457 120.128632 116.953590 106.181129 92.494255 83.096992 90.212708 95.715569 98.182388 96.784737 91.956497 85.440056,
 59.355492 72.235535 85.278786 90.949173 85.571648 74.757599 65.961357 65.372475 81.554222 99.026657 106.989662 99.101746 83.333961 70.135887 71.315407 90.191078 111.426964 121.616096 111.417885 91.107552 73.796867 74.551048 94.020157 116.492905 127.693047 116.492905 94.020157 74.551048 73.796867 91.107552 111.417885 121.616096 111.426964 90.191078 71.315407 70.135887 83.333961 99.101746 106.989662 99.026657 81.554222 65.372475 65.961357 74.757599 85.571648 90.949173 85.278786 72.235535 59.355492,
 73.408661 82.784622 91.175522 96.561447 97.586990 94.532501 89.561142 81.079384 95.889778 109.502747 117.455811 116.344070 106.961372 94.504082 88.790100 108.777466 127.394447 137.205109 132.619522 116.301331 96.890350 94.754768 116.999947 137.249069 145.866547 137.249069 116.999947 94.754768 96.890350 116.301331 132.619522 137.205109 127.394447 108.777466 88.790100 94.504082 106.961372 116.344070 117.455811 109.502747 95.889778 81.079384 89.561142 94.532501 97.586990 96.561447 91.175522 82.784622 73.408661,
 153.040009 166.331192 176.726364 183.121780 185.100327 183.373917 179.589661 201.490433 220.658447 236.493729 244.955124 243.592209 234.498627 222.079147 258.147095 288.194580 314.251740 326.231506 318.105927 295.473267 268.797729 287.840179 323.739197 355.724121 369.343018 355.724121 323.739197 287.840179 268.797729 295.473267 318.105927 326.231506 314.251740 288.194580 258.147095 222.079147 234.498627 243.592209 244.955124 236.493729 220.658447 201.490433 179.589661 183.373917 185.100327 183.121780 176.726364 166.331192 153.040009,
 194.733551 219.464066 227.883026 219.334717 202.261383 185.573837 172.604553 221.211884 261.278778 284.161346 276.407410 246.626129 214.386719 189.966614 230.974274 283.554077 328.258118 334.092773 297.285706 247.404114 207.793610 223.834885 276.078735 333.237701 360.651489 333.237701 276.078735 223.834885 207.793610 247.404114 297.285706 334.092773 328.258118 283.554077 230.974274 189.966614 214.386719 246.626129 276.407410 284.161346 261.278778 221.211884 172.604553 185.573837 202.261383 219.334717 227.883026 219.464066 194.733551,
 135.151260 169.879303 212.887985 237.138611 224.515640 192.892365 165.947006 147.307739 189.048569 244.945831 276.272278 253.919647 207.389786 171.562836 158.629349 205.655899 272.352386 309.851135 277.138702 215.759079 171.954636 167.401306 215.507172 285.029175 323.890320 285.029175 215.507172 167.401306 171.954636 215.759079 277.138702 309.851135 272.352386 205.655899 158.629349 171.562836 207.389786 253.919647 276.272278 244.945831 189.048569 147.307739 165.947006 192.892365 224.515640 237.138611 212.887985 169.879303 135.151260,
 149.871307 173.343384 201.659073 230.981049 250.792038 252.715942 238.897095 173.801041 207.913010 249.136627 285.564819 299.181000 284.009735 252.040512 200.792831 248.674789 303.455475 341.782349 338.867279 299.172241 248.677261 228.476135 285.103485 342.018890 368.014221 342.018890 285.103485 228.476135 248.677261 299.172241 338.867279 341.782349 303.455475 248.674789 200.792831 252.040512 284.009735 299.181000 285.564819 249.136627 207.913010 173.801041 238.897095 252.715942 250.792038 230.981049 201.659073 173.343384 149.871307,
 108.047195 160.692963 204.087616 232.885956 245.242279 240.332550 220.665329 188.126099 246.860016 292.798492 315.598907 311.460052 284.352570 242.762238 281.461029 358.374481 423.219757 450.263214 427.766266 370.183929 300.843597 332.422546 419.365997 496.472839 529.131897 496.472839 419.365997 332.422546 300.843597 370.183929 427.766266 450.263214 423.219757 358.374481 281.461029 242.762238 284.352570 311.460052 315.598907 292.798492 246.860016 188.126099 220.665329 240.332550 245.242279 232.885956 204.087616 160.692963 108.047195,
 116.717789 161.600494 190.020111 201.758987 211.248627 221.449524 217.686539 188.767395 260.549866 302.967102 293.934418 261.882019 242.375229 225.915253 233.450165 325.849365 409.181213 416.562256 350.129700 283.052979 239.234039 246.616898 324.559448 424.291138 478.881500 424.291138 324.559448 246.616898 239.234039 283.052979 350.129700 416.562256 409.181213 325.849365 233.450165 225.915253 242.375229 261.882019 293.934418 302.967102 260.549866 188.767395 217.686539 221.449524 211.248627 201.758987 190.020111 161.600494 116.717789,
 90.698051 151.808578 215.492310 253.000656 249.473694 241.269608 246.009033 134.738647 202.391815 287.132996 341.330322 320.605652 279.606079 252.408905 177.482407 251.404327 354.722260 422.078766 376.460175 297.465546 241.322006 214.575882 286.822815 390.530029 456.376434 390.530029 286.822815 214.575882 241.322006 297.465546 376.460175 422.078766 354.722260 251.404327 177.482407 252.408905 279.606079 320.605652 341.330322 287.132996 202.391815 134.738647 246.009033 241.269608 249.473694 253.000656 215.492310 151.808578 90.698051,
 137.198547 194.749451 249.239822 292.931519 309.347565 292.746552 258.586304 192.588959 254.499161 324.241272 384.141571 393.026306 340.766846 270.000549 231.874878 309.122620 410.786346 488.723145 469.032928 369.180237 269.904053 256.405762 354.270325 476.822266 541.311035 476.822266 354.270325 256.405762 269.904053 369.180237 469.032928 488.723145 410.786346 309.122620 231.874878 270.000549 340.766846 393.026306 384.141571 324.241272 254.499161 192.588959 258.586304 292.746552 309.347565 292.931519 249.239822 194.749451 137.198547,
 -43.237930 -23.838552 -2.283838 14.476092 27.812523 41.644005 52.994659 -7.283484 18.125429 44.295834 56.568520 54.527378 50.767189 50.023018 27.426567 60.728474 98.297073 113.882217 97.231888 70.549767 52.034973 48.489815 81.770668 124.167183 146.202057 124.167183 81.770668 48.489815 52.034973 70.549767 97.231888 113.882217 98.297073 60.728474 27.426567 50.023018 50.767189 54.527378 56.568520 44.295834 18.125429 -7.283484 52.994659 41.644005 27.812523 14.476092 -2.283838 -23.838552 -43.237930,
 -46.913315 -24.135971 2.963257 24.127401 36.539249 45.883492 54.843086 -18.704948 16.731852 54.979435 79.389099 82.878777 75.266838 67.662575 19.282717 67.573738 118.951614 145.409195 132.704575 100.386742 69.986725 53.532547 101.296738 153.381592 178.686798 153.381592 101.296738 53.532547 69.986725 100.386742 132.704575 145.409195 118.951614 67.573738 19.282717 67.662575 75.266838 82.878777 79.389099 54.979435 16.731852 -18.704948 54.843086 45.883492 36.539249 24.127401 2.963257 -24.135971 -46.913315,
 -30.575283 -4.449785 22.845854 47.021606 53.292168 44.962273 39.090977 -6.063604 34.317677 71.917824 95.525742 84.486244 60.452847 41.487694 13.719145 61.202278 111.836441 140.935516 111.063080 68.470299 37.342178 27.876673 70.668991 125.152222 162.018021 125.152222 70.668991 27.876673 37.342178 68.470299 111.063080 140.935516 111.836441 61.202278 13.719145 41.487694 60.452847 84.486244 95.525742 71.917824 34.317677 -6.063604 39.090977 44.962273 53.292168 47.021606 22.845854 -4.449785 -30.575283,
 -62.440926 -38.376766 -12.904217 16.491514 44.949810 63.315739 68.232948 -21.601812 11.495724 43.448776 74.286293 92.354843 88.513763 70.637367 23.561470 65.760910 109.207863 143.060806 144.025635 113.785904 75.959175 61.352200 107.829399 154.955414 178.049011 154.955414 107.829399 61.352200 75.959175 113.785904 144.025635 143.060806 109.207863 65.760910 23.561470 70.637367 88.513763 92.354843 74.286293 43.448776 11.495724 -21.601812 68.232948 63.315739 44.949810 16.491514 -12.904217 -38.376766 -62.440926,

Pairwise cross-correlations of the modulus of all oriented sub-bands at the same scale (size QxQ)
 145.538971 103.205795 64.993797 104.871490,
 103.205795 148.378189 97.305214 73.895622,
 64.993797 97.305214 127.693047 97.341331,
 104.871490 73.895622 97.341331 145.866562,
 369.343048 288.068604 247.990173 294.744934,
 288.068604 360.651611 273.316711 259.814636,
 247.990173 273.316711 323.890381 286.840729,
 294.744934 259.814636 286.840729 368.014221,
 529.131958 384.091248 333.621918 430.999084,
 384.091248 478.881622 376.745483 334.837036,
 333.621918 376.745483 456.376465 351.469971,
 430.999084 334.837036 351.469971 541.311096,
 146.202057 96.431290 60.753250 118.300522,
 96.431290 178.686798 95.202332 60.005127,
 60.753250 95.202332 162.018036 96.275337,
 118.300522 60.005127 96.275337 178.049011,

Cross-correlations of the modulus of all oriented sub-bands with all oriented sub-bands at the coarser scale (size QxQ)
 200.392014 159.485992 130.114395 164.316879,
 168.609131 200.843704 157.653183 147.449966,
 128.393356 152.435501 174.310883 161.556808,
 164.935104 137.816376 159.049576 196.803833,
 348.328064 300.095612 284.937134 307.368500,
 310.930786 339.964783 316.125671 272.886566,
 284.940186 288.981079 320.072876 302.935974,
 320.895477 293.147797 314.996033 333.058777,
 171.729645 140.277527 126.233948 199.635223,
 131.655518 180.275085 155.465729 163.895477,
 129.080185 159.097626 160.320435 160.574173,
 158.238556 127.332863 112.863083 209.276688,

Cross-correlations of the real part of each oriented sub-band with both the real and imaginary part of all phase-doubled oriented sub-bands at the next coarser scale (Q matrices of size 1x2Q, which are computed and stored in a matrix of size Qx2Q)
 66.242737 34.613197 3.324608 31.398876 3.795869 1.106622 -0.547747 -0.385162,
 32.103802 77.246010 27.729189 2.407269 4.142863 0.263762 -1.719019 -0.691216,
 3.985862 32.513012 51.967747 21.731897 0.789710 -0.575588 -3.332381 -0.601255,
 29.905449 2.923385 21.831884 59.929157 0.349582 -0.070906 -1.889652 0.647488,
 -76.956619 -59.189232 -4.462750 -44.338360 -10.682995 10.218670 2.411704 2.987608,
 -43.631485 -130.529785 -37.061680 -4.639170 -5.136120 6.030870 -6.143164 -0.815985,
 -6.768904 -47.663738 -53.024826 -12.290186 -0.275987 -5.850869 -5.686537 11.157199,
 -35.406136 -3.314435 -11.042741 -57.186432 -4.221292 1.015135 4.627217 18.723728,
 -40.262043 -38.506542 -12.131142 -50.525146 90.159241 1.120945 -1.529225 -29.366640,
 -25.321184 -114.724236 -55.008255 -4.181794 12.335684 -7.955755 5.687145 -1.785277,
 -5.423857 -61.192825 -79.380318 -44.720051 -2.527757 4.269039 6.959626 4.126235,
 -26.327337 -4.778549 -37.350113 -108.986153 54.033863 3.560738 0.041504 -21.644756,
