Low-band skewness and kurtosis
 -2.191633 6.125146,
 -2.249276 6.820244,
 -1.751793 5.016802,
 -1.459614 3.902879,
 -1.098452 3.069880,

High-band variance
 142.943893,

Skewness, kurtosis, variance, mean, maximum and minimum of the reconstructed texture
 -2.175363 5.873720 6704.611816 221.853577 255.000000 0.000000,

Auto-correlations of the low-frequency bands at each scale
 2890.956543 3372.597412 3754.969238 3937.470215 3851.592285 3552.341064 3153.498047 3410.848633 4047.525146 4645.446289 4941.893555 4746.598633 4228.821777 3659.159668 3854.509277 4689.730469 5581.853516 6023.040039 5654.042969 4816.412109 4020.410645 4095.787842 5020.725098 6043.599609 6530.147461 6043.599609 5020.725098 4095.787842 4020.410645 4816.412109 5654.042969 6023.040039 5581.853516 4689.730469 3854.509277 3659.159668 4228.821777 4746.598633 4941.893555 4645.446289 4047.525146 3410.848633 3153.498047 3552.341064 3851.592285 3937.470215 3754.969238 3372.597412 2890.956543,
 1569.839111 1658.337524 1858.472656 2026.579468 2054.353027 2069.144043 2139.564209 1687.128052 1991.202393 2672.763428 3124.899414 2879.996338 2377.084229 2174.362793 1991.296265 2769.926025 4192.379883 5022.139648 4367.192383 3077.654541 2356.901367 2323.401611 3349.742188 5099.201660 6039.183594 5099.201660 3349.742188 2323.401611 2356.901367 3077.654541 4367.192383 5022.139648 4192.379883 2769.926025 1991.296265 2174.362793 2377.084229 2879.996338 3124.899414 2672.763428 1991.202393 1687.128052 2139.564209 2069.144043 2054.353027 2026.579468 1858.472656 1658.337524 1569.839111,
 663.401245 901.366394 1127.588013 1503.681885 1943.362427 2190.328613 2098.354980 1076.580322 1147.224609 1432.157959 1925.900513 2190.658447 2183.322510 2007.248291 1395.466431 1629.817505 2556.633057 3349.847168 2952.407471 2101.446289 1698.519165 1558.365723 2054.281250 3438.623291 4335.721680 3438.623291 2054.281250 1558.365723 1698.519165 2101.446289 2952.407471 3349.847168 2556.633057 1629.817505 1395.466431 2007.248291 2183.322510 2190.658447 1925.900513 1432.157959 1147.224609 1076.580322 2098.354980 2190.328613 1943.362427 1503.681885 1127.588013 901.366394 663.401245,
 -826.249512 -531.109314 80.619019 816.664429 1261.207764 1433.272705 1448.263428 -569.799561 -141.514465 619.758301 1420.824707 1727.034180 1673.288574 1506.299805 -65.802368 559.136353 1536.208740 2339.984375 2276.102295 1744.691040 1276.723267 654.837524 1359.966675 2334.925781 2884.778320 2334.925781 1359.966675 654.837524 1276.723267 1744.691040 2276.102295 2339.984375 1536.208740 559.136353 -65.802368 1506.299805 1673.288574 1727.034180 1420.824707 619.758301 -141.514465 -569.799561 1448.263428 1433.272705 1261.207764 816.664429 80.619019 -531.109314 -826.249512,
 -247.190094 -785.749268 -1061.622314 -737.417114 1.783875 599.362793 652.777466 -864.873779 -1161.050415 -794.923706 199.689423 1057.414307 1153.824585 562.760620 -1233.105225 -904.953918 228.145203 1498.173462 1779.610596 975.857117 -120.399841 -934.192505 49.130791 1441.831421 2157.546387 1441.831421 49.130791 -934.192505 -120.399841 975.857117 1779.610596 1498.173462 228.145203 -904.953918 -1233.105225 562.760620 1153.824585 1057.414307 199.689423 -794.923706 -1161.050415 -864.873779 652.777466 599.362793 1.783875 -737.417114 -1061.622314 -785.749268 -247.190094,

Auto-correlations of the modulus of each oriented sub-band
 90.126076 97.203751 104.382286 107.785706 105.342751 98.344177 90.469322 104.768082 116.885551 128.574417 133.981842 130.127884 119.134193 106.598831 120.791382 138.345200 154.766464 162.024216 156.149643 140.469498 122.838196 129.179245 149.318542 167.807495 175.467072 167.807495 149.318542 129.179245 122.838196 140.469498 156.149643 162.024216 154.766464 138.345200 120.791382 106.598831 119.134193 130.127884 133.981842 128.574417 116.885551 104.768082 90.469322 98.344177 105.342751 107.785706 104.382286 97.203751 90.126076,
 105.006187 111.704842 115.400848 114.121140 107.930267 98.893974 89.826241 110.868027 126.567062 138.319168 139.635452 130.011673 114.271164 98.291092 113.845238 137.255936 157.543091 163.263977 151.038147 128.910477 106.369301 112.164734 138.058548 162.676971 173.570587 162.676971 138.058548 112.164734 106.369301 128.910477 151.038147 163.263977 157.543091 137.255936 113.845238 98.291092 114.271164 130.011673 139.635452 138.319168 126.567062 110.868027 89.826241 98.893974 107.930267 114.121140 115.400848 111.704842 105.006187,
 87.597961 104.767662 121.323685 128.264404 121.314194 105.669075 90.477829 96.142365 118.152451 139.955887 149.388214 139.785568 118.623276 98.263336 103.998161 129.904465 156.302673 168.224380 156.134644 130.037491 105.062721 107.487450 134.614288 162.819519 175.945801 162.819519 134.614288 107.487450 105.062721 130.037491 156.134644 168.224380 156.302673 129.904465 103.998161 98.263336 118.623276 139.785568 149.388214 139.955887 118.152451 96.142365 90.477829 105.669075 121.314194 128.264404 121.323685 104.767662 87.597961,
 84.015839 92.676506 101.325035 107.847015 110.183235 108.104469 103.580688 92.849922 107.416222 122.003036 131.365967 130.895157 121.153389 108.023369 101.456421 122.377686 143.078262 154.559052 149.579575 131.403900 110.360962 108.068504 132.106949 154.924118 164.912598 154.924118 132.106949 108.068504 110.360962 131.403900 149.579575 154.559052 143.078262 122.377686 101.456421 108.023369 121.153389 130.895157 131.365967 122.003036 107.416222 92.849922 103.580688 108.104469 110.183235 107.847015 101.325035 92.676506 84.015839,
 218.685364 234.622375 248.040573 255.680695 255.287064 248.183655 237.608826 272.759216 298.159912 320.457214 331.875488 326.543823 307.465576 282.745422 328.225861 370.208282 407.328094 424.414917 411.370209 375.640472 332.837860 354.590393 406.915619 452.880310 472.242065 452.880310 406.915619 354.590393 332.837860 375.640472 411.370209 424.414917 407.328094 370.208282 328.225861 282.745422 307.465576 326.543823 331.875488 320.457214 298.159912 272.759216 237.608826 248.183655 255.287064 255.680695 248.040573 234.622375 218.685364,
 253.880615 289.248169 299.451843 287.431213 269.811829 257.605347 251.731323 285.033875 340.664825 369.814362 355.616028 316.173065 278.901031 255.669128 293.544067 365.447998 425.714905 430.437195 378.808044 314.134155 266.737671 282.868530 351.146545 428.133179 465.994995 428.133179 351.146545 282.868530 266.737671 314.134155 378.808044 430.437195 425.714905 365.447998 293.544067 255.669128 278.901031 316.173065 355.616028 369.814362 340.664825 285.033875 251.731323 257.605347 269.811829 287.431213 299.451843 289.248169 253.880615,
 265.467987 315.380585 372.284790 407.018188 397.432739 359.477692 321.027252 291.981995 352.024231 424.602020 466.551208 443.209625 383.013977 329.171448 314.326385 383.962921 470.995667 519.193970 480.896667 399.898346 332.674347 328.374512 401.620117 493.138245 541.384033 493.138245 401.620117 328.374512 332.674347 399.898346 480.896667 519.193970 470.995667 383.962921 314.326385 329.171448 383.013977 443.209625 466.551208 424.602020 352.024231 291.981995 321.027252 359.477692 397.432739 407.018188 372.284790 315.380585 265.467987,
 197.787521 215.966522 244.422256 282.443359 316.176941 323.368500 299.721924 218.471344 251.455154 299.412567 351.106781 376.959198 356.851440 309.075775 245.622574 298.670654 368.254517 424.412781 423.910522 368.477478 301.244598 276.504242 345.527283 422.178833 459.400574 422.178833 345.527283 276.504242 301.244598 368.477478 423.910522 424.412781 368.254517 298.670654 245.622574 309.075775 356.851440 376.959198 351.106781 299.412567 251.455154 218.471344 299.721924 323.368500 316.176941 282.443359 244.422256 215.966522 197.787521,
 100.150284 131.070465 155.058289 169.166992 175.937653 180.729828 186.339066 138.724289 174.333923 200.769394 211.530243 207.884140 197.284119 186.614212 183.754669 242.747681 290.663483 306.444397 285.159515 242.599274 199.002686 206.775558 277.681580 345.178345 374.638367 345.178345 277.681580 206.775558 199.002686 242.599274 285.159515 306.444397 290.663483 242.747681 183.754669 186.614212 197.284119 207.884140 211.530243 200.769394 174.333923 138.724289 186.339066 180.729828 175.937653 169.166992 155.058289 131.070465 100.150284,
 148.349152 200.926544 251.853775 276.117279 272.036041 259.802002 247.977844 210.338806 274.207092 330.650940 344.795868 317.357239 282.667847 256.638123 259.896362 336.633942 417.694611 437.679688 384.290924 316.701141 269.430176 276.590485 347.077026 439.643616 490.560394 439.643616 347.077026 276.590485 269.430176 316.701141 384.290924 437.679688 417.694611 336.633942 259.896362 256.638123 282.667847 317.357239 344.795868 330.650940 274.207092 210.338806 247.977844 259.802002 272.036041 276.117279 251.853775 200.926544 148.349152,
 111.074738 170.084106 235.207443 264.949066 254.836197 251.731659 255.500763 153.207764 215.297745 301.768677 346.981812 312.593262 271.831848 256.349243 194.560822 256.198059 362.100647 426.861389 365.854675 283.457825 247.006622 227.074326 280.316589 388.160889 462.601135 388.160889 280.316589 227.074326 247.006622 283.457825 365.854675 426.861389 362.100647 256.198059 194.560822 256.349243 271.831848 312.593262 346.981812 301.768677 215.297745 153.207764 255.500763 251.731659 254.836197 264.949066 235.207443 170.084106 111.074738,
 89.054520 134.178833 167.708435 191.395264 217.183716 234.098877 228.872269 126.976822 167.852875 212.469727 265.998230 299.486542 277.217316 232.583359 161.872391 210.544281 288.932190 370.348022 370.084412 290.190369 219.813187 194.179642 260.386475 364.030334 426.665375 364.030334 260.386475 194.179642 219.813187 290.190369 370.084412 370.348022 288.932190 210.544281 161.872391 232.583359 277.217316 299.486542 265.998230 212.469727 167.852875 126.976822 228.872269 234.098877 217.183716 191.395264 167.708435 134.178833 89.054520,
 -8.029406 21.045616 48.314285 65.971901 69.995743 59.801598 38.653137 14.118168 53.596001 88.096573 105.860321 102.150223 80.046364 47.008751 36.695168 87.368126 131.187134 149.980103 136.097137 98.699959 52.439171 51.108372 106.024185 153.705872 173.689240 153.705872 106.024185 51.108372 52.439171 98.699959 136.097137 149.980103 131.187134 87.368126 36.695168 47.008751 80.046364 102.150223 105.860321 88.096573 53.596001 14.118168 38.653137 59.801598 69.995743 65.971901 48.314285 21.045616 -8.029406,
 -10.065502 -5.431192 5.409405 24.958675 44.822193 53.546059 45.093891 5.783298 19.543810 32.808838 45.177811 54.905472 57.464684 46.582424 20.422802 50.479858 83.016556 94.228477 80.067017 57.371262 35.799320 28.081909 61.468357 104.572166 127.700180 104.572166 61.468357 28.081909 35.799320 57.371262 80.067017 94.228477 83.016556 50.479858 20.422802 46.582424 57.464684 54.905472 45.177811 32.808838 19.543810 5.783298 45.093891 53.546059 44.822193 24.958675 5.409405 -5.431192 -10.065502,
 -39.984169 -0.908735 32.200829 47.090446 50.888893 59.394524 66.553886 -13.612671 36.013123 83.315834 102.167816 87.589790 71.168831 57.945496 11.840729 65.326683 123.030464 149.695435 120.721443 79.546638 46.541885 31.757744 79.574524 136.470413 169.458405 136.470413 79.574524 31.757744 46.541885 79.546638 120.721443 149.695435 123.030464 65.326683 11.840729 57.945496 71.168831 87.589790 102.167816 83.315834 36.013123 -13.612671 66.553886 59.394524 50.888893 47.090446 32.200829 -0.908735 -39.984169,
 -36.930927 -24.624115 -10.074622 2.295908 15.765222 27.352486 33.153362 -24.604631 -6.616837 9.724722 27.658558 43.339661 46.767601 41.873619 -1.208424 17.489832 38.645264 62.678108 69.451126 54.774307 39.348652 23.054819 41.749157 67.069786 82.869743 67.069786 41.749157 23.054819 39.348652 54.774307 69.451126 62.678108 38.645264 17.489832 -1.208424 41.873619 46.767601 43.339661 27.658558 9.724722 -6.616837 -24.604631 33.153362 27.352486 15.765222 2.295908 -10.074622 -24.624115 -36.930927,

Pairwise cross-correlations of the modulus of all oriented sub-bands at the same scale (size QxQ)
 175.467102 119.632713 80.387703 124.311089,
 119.632713 173.570572 124.908760 83.626427,
 80.387703 124.908760 175.945786 115.793091,
 124.311089 83.626427 115.793091 164.912613,
 472.242096 384.958679 358.298218 383.385162,
 384.958679 465.995026 398.367828 343.993286,
 358.298218 398.367828 541.384094 403.231323,
 383.385162 343.993286 403.231323 459.400635,
 374.638367 334.004822 296.857605 292.106049,
 334.004822 490.560394 352.841766 300.041382,
 296.857605 352.841766 462.601105 354.304108,
 292.106049 300.041382 354.304108 426.665375,
 173.689240 85.073029 61.497879 69.896828,
 85.073029 127.700195 85.076080 53.279182,
 61.497879 85.076080 169.458405 73.699326,
 69.896828 53.279182 73.699326 82.869743,

Cross-correlations of the modulus of all oriented sub-bands with all oriented sub-bands at the coarser scale (size QxQ)
 250.815292 206.418671 184.173965 203.713211,
 207.697556 248.519913 222.379257 172.272339,
 170.713531 210.628891 264.397766 201.446213,
 208.948395 178.877106 217.243134 237.710007,
 322.794800 326.503448 300.847565 320.353455,
 308.639160 353.075623 321.204498 305.273926,
 283.547302 311.160065 371.960022 323.136749,
 288.239685 305.066650 330.080261 345.838562,
 125.648621 109.231323 146.027069 102.884277,
 138.775742 123.337448 165.040543 99.425735,
 130.357605 102.837532 178.542877 126.893814,
 109.469772 106.138000 161.984589 113.818741,

Cross-correlations of the real part of each oriented sub-band with both the real and imaginary part of all phase-doubled oriented sub-bands at the next coarser scale (Q matrices of size 1x2Q, which are computed and stored in a matrix of size Qx2Q)
 102.453667 43.070564 4.379466 45.359222 -6.292653 -4.458088 -0.224221 -0.510201,
 43.583035 104.704086 56.486374 6.030001 -5.367245 0.288504 3.012056 -0.006156,
 3.659086 58.876545 110.942368 38.906662 -0.281177 3.045816 -0.713113 -4.632160,
 45.514278 8.007527 41.142319 90.445717 -0.619688 -0.772555 -3.845087 -6.387419,
 -89.050377 -38.198360 -2.288648 -32.349079 -2.758495 -0.171803 0.616980 4.609810,
 -38.468418 -78.392662 -44.449867 -3.958843 -6.326663 3.423430 7.794144 1.475262,
 -3.702527 -46.733524 -96.547997 -45.114731 -1.864907 9.563835 19.476688 0.856087,
 -39.819149 -9.325064 -40.187462 -86.167198 -2.408973 2.889680 9.218744 1.907472,
 -25.164146 -13.640151 -3.617576 -20.881294 -47.140221 -8.244173 -0.885727 8.439108,
 -7.108080 -52.861244 -11.433989 -0.890365 -23.772896 10.501593 -2.001943 3.290321,
 -1.350800 -25.683220 -2.399720 -6.536522 -0.261588 7.268987 21.055979 23.741821,
 -14.727304 -0.866631 0.607530 -31.656445 -10.904787 -3.979137 16.315445 31.393631,
