Low-band skewness and kurtosis
 -2.176343 6.073144,
 -2.234899 6.804363,
 -1.662420 4.826952,
 -1.445729 4.710212,
 -0.952731 2.890294,

High-band variance
 148.441055,

Skewness, kurtosis, variance, mean, maximum and minimum of the reconstructed texture
 -2.163014 5.824360 6724.170898 221.619873 255.000000 0.000000,

Auto-correlations of the low-frequency bands at each scale
 2694.124023 3251.508545 3671.006348 3829.733643 3653.890137 3201.121826 2582.861328 3233.743896 3988.832275 4638.709473 4904.916016 4600.929199 3905.226318 3098.264893 3595.276123 4600.017090 5588.997070 6025.879883 5551.331055 4525.752441 3491.275146 3682.465332 4821.697266 6000.460938 6543.722656 6000.460938 4821.697266 3682.465332 3491.275146 4525.752441 5551.331055 6025.879883 5588.997070 4600.017090 3595.276123 3098.264893 3905.226318 4600.929199 4904.916016 4638.709473 3988.832275 3233.743896 2582.861328 3201.121826 3653.890137 3829.733643 3671.006348 3251.508545 2694.124023,
 1206.848389 1254.793213 1419.649170 1572.155029 1472.139404 1225.154053 1112.666748 1220.860107 1695.021973 2491.459473 2931.713623 2440.151367 1522.026855 1038.237793 1323.466309 2418.155762 4115.518555 4990.718750 4039.393066 2241.878418 1150.321289 1323.783447 2731.227295 4916.824219 6047.432129 4916.824219 2731.227295 1323.783447 1150.321289 2241.878418 4039.393066 4990.718750 4115.518555 2418.155762 1323.466309 1038.237793 1522.026855 2440.151367 2931.713623 2491.459473 1695.021973 1220.860107 1112.666748 1225.154053 1472.139404 1572.155029 1419.649170 1254.793213 1206.848389,
 1133.059937 919.341492 797.945740 1006.368286 1129.126343 1037.982666 978.473267 1159.734741 904.894714 1062.988525 1364.617676 1186.795166 947.330383 1061.754761 926.420471 967.610718 2180.737061 3071.619385 2173.192627 955.310425 877.822693 747.791504 1044.592041 2930.456543 4231.211426 2930.456543 1044.592041 747.791504 877.822693 955.310425 2173.192627 3071.619385 2180.737061 967.610718 926.420471 1061.754761 947.330383 1186.795166 1364.617676 1062.988525 904.894714 1159.734741 978.473267 1037.982666 1129.126343 1006.368286 797.945740 919.341492 1133.059937,
 400.975800 503.932800 602.205872 598.229004 543.144226 486.091003 329.689850 526.739197 609.989380 830.973877 970.196411 825.990723 607.987427 432.347412 535.143555 767.960083 1346.267700 1737.764404 1384.359497 823.186157 546.848511 577.406006 926.892822 1705.795410 2208.003418 1705.795410 926.892822 577.406006 546.848511 823.186157 1384.359497 1737.764404 1346.267700 767.960083 535.143555 432.347412 607.987427 825.990723 970.196411 830.973877 609.989380 526.739197 329.689850 486.091003 543.144226 598.229004 602.205872 503.932800 400.975800,
 -508.437622 -379.143890 -151.541290 19.896790 -132.220673 -454.667572 -634.332153 -214.261078 -13.048828 311.781067 527.571777 295.254639 -163.696426 -409.610321 -17.466278 287.951599 822.097839 1135.445557 784.630188 157.733261 -162.730042 -13.847443 354.621857 1047.801880 1443.900146 1047.801880 354.621857 -13.847443 -162.730042 157.733261 784.630188 1135.445557 822.097839 287.951599 -17.466278 -409.610321 -163.696426 295.254639 527.571777 311.781067 -13.048828 -214.261078 -634.332153 -454.667572 -132.220673 19.896790 -151.541290 -379.143890 -508.437622,

Auto-correlations of the modulus of each oriented sub-band
 73.723663 82.872688 90.619637 93.350800 89.710960 81.794518 73.587402 91.781952 106.193306 118.744820 123.697472 118.627190 106.406395 93.024261 110.485306 129.879745 147.027313 153.985184 147.148926 130.311783 111.520309 119.122025 140.692627 160.056625 168.010300 160.056625 140.692627 119.122025 111.520309 130.311783 147.148926 153.985184 147.027313 129.879745 110.485306 93.024261 106.406395 118.627190 123.697472 118.744820 106.193306 91.781952 73.587402 81.794518 89.710960 93.350800 90.619637 82.872688 73.723663,
 96.806358 102.739319 105.643890 102.758881 93.734482 81.038513 68.077278 101.714081 117.033272 128.324066 129.328308 118.503471 100.090202 80.351654 103.507111 127.423187 147.404785 153.163940 141.054718 117.485718 91.844330 100.184280 127.915649 152.795746 163.306473 152.795746 127.915649 100.184280 91.844330 117.485718 141.054718 153.163940 147.404785 127.423187 103.507111 80.351654 100.090202 118.503471 129.328308 128.324066 117.033272 101.714081 68.077278 81.038513 93.734482 102.758881 105.643890 102.739319 96.806358,
 74.135635 92.217499 109.588913 116.670212 108.059738 90.005524 72.298813 80.672630 103.494255 126.156151 135.944550 124.973640 101.679451 78.931358 86.672386 113.639061 141.038849 153.479828 140.422668 112.627174 85.609108 88.785027 117.452362 146.927368 160.716766 146.927368 117.452362 88.785027 85.609108 112.627174 140.422668 153.479828 141.038849 113.639061 86.672386 78.931358 101.679451 124.973640 135.944550 126.156151 103.494255 80.672630 72.298813 90.005524 108.059738 116.670212 109.588913 92.217499 74.135635,
 78.044838 90.914528 102.568871 110.943703 114.555519 113.458611 109.372322 90.978561 110.303543 127.841019 138.506195 138.505539 128.626663 114.402145 102.805893 127.959511 150.863541 163.002472 158.002426 138.891190 115.542511 111.521332 138.809601 163.105530 173.390457 163.105530 138.809601 111.521332 115.542511 138.891190 158.002426 163.002472 150.863541 127.959511 102.805893 114.402145 128.626663 138.505539 138.506195 127.841019 110.303543 90.978561 109.372322 113.458611 114.555519 110.943703 102.568871 90.914528 78.044838,
 213.076523 221.544952 228.750153 231.440842 227.586273 218.609528 207.509262 246.541901 273.044708 297.398315 310.429718 306.884521 290.334259 268.037933 301.499176 349.991638 394.210785 416.584412 406.636932 371.752991 327.687103 342.119507 400.452454 451.376862 472.635437 451.376862 400.452454 342.119507 327.687103 371.752991 406.636932 416.584412 394.210785 349.991638 301.499176 268.037933 290.334259 306.884521 310.429718 297.398315 273.044708 246.541901 207.509262 218.609528 227.586273 231.440842 228.750153 221.544952 213.076523,
 264.715546 280.831940 266.172577 228.279541 189.453751 166.553223 157.277908 278.632385 327.639526 342.138947 308.099854 247.392792 195.118179 166.039505 263.621307 338.985168 396.702881 392.687469 326.899170 247.356003 190.205002 227.954651 305.842712 391.168182 431.988220 391.168182 305.842712 227.954651 190.205002 247.356003 326.899170 392.687469 396.702881 338.985168 263.621307 166.039505 195.118179 247.392792 308.099854 342.138947 327.639526 278.632385 157.277908 166.553223 189.453751 228.279541 266.172577 280.831940 264.715546,
 194.293655 244.226013 300.361969 325.003540 294.821014 234.406616 181.182907 198.146591 263.729004 341.494934 378.037720 337.470520 257.141113 188.770432 199.678619 279.239075 377.223267 426.177979 375.586548 276.550720 195.036224 198.816498 284.926025 391.752655 446.883057 391.752655 284.926025 198.816498 195.036224 276.550720 375.586548 426.177979 377.223267 279.239075 199.678619 188.770432 257.141113 337.470520 378.037720 341.494934 263.729004 198.146591 181.182907 234.406616 294.821014 325.003540 300.361969 244.226013 194.293655,
 161.626251 181.512222 218.843811 263.920380 300.273254 312.417542 294.988556 180.691345 226.319214 289.146027 348.282898 376.933319 362.013733 314.183655 216.555695 287.797180 371.829651 432.678284 434.120544 378.640076 301.938324 262.785553 348.363800 433.117676 471.159241 433.117676 348.363800 262.785553 301.938324 378.640076 434.120544 432.678284 371.829651 287.797180 216.555695 314.183655 362.013733 376.933319 348.282898 289.146027 226.319214 180.691345 294.988556 312.417542 300.273254 263.920380 218.843811 181.512222 161.626251,
 241.725830 254.769272 257.857025 252.674133 241.436203 227.038223 209.915619 267.929657 299.766266 323.757874 332.181274 320.464417 292.891083 258.542267 318.160858 388.174011 449.848175 474.823608 447.312531 381.809875 310.708282 343.645508 440.125092 532.609680 573.107727 532.609680 440.125092 343.645508 310.708282 381.809875 447.312531 474.823608 449.848175 388.174011 318.160858 258.542267 292.891083 320.464417 332.181274 323.757874 299.766266 267.929657 209.915619 227.038223 241.436203 252.674133 257.857025 254.769272 241.725830,
 196.753784 235.395157 233.552002 204.527405 172.998474 151.358566 135.177155 238.092957 314.127869 341.294891 303.930786 239.972137 190.333878 157.271484 251.122437 358.365662 441.711548 435.510559 347.390503 252.723572 187.673431 226.341171 328.069885 446.742249 506.274506 446.742249 328.069885 226.341171 187.673431 252.723572 347.390503 435.510559 441.711548 358.365662 251.122437 157.271484 190.333878 239.972137 303.930786 341.294891 314.127869 238.092957 135.177155 151.358566 172.998474 204.527405 233.552002 235.395157 196.753784,
 186.557892 211.699951 230.238892 232.867081 193.638855 151.515076 143.805359 207.691818 247.469116 300.907867 328.055603 267.178558 192.521912 166.288773 213.707138 266.335632 360.152252 420.385864 339.809540 234.266083 189.176529 206.507324 262.167786 377.820435 461.278595 377.820435 262.167786 206.507324 189.176529 234.266083 339.809540 420.385864 360.152252 266.335632 213.707138 166.288773 192.521912 267.178558 328.055603 300.907867 247.469116 207.691818 143.805359 151.515076 193.638855 232.867081 230.238892 211.699951 186.557892,
 186.648041 199.692368 214.180267 232.845383 238.081390 217.057877 189.835480 217.511795 245.431763 291.178894 345.338074 357.971313 311.669861 252.032516 246.755371 305.616119 401.605743 487.157684 474.370575 377.511505 284.513306 275.650513 367.584351 492.746124 561.168457 492.746124 367.584351 275.650513 284.513306 377.511505 474.370575 487.157684 401.605743 305.616119 246.755371 252.032516 311.669861 357.971313 345.338074 291.178894 245.431763 217.511795 189.835480 217.057877 238.081390 232.845383 214.180267 199.692368 186.648041,
 -3.800959 -1.274027 1.465428 1.459332 -4.338012 -13.209446 -20.096441 5.653601 18.587444 32.911419 38.863380 28.933882 9.407249 -7.971765 29.441597 59.643471 92.438431 107.152321 89.317490 53.128853 20.776157 40.970581 80.927910 125.831833 147.433105 125.831833 80.927910 40.970581 20.776157 53.128853 89.317490 107.152321 92.438431 59.643471 29.441597 -7.971765 9.407249 28.933882 38.863380 32.911419 18.587444 5.653601 -20.096441 -13.209446 -4.338012 1.459332 1.465428 -1.274027 -3.800959,
 41.668533 63.922100 78.899803 64.568741 37.521049 22.172009 8.458141 50.954132 79.904266 108.292458 99.160446 60.049614 32.703796 18.512604 49.298393 85.111832 132.680817 141.655365 93.883545 48.286301 27.246084 38.207291 70.682816 127.813004 165.061798 127.813004 70.682816 38.207291 27.246084 48.286301 93.883545 141.655365 132.680817 85.111832 49.298393 18.512604 32.703796 60.049614 99.160446 108.292458 79.904266 50.954132 8.458141 22.172009 37.521049 64.568741 78.899803 63.922100 41.668533,
 21.835049 32.247166 42.691978 44.351971 36.168724 24.967159 10.627475 36.226341 46.644955 65.171776 75.945366 65.407982 48.427029 31.179010 41.364040 58.782722 94.124954 117.684875 98.527145 66.610847 43.458210 44.477394 68.301193 111.294983 139.471161 111.294983 68.301193 44.477394 43.458210 66.610847 98.527145 117.684875 94.124954 58.782722 41.364040 31.179010 48.427029 65.407982 75.945366 65.171776 46.644955 36.226341 10.627475 24.967159 36.168724 44.351971 42.691978 32.247166 21.835049,
 -2.586651 -3.988978 -0.858523 9.762388 13.814853 7.728753 2.240454 5.596668 5.432619 17.494869 38.738579 43.352070 29.205667 14.794140 14.744564 21.139330 49.928261 83.240250 76.988518 44.138504 21.765244 21.504997 39.030792 80.784683 108.871880 80.784683 39.030792 21.504997 21.765244 44.138504 76.988518 83.240250 49.928261 21.139330 14.744564 14.794140 29.205667 43.352070 38.738579 17.494869 5.432619 5.596668 2.240454 7.728753 13.814853 9.762388 -0.858523 -3.988978 -2.586651,

Pairwise cross-correlations of the modulus of all oriented sub-bands at the same scale (size QxQ)
 168.010300 112.645203 64.442688 112.290062,
 112.645203 163.306488 107.819420 73.506554,
 64.442688 107.819420 160.716766 116.468628,
 112.290062 73.506554 116.468628 173.390503,
 472.635468 363.763916 315.449707 369.290192,
 363.763916 431.988251 336.444489 305.639465,
 315.449707 336.444489 446.883057 371.324585,
 369.290192 305.639465 371.324585 471.159210,
 573.107666 376.917328 320.015076 417.171265,
 376.917328 506.274536 370.940948 338.544739,
 320.015076 370.940948 461.278625 373.064178,
 417.171265 338.544739 373.064178 561.168457,
 147.433105 90.766273 52.962944 83.237373,
 90.766273 165.061798 91.448647 54.440830,
 52.962944 91.448647 139.471161 75.438728,
 83.237373 54.440830 75.438728 108.871887,

Cross-correlations of the modulus of all oriented sub-bands with all oriented sub-bands at the coarser scale (size QxQ)
 240.798264 185.292542 149.947372 192.040649,
 201.884140 229.043503 190.099716 162.682373,
 156.277588 178.174240 227.581909 196.627747,
 200.975311 156.247223 202.266876 248.166382,
 379.598328 354.171478 311.184814 357.722351,
 338.379578 353.498016 316.651337 302.319885,
 321.541565 349.847626 349.785400 325.526733,
 352.176086 335.484192 346.876434 360.497620,
 147.185486 212.809937 159.969391 111.954453,
 125.248184 164.144073 117.629501 103.162872,
 122.503883 123.683914 138.298462 117.470932,
 110.177887 138.012436 169.159348 114.192398,

Cross-correlations of the real part of each oriented sub-band with both the real and imaginary part of all phase-doubled oriented sub-bands at the next coarser scale (Q matrices of size 1x2Q, which are computed and stored in a matrix of size Qx2Q)
 107.754570 43.104736 3.669454 44.789333 -1.451574 -1.574961 -0.169947 -1.541925,
 48.387600 86.067184 36.987717 5.153033 -1.635487 -0.988376 -0.003656 0.323915,
 4.325374 35.144337 93.975891 46.886799 0.626586 -0.718934 2.496910 1.505509,
 45.587009 4.664423 45.223827 102.013924 1.573313 -0.440055 2.074344 -2.336988,
 -153.934280 -54.856499 -6.562855 -71.627655 1.663942 -0.991278 -0.656831 -3.545456,
 -67.512665 -126.105263 -63.399284 -7.584487 4.138225 -8.910358 -18.691563 3.046165,
 -7.158027 -61.999893 -121.085457 -53.053303 1.915351 -9.757327 -19.709059 10.884393,
 -71.719765 -7.733906 -44.762318 -142.345825 3.376122 -2.211122 4.979558 1.914541,
 -41.269905 0.449685 -0.201574 -33.156342 8.467434 -8.740382 -2.719424 -14.558426,
 -21.845247 0.629398 -21.885384 -2.146373 12.778706 -40.047272 -8.828850 -4.572995,
 -1.110366 -3.231203 -69.763161 -37.674248 3.904674 -21.490431 -26.310354 -29.605881,
 -14.051216 1.289121 -37.696159 -80.993423 4.175447 -0.418582 -15.145174 -42.568878,
