Low-band skewness and kurtosis
 -2.420246 7.149620,
 -2.460186 7.720146,
 -2.156617 6.595364,
 -2.043097 6.529078,
 -1.288065 3.678167,

High-band variance
 107.138153,

Skewness, kurtosis, variance, mean, maximum and minimum of the reconstructed texture
 -2.407772 6.928655 6067.815430 225.982971 255.000000 0.000000,

Auto-correlations of the low-frequency bands at each scale
 3327.868408 3680.944336 3933.990967 4039.117920 3964.605225 3737.990723 3424.972900 3721.099609 4197.728516 4604.294922 4776.581055 4599.808594 4190.531250 3731.957031 3998.861084 4637.207031 5276.331543 5565.939453 5263.381348 4612.671875 3977.718994 4089.630371 4811.598633 5578.232422 5936.658203 5578.232422 4811.598633 4089.630371 3977.718994 4612.671875 5263.381348 5565.939453 5276.331543 4637.207031 3998.861084 3731.957031 4190.531250 4599.808594 4776.581055 4604.294922 4197.728516 3721.099609 3424.972900 3737.990723 3964.605225 4039.117920 3933.990967 3680.944336 3327.868408,
 1863.354980 2063.052490 2292.624268 2498.407227 2611.787842 2660.872803 2660.619629 2156.946777 2569.573975 3124.626709 3437.920898 3258.745361 2881.006104 2654.166504 2436.581787 3200.060059 4293.581055 4843.547852 4288.271484 3249.483398 2589.403564 2571.432129 3493.127197 4867.424805 5575.315430 4867.424805 3493.127197 2571.432129 2589.403564 3249.483398 4288.271484 4843.547852 4293.581055 3200.060059 2436.581787 2654.166504 2881.006104 3258.745361 3437.920898 3124.626709 2569.573975 2156.946777 2660.619629 2660.872803 2611.787842 2498.407227 2292.624268 2063.052490 1863.354980,
 349.232666 746.568970 1102.120483 1428.470703 1690.857056 2011.705444 2290.192627 950.429810 1274.967407 1735.525269 2181.381592 2257.923340 2197.902344 2154.021484 1395.291260 1883.416504 2859.413330 3591.828369 3201.445557 2364.902344 1870.664307 1640.159912 2330.662842 3640.982422 4432.005371 3640.982422 2330.662842 1640.159912 1870.664307 2364.902344 3201.445557 3591.828369 2859.413330 1883.416504 1395.291260 2154.021484 2197.902344 2257.923340 2181.381592 1735.525269 1274.967407 950.429810 2290.192627 2011.705444 1690.857056 1428.470703 1102.120483 746.568970 349.232666,
 -822.000122 -789.230164 -610.820007 -28.611572 944.617493 1775.788818 1960.627808 -718.233215 -436.307312 122.459961 918.817383 1695.123291 2066.343506 1742.029785 -416.776459 360.431519 1518.652466 2419.366455 2454.743164 1832.655884 969.108765 146.800476 1241.519775 2574.254883 3242.746582 2574.254883 1241.519775 146.800476 969.108765 1832.655884 2454.743164 2419.366455 1518.652466 360.431519 -416.776459 1742.029785 2066.343506 1695.123291 918.817383 122.459961 -436.307312 -718.233215 1960.627808 1775.788818 944.617493 -28.611572 -610.820007 -789.230164 -822.000122,
 -246.980225 -865.339539 -1133.087891 -927.743591 -168.806091 749.741028 1073.431641 -850.470764 -1145.141602 -936.375610 -117.700851 916.875244 1350.552734 827.381409 -1150.633179 -939.109680 48.575989 1298.051392 1690.935059 954.406677 -113.435181 -943.732056 -96.483337 1322.110718 2083.722412 1322.110718 -96.483337 -943.732056 -113.435181 954.406677 1690.935059 1298.051392 48.575989 -939.109680 -1150.633179 827.381409 1350.552734 916.875244 -117.700851 -936.375610 -1145.141602 -850.470764 1073.431641 749.741028 -168.806091 -927.743591 -1133.087891 -865.339539 -246.980225,

Auto-correlations of the modulus of each oriented sub-band
 61.405849 67.486038 73.007462 75.753029 74.646912 70.672226 66.145943 73.612617 83.427872 92.121544 95.989883 93.311363 85.691391 76.881828 87.232109 101.164207 113.408096 118.573616 114.168350 102.561562 89.140572 94.208130 109.998199 123.863014 129.484436 123.863014 109.998199 94.208130 89.140572 102.561562 114.168350 118.573616 113.408096 101.164207 87.232109 76.881828 85.691391 93.311363 95.989883 92.121544 83.427872 73.612617 66.145943 70.672226 74.646912 75.753029 73.007462 67.486038 61.405849,
 77.521187 82.722282 86.194839 85.794739 81.094772 73.539742 65.323723 83.292709 95.427597 104.773071 106.373306 99.337234 86.879257 73.283417 86.782249 105.129158 120.726700 125.366432 116.479874 99.343193 80.867989 85.942505 106.630196 125.512360 133.580643 125.512360 106.630196 85.942505 80.867989 99.343193 116.479874 125.366432 120.726700 105.129158 86.782249 73.283417 86.879257 99.337234 106.373306 104.773071 95.427597 83.292709 65.323723 73.539742 81.094772 85.794739 86.194839 82.722282 77.521187,
 69.687103 82.018829 93.983437 99.155045 94.268852 83.824707 74.500549 76.850975 92.885208 108.912987 116.060791 108.838615 93.468796 79.182930 83.059517 102.350067 122.159035 131.362076 122.015816 102.360565 83.834816 85.661201 106.066147 127.452950 137.671082 127.452950 106.066147 85.661201 83.834816 102.360565 122.015816 131.362076 122.159035 102.350067 83.059517 79.182930 93.468796 108.838615 116.060791 108.912987 92.885208 76.850975 74.500549 83.824707 94.268852 99.155045 93.983437 82.018829 69.687103,
 68.906845 79.024292 88.302956 95.417114 98.862984 98.267578 95.214294 77.784698 91.983414 105.475662 114.471695 115.253601 108.166473 98.024796 86.444969 104.551872 122.065399 132.082520 128.666077 114.463692 97.783302 93.647125 113.230942 131.635925 139.697937 131.635925 113.230942 93.647125 97.783302 114.463692 128.666077 132.082520 122.065399 104.551872 86.444969 98.024796 108.166473 115.253601 114.471695 105.475662 91.983414 77.784698 95.214294 98.267578 98.862984 95.417114 88.302956 79.024292 68.906845,
 140.836243 157.514008 173.871872 188.659058 199.904312 205.834412 206.020844 178.759262 201.443069 221.964218 236.116150 239.902481 233.252853 219.612320 225.302475 259.310486 288.412567 302.843628 296.147858 272.597107 241.886795 251.408142 291.793457 325.944641 340.087250 325.944641 291.793457 251.408142 241.886795 272.597107 296.147858 302.843628 288.412567 259.310486 225.302475 219.612320 233.252853 239.902481 236.116150 221.964218 201.443069 178.759262 206.020844 205.834412 199.904312 188.659058 173.871872 157.514008 140.836243,
 168.841217 191.165070 201.802734 200.241547 193.098511 185.440094 177.527313 191.116135 226.817596 248.255905 243.948059 221.876297 198.508728 181.058517 199.855881 246.936432 287.144073 293.052795 261.955780 219.948517 187.120621 195.844925 241.903168 292.462769 316.784485 292.462769 241.903168 195.844925 187.120621 219.948517 261.955780 293.052795 287.144073 246.936432 199.855881 181.058517 198.508728 221.876297 243.948059 248.255905 226.817596 191.116135 177.527313 185.440094 193.098511 200.241547 201.802734 191.165070 168.841217,
 125.016144 170.119797 219.816635 247.551270 243.784592 225.437180 208.148651 144.591202 197.456726 260.564148 293.239380 275.034668 235.691528 205.255417 165.029144 221.307983 294.381500 332.783508 300.779572 240.833130 196.921570 183.252625 236.678131 309.500519 349.322937 309.500519 236.678131 183.252625 196.921570 240.833130 300.779572 332.783508 294.381500 221.307983 165.029144 205.255417 235.691528 275.034668 293.239380 260.564148 197.456726 144.591202 208.148651 225.437180 243.784592 247.551270 219.816635 170.119797 125.016144,
 145.996216 174.746170 214.894669 259.255371 294.881989 310.239868 303.174744 170.018539 215.231842 272.732666 326.651703 355.039978 347.857513 315.034363 209.402893 271.559113 342.064178 393.630280 398.231415 357.954803 299.543518 258.454010 327.982910 394.362793 423.560669 394.362793 327.982910 258.454010 299.543518 357.954803 398.231415 393.630280 342.064178 271.559113 209.402893 315.034363 347.857513 355.039978 326.651703 272.732666 215.231842 170.018539 303.174744 310.239868 294.881989 259.255371 214.894669 174.746170 145.996216,
 54.010323 91.307655 130.748215 171.783813 207.555527 227.356689 225.356110 108.636551 155.993622 201.402573 235.648315 251.606125 247.272827 226.151688 160.761963 226.167313 287.958466 319.387085 307.654449 266.277985 216.938599 198.339172 269.414124 337.755493 367.969116 337.755493 269.414124 198.339172 216.938599 266.277985 307.654449 319.387085 287.958466 226.167313 160.761963 226.151688 247.272827 251.606125 235.648315 201.402573 155.993622 108.636551 225.356110 227.356689 207.555527 171.783813 130.748215 91.307655 54.010323,
 86.602119 129.190613 161.300003 174.698578 180.010330 196.510681 221.249268 145.278183 204.996552 248.035339 254.260651 229.182861 205.891327 197.496933 183.599396 260.627625 327.199799 343.526733 298.856171 237.163696 190.472168 193.803955 268.349457 348.070160 387.501862 348.070160 268.349457 193.803955 190.472168 237.163696 298.856171 343.526733 327.199799 260.627625 183.599396 197.496933 205.891327 229.182861 254.260651 248.035339 204.996552 145.278183 221.249268 196.510681 180.010330 174.698578 161.300003 129.190613 86.602119,
 71.096191 118.812927 175.586914 214.496399 230.386688 233.809723 227.032867 111.898506 160.148987 233.254761 283.190857 275.872314 250.626984 230.382263 152.321838 199.590378 285.458527 345.217407 308.698456 249.765518 216.855042 189.065063 231.417084 314.203949 371.945862 314.203949 231.417084 189.065063 216.855042 249.765518 308.698456 345.217407 285.458527 199.590378 152.321838 230.382263 250.626984 275.872314 283.190857 233.254761 160.148987 111.898506 227.032867 233.809723 230.386688 214.496399 175.586914 118.812927 71.096191,
 56.783646 82.417259 122.102768 173.196045 218.916000 239.556885 230.363388 93.599464 127.035568 185.093399 248.502380 281.741180 269.529175 230.226959 136.847015 189.956848 272.959442 341.335938 340.587921 281.967224 215.338654 181.931503 253.356110 342.869873 388.795105 342.869873 253.356110 181.931503 215.338654 281.967224 340.587921 341.335938 272.959442 189.956848 136.847015 230.226959 269.529175 281.741180 248.502380 185.093399 127.035568 93.599464 230.363388 239.556885 218.916000 173.196045 122.102768 82.417259 56.783646,
 -22.270390 -4.070595 18.833061 45.257019 65.644913 69.530731 56.836437 -8.210617 14.779518 36.596107 56.091782 72.231743 77.780632 65.172348 11.239975 45.756817 77.640221 90.501984 81.560753 64.204071 44.633278 26.768555 63.335796 104.591614 125.188179 104.591614 63.335796 26.768555 44.633278 64.204071 81.560753 90.501984 77.640221 45.756817 11.239975 65.172348 77.780632 72.231743 56.091782 36.596107 14.779518 -8.210617 56.836437 69.530731 65.644913 45.257019 18.833061 -4.070595 -22.270390,
 -44.375824 -1.257938 47.251320 90.319458 116.244469 121.801285 111.632141 12.819153 70.223419 126.474136 164.925919 174.031143 157.371231 126.049698 66.407631 135.746933 200.236328 234.322784 222.710022 179.128983 125.080330 105.187088 174.509598 237.055084 264.256989 237.055084 174.509598 105.187088 125.080330 179.128983 222.710022 234.322784 200.236328 135.746933 66.407631 126.049698 157.371231 174.031143 164.925919 126.474136 70.223419 12.819153 111.632141 121.801285 116.244469 90.319458 47.251320 -1.257938 -44.375824,
 -66.754807 -11.264046 41.098595 81.899872 120.674278 154.316437 151.110657 -25.207935 41.518936 111.150063 151.864578 156.940155 163.827103 149.466324 23.199757 88.635590 167.196182 212.950134 183.277390 151.022964 121.013702 74.802597 125.009171 191.355881 238.690720 191.355881 125.009171 74.802597 121.013702 151.022964 183.277390 212.950134 167.196182 88.635590 23.199757 149.466324 163.827103 156.940155 151.864578 111.150063 41.518936 -25.207935 151.110657 154.316437 120.674278 81.899872 41.098595 -11.264046 -66.754807,
 -95.443375 -42.041817 21.902473 88.504250 143.376801 170.157776 161.255936 -46.870972 23.723625 99.858788 166.095093 199.647919 189.980469 146.221329 10.379494 93.546318 176.777298 233.075073 233.993271 184.753265 112.414375 65.791306 151.633804 228.118088 261.228058 228.118088 151.633804 65.791306 112.414375 184.753265 233.993271 233.075073 176.777298 93.546318 10.379494 146.221329 189.980469 199.647919 166.095093 99.858788 23.723625 -46.870972 161.255936 170.157776 143.376801 88.504250 21.902473 -42.041817 -95.443375,

Pairwise cross-correlations of the modulus of all oriented sub-bands at the same scale (size QxQ)
 129.484467 94.431519 67.265091 98.429070,
 94.431519 133.580658 97.801567 71.524025,
 67.265091 97.801567 137.671097 102.405563,
 98.429070 71.524025 102.405563 139.697968,
 340.087280 274.381165 263.024536 322.098175,
 274.381165 316.784546 266.622162 279.397522,
 263.024536 266.622162 349.323029 322.504730,
 322.098175 279.397522 322.504730 423.560699,
 367.969177 293.525543 228.031326 292.984924,
 293.525543 387.501862 250.791885 238.537689,
 228.031326 250.791885 371.945862 307.985168,
 292.984924 238.537689 307.985168 388.795166,
 125.188194 120.387413 75.554550 135.845825,
 120.387413 264.257019 179.109680 144.496674,
 75.554550 179.109680 238.690750 162.547302,
 135.845825 144.496674 162.547302 261.228058,

Cross-correlations of the modulus of all oriented sub-bands with all oriented sub-bands at the coarser scale (size QxQ)
 180.734116 152.084137 134.112808 176.655792,
 156.982544 180.402908 157.881973 154.365509,
 136.756165 151.058472 188.496857 182.712112,
 164.006775 135.124619 167.294144 213.189194,
 266.423187 258.531250 216.952606 250.085480,
 238.823944 269.775787 239.708771 227.945786,
 236.320129 247.512360 250.540588 261.065552,
 271.073517 266.717163 255.788788 294.179138,
 129.512238 145.206604 167.279617 220.037384,
 97.910858 147.176819 172.432327 196.431549,
 80.252335 184.668060 197.622559 169.015808,
 99.265244 175.994095 189.459915 208.067459,

Cross-correlations of the real part of each oriented sub-band with both the real and imaginary part of all phase-doubled oriented sub-bands at the next coarser scale (Q matrices of size 1x2Q, which are computed and stored in a matrix of size Qx2Q)
 63.165386 26.827200 3.407228 28.741060 2.855683 2.530808 -0.157441 0.242295,
 27.123098 60.432701 26.261328 1.843594 2.639632 3.757969 1.296623 0.375645,
 3.382860 26.270832 68.171799 31.967690 0.617994 2.140903 -0.017182 -0.041729,
 31.165703 2.198125 35.321388 71.613945 0.976408 0.358955 -1.660436 -0.869396,
 -65.508369 -41.600719 -4.425668 -17.362463 -28.245163 -11.686146 3.032122 -0.572426,
 -37.422802 -87.705399 -24.931652 -3.110548 -18.552877 1.771166 13.351464 3.783293,
 -4.564950 -29.160112 -41.963730 -19.176422 -0.453299 6.683981 2.343478 -1.788725,
 -24.341921 -1.156712 -17.765228 -41.020554 -3.378131 -3.528891 -5.581953 -11.675550,
 -36.274773 -19.274515 3.178014 -14.925396 -34.640091 0.498287 -2.420764 -14.175230,
 -7.701807 -24.513119 1.077907 -2.602062 -13.883009 51.959572 5.661877 -4.693521,
 0.002852 -2.038792 -27.554823 -4.030641 3.594334 27.492016 -42.348820 -56.291313,
 -24.762882 -2.691301 -9.140291 -14.739355 -9.838934 -4.428142 -41.778465 -75.219795,
