Low-band skewness and kurtosis
 -3.009682 10.364077,
 -3.028630 10.818254,
 -2.844235 10.158789,
 -2.428541 8.288094,
 -1.465450 4.196534,

High-band variance
 67.114639,

Skewness, kurtosis, variance, mean, maximum and minimum of the reconstructed texture
 -3.001396 10.147985 4657.060059 233.820923 255.000000 0.000000,

Auto-correlations of the low-frequency bands at each scale
 2571.874512 2935.695068 3241.204102 3439.014160 3496.862305 3439.830322 3320.521973 2893.113770 3294.731934 3665.927979 3893.185791 3884.454346 3701.529785 3463.617676 3179.579590 3637.615234 4103.074707 4358.799805 4239.782715 3879.508301 3499.716309 3398.671631 3868.125488 4351.517090 4574.864258 4351.517090 3868.125488 3398.671631 3499.716309 3879.508301 4239.782715 4358.799805 4103.074707 3637.615234 3179.579590 3463.617676 3701.529785 3884.454346 3893.185791 3665.927979 3294.731934 2893.113770 3320.521973 3439.830322 3496.862305 3439.014160 3241.204102 2935.695068 2571.874512,
 855.974243 1375.083496 1909.113647 2324.983887 2597.459473 2828.815918 3028.685547 1291.640625 1873.237793 2559.451904 3044.182617 3146.600830 3064.159668 2991.110352 1792.539307 2476.371338 3369.154297 3919.279297 3744.884766 3197.225342 2759.149658 2325.468750 3008.625488 3902.900391 4353.044922 3902.900391 3008.625488 2325.468750 2759.149658 3197.225342 3744.884766 3919.279297 3369.154297 2476.371338 1792.539307 2991.110352 3064.159668 3146.600830 3044.182617 2559.451904 1873.237793 1291.640625 3028.685547 2828.815918 2597.459473 2324.983887 1909.113647 1375.083496 855.974243,
 -415.750854 -278.330322 68.171570 712.205444 1671.956543 2667.036377 3149.007812 -285.069336 83.778809 843.578979 1795.308594 2600.911621 3046.276367 2862.858398 139.954468 884.790649 2072.886719 3081.496582 3244.307617 2759.687500 1978.121704 949.378906 1940.137695 3118.987793 3721.177734 3118.987793 1940.137695 949.378906 1978.121704 2759.687500 3244.307617 3081.496582 2072.886719 884.790649 139.954468 2862.858398 3046.276367 2600.911621 1795.308594 843.578979 83.778809 -285.069336 3149.007812 2667.036377 1671.956543 712.205444 68.171570 -278.330322 -415.750854,
 -322.494263 -381.107910 -639.230225 -603.276611 238.310501 1550.895020 2261.502441 -395.366638 -651.754822 -580.369385 346.307343 1781.438232 2544.077637 1918.137695 -658.622131 -539.572205 487.893188 1989.915405 2727.714355 2035.261230 576.747864 -496.387177 541.232910 2084.519531 2851.533203 2084.519531 541.232910 -496.387177 576.747864 2035.261230 2727.714355 1989.915405 487.893188 -539.572205 -658.622131 1918.137695 2544.077637 1781.438232 346.307343 -580.369385 -651.754822 -395.366638 2261.502441 1550.895020 238.310501 -603.276611 -639.230225 -381.107910 -322.494263,
 -214.535278 -500.011139 -629.700623 -624.390808 -260.377197 346.015228 612.996948 -495.231506 -667.557495 -675.757080 -192.122147 629.699707 986.513672 539.876892 -701.880493 -676.095825 -108.336548 895.160583 1370.606323 816.272095 -68.773193 -621.675293 -63.023628 970.610168 1538.924316 970.610168 -63.023628 -621.675293 -68.773193 816.272095 1370.606323 895.160583 -108.336548 -676.095825 -701.880493 539.876892 986.513672 629.699707 -192.122147 -675.757080 -667.557495 -495.231506 612.996948 346.015228 -260.377197 -624.390808 -629.700623 -500.011139 -214.535278,

Auto-correlations of the modulus of each oriented sub-band
 43.926666 49.949726 55.643211 59.180286 59.697296 57.888279 55.330627 52.022934 60.052032 67.335358 71.159973 70.228638 65.591599 59.718796 60.096939 70.416969 79.467094 83.531113 80.879768 73.118187 63.809875 64.615295 75.786781 85.436775 89.332855 85.436775 75.786781 64.615295 63.809875 73.118187 80.879768 83.531113 79.467094 70.416969 60.096939 59.718796 65.591599 70.228638 71.159973 67.335358 60.052032 52.022934 55.330627 57.888279 59.697296 59.180286 55.643211 49.949726 43.926666,
 51.407433 57.821945 63.816845 67.805405 69.097092 68.126556 65.922943 58.714157 68.878502 77.523254 81.527763 80.164917 75.048470 68.587311 64.961105 78.268730 89.706253 94.184036 90.120560 80.613106 69.728271 68.675987 82.346649 94.504639 99.671616 94.504639 82.346649 68.675987 69.728271 80.613106 90.120560 94.184036 89.706253 78.268730 64.961105 68.587311 75.048470 80.164917 81.527763 77.523254 68.878502 58.714157 65.922943 68.126556 69.097092 67.805405 63.816845 57.821945 51.407433,
 37.001152 44.584702 52.468128 57.156895 56.514812 53.065018 49.884941 42.957962 52.995796 63.592094 69.285271 66.506935 59.333359 52.658890 48.854713 60.624340 73.253555 79.719307 74.771805 64.036606 54.101265 52.925972 64.762947 77.577553 83.929611 77.577553 64.762947 52.925972 54.101265 64.036606 74.771805 79.719307 73.253555 60.624340 48.854713 52.658890 59.333359 66.506935 69.285271 63.592094 52.995796 42.957962 49.884941 53.065018 56.514812 57.156895 52.468128 44.584702 37.001152,
 32.538460 37.436363 42.842102 47.899635 51.358437 52.574921 51.882835 37.550591 44.955864 53.066788 59.374538 61.267181 58.463860 53.262596 43.417858 53.466873 63.981796 70.570145 69.484146 61.888489 52.476139 48.957001 60.145302 70.876343 75.591209 70.876343 60.145302 48.957001 52.476139 61.888489 69.484146 70.570145 63.981796 53.466873 43.417858 53.262596 58.463860 61.267181 59.374538 53.066788 44.955864 37.550591 51.882835 52.574921 51.358437 47.899635 42.842102 37.436363 32.538460,
 97.610077 112.881165 128.495361 143.384796 155.152222 161.623230 161.737762 127.452621 148.088562 167.644333 182.327164 188.276352 184.726074 173.704880 159.762024 188.103836 212.718689 225.717026 222.315674 205.414291 181.976410 179.647186 210.755356 236.825195 247.450287 236.825195 210.755356 179.647186 181.976410 205.414291 222.315674 225.717026 212.718689 188.103836 159.762024 173.704880 184.726074 188.276352 182.327164 167.644333 148.088562 127.452621 161.737762 161.623230 155.152222 143.384796 128.495361 112.881165 97.610077,
 115.044502 128.337616 137.453094 143.186523 147.959015 151.750763 151.716522 134.292114 155.663696 169.420074 171.797775 166.581451 159.525848 151.275696 145.523956 175.488022 199.215790 204.199615 190.063843 169.050858 149.330078 148.458710 177.921387 206.936035 220.371704 206.936035 177.921387 148.458710 149.330078 169.050858 190.063843 204.199615 199.215790 175.488022 145.523956 151.275696 159.525848 166.581451 171.797775 169.420074 155.663696 134.292114 151.716522 151.750763 147.959015 143.186523 137.453094 128.337616 115.044502,
 73.940872 96.351364 122.305359 141.340759 146.308655 141.687363 133.771576 85.101669 113.311661 147.376114 169.676315 167.077866 150.282516 131.812119 97.936699 130.288239 169.655716 192.911316 180.712326 151.252136 123.870125 111.666389 144.033600 182.130005 202.215240 182.130005 144.033600 111.666389 123.870125 151.252136 180.712326 192.911316 169.655716 130.288239 97.936699 131.812119 150.282516 167.077866 169.676315 147.376114 113.311661 85.101669 133.771576 141.687363 146.308655 141.340759 122.305359 96.351364 73.940872,
 63.374027 77.891235 98.798782 123.880615 145.789612 156.688004 153.902466 78.028519 98.929611 128.393860 158.386032 175.659424 172.982803 154.477188 97.798592 128.585083 166.123657 194.701416 197.972534 175.983398 142.930252 121.645119 159.018768 195.579132 211.679382 195.579132 159.018768 121.645119 142.930252 175.983398 197.972534 194.701416 166.123657 128.585083 97.798592 154.477188 172.982803 175.659424 158.386032 128.393860 98.929611 78.028519 153.902466 156.688004 145.789612 123.880615 98.798782 77.891235 63.374027,
 10.344101 29.919254 53.885887 83.344398 114.031181 136.759277 144.893143 46.731102 72.845779 93.656090 109.069160 121.089088 128.509537 125.865746 80.622780 124.422577 159.166031 168.757507 154.460922 130.227692 105.604912 95.856300 141.870224 187.525330 208.204895 187.525330 141.870224 95.856300 105.604912 130.227692 154.460922 168.757507 159.166031 124.422577 80.622780 125.865746 128.509537 121.089088 109.069160 93.656090 72.845779 46.731102 144.893143 136.759277 114.031181 83.344398 53.885887 29.919254 10.344101,
 108.551369 166.084518 219.336975 263.216431 297.137756 319.926086 326.513336 164.982391 230.211960 288.509308 325.307098 338.198212 334.464966 317.476135 216.561386 286.320007 349.309967 380.677460 370.908539 336.170837 293.318115 259.327118 322.220337 379.397156 404.209717 379.397156 322.220337 259.327118 293.318115 336.170837 370.908539 380.677460 349.309967 286.320007 216.561386 317.476135 334.464966 338.198212 325.307098 288.509308 230.211960 164.982391 326.513336 319.926086 297.137756 263.216431 219.336975 166.084518 108.551369,
 23.346413 52.348160 79.128082 101.679085 122.766510 141.630722 150.471161 46.991119 85.889832 123.332779 142.196838 144.596085 145.228119 141.250046 69.472885 111.918983 161.789078 184.388535 165.615799 139.448425 119.707153 93.852417 128.601410 176.041443 204.019379 176.041443 128.601410 93.852417 119.707153 139.448425 165.615799 184.388535 161.789078 111.918983 69.472885 141.250046 145.228119 144.596085 142.196838 123.332779 85.889832 46.991119 150.471161 141.630722 122.766510 101.679085 79.128082 52.348160 23.346413,
 -4.888695 23.383724 60.861801 100.940910 130.803452 143.967575 142.793365 16.485245 52.109192 100.808235 148.966797 172.556000 163.395828 134.474319 41.413437 88.195869 149.837570 198.611542 200.732407 159.826508 107.906509 73.006538 129.367737 192.013092 221.928131 192.013092 129.367737 73.006538 107.906509 159.826508 200.732407 198.611542 149.837570 88.195869 41.413437 134.474319 163.395828 172.556000 148.966797 100.808235 52.109192 16.485245 142.793365 143.967575 130.803452 100.940910 60.861801 23.383724 -4.888695,
 -37.877197 -16.575790 9.921688 37.018425 58.507931 70.407692 72.978806 -12.587536 13.399734 39.898384 64.600471 83.639946 90.587166 81.102936 17.902157 49.714104 75.114220 88.133614 89.392799 82.371834 66.481766 42.095901 71.834412 96.732941 107.080208 96.732941 71.834412 42.095901 66.481766 82.371834 89.392799 88.133614 75.114220 49.714104 17.902157 81.102936 90.587166 83.639946 64.600471 39.898384 13.399734 -12.587536 72.978806 70.407692 58.507931 37.018425 9.921688 -16.575790 -37.877197,
 -222.861267 -45.837646 159.024719 361.825867 526.761536 620.561646 622.058838 -24.639771 196.811737 421.237122 609.319763 723.748108 739.363281 651.562195 198.968872 439.269958 649.019165 786.161255 820.558960 744.590393 575.343506 412.546875 635.902161 793.573975 850.743103 793.573975 635.902161 412.546875 575.343506 744.590393 820.558960 786.161255 649.019165 439.269958 198.968872 651.562195 739.363281 723.748108 609.319763 421.237122 196.811737 -24.639771 622.058838 620.561646 526.761536 361.825867 159.024719 -45.837646 -222.861267,
 -41.925293 -6.145725 34.779671 66.357971 89.795898 107.488007 110.850479 -7.960678 36.363525 86.064224 116.191895 124.399750 124.582199 109.379349 29.654303 76.553070 127.225372 155.878479 145.516876 124.694977 92.957474 65.028633 107.723145 147.837250 171.745224 147.837250 107.723145 65.028633 92.957474 124.694977 145.516876 155.878479 127.225372 76.553070 29.654303 109.379349 124.582199 124.399750 116.191895 86.064224 36.363525 -7.960678 110.850479 107.488007 89.795898 66.357971 34.779671 -6.145725 -41.925293,
 -15.061104 -10.502104 -3.391573 5.484133 14.707478 22.352198 25.952297 -10.434929 -2.826656 7.478026 17.648546 24.348289 26.271225 23.394707 -3.050906 7.355757 19.549286 28.606644 30.027187 24.784082 16.182163 6.499337 17.803289 28.593124 33.447155 28.593124 17.803289 6.499337 16.182163 24.784082 30.027187 28.606644 19.549286 7.355757 -3.050906 23.394707 26.271225 24.348289 17.648546 7.478026 -2.826656 -10.434929 25.952297 22.352198 14.707478 5.484133 -3.391573 -10.502104 -15.061104,

Pairwise cross-correlations of the modulus of all oriented sub-bands at the same scale (size QxQ)
 89.332870 70.683060 48.258953 63.309757,
 70.683060 99.671623 69.154701 48.960117,
 48.258953 69.154701 83.929611 58.205357,
 63.309757 48.960117 58.205357 75.591232,
 247.450317 176.466507 167.648727 202.706345,
 176.466507 220.371735 172.675522 155.304428,
 167.648727 172.675522 202.215271 167.868179,
 202.706345 155.304428 167.868179 211.679398,
 208.204895 215.473938 139.317093 179.478287,
 215.473938 404.209839 236.332947 186.585419,
 139.317093 236.332947 204.019379 162.896530,
 179.478287 186.585419 162.896530 221.928116,
 107.080223 280.916595 112.633240 38.184647,
 280.916595 850.743164 361.526917 109.372803,
 112.633240 361.526917 171.745255 52.907139,
 38.184647 109.372803 52.907139 33.447159,

Cross-correlations of the modulus of all oriented sub-bands with all oriented sub-bands at the coarser scale (size QxQ)
 129.557648 99.063332 88.938622 110.331467,
 112.230591 129.476959 109.900642 97.119904,
 90.534637 99.632355 113.102051 98.894821,
 105.981506 79.567406 91.037163 109.963707,
 192.049469 212.446716 146.203278 198.505981,
 150.857803 246.034775 173.141296 156.593033,
 146.375656 212.076019 167.386917 165.819000,
 154.629013 189.318665 145.447037 182.555115,
 105.120789 257.227112 103.519226 60.659439,
 172.485275 508.779663 220.320557 85.841934,
 98.942307 290.223816 136.309631 64.130814,
 86.167877 217.376892 89.067123 59.639473,

Cross-correlations of the real part of each oriented sub-band with both the real and imaginary part of all phase-doubled oriented sub-bands at the next coarser scale (Q matrices of size 1x2Q, which are computed and stored in a matrix of size Qx2Q)
 35.925468 12.532148 0.925291 16.740986 -6.515492 -3.003964 -0.470290 -1.213855,
 11.908298 23.614679 11.703458 1.090058 -4.094849 0.652312 2.360982 0.735303,
 1.019047 11.502028 24.331604 11.213250 -0.513754 3.399997 0.172464 -2.965525,
 18.890989 2.221069 9.765157 31.989044 -2.354307 -0.074028 -2.827343 -7.095337,
 -29.676821 4.679258 3.597099 -13.006188 -3.087339 -2.967926 -1.772755 1.732220,
 0.129777 18.289730 2.868010 -1.939557 -3.151498 -1.060657 1.483772 0.534502,
 3.815603 7.879704 -11.317066 -11.381922 -1.043911 4.076695 6.543136 0.347278,
 -16.413614 0.298745 -5.560661 -24.187160 -2.503933 -0.173927 2.357901 1.602071,
 -50.771591 -123.921555 -37.029755 -3.530126 1.462419 -5.993430 -4.350520 -1.001776,
 -109.038452 -372.394043 -129.110962 -0.157010 -3.729137 -20.819166 -19.306046 0.522210,
 -39.219212 -145.484055 -67.506653 -0.312770 -0.756196 -9.783190 -8.819889 5.769137,
 -7.591280 -1.039379 -5.487648 -4.351178 2.356317 -0.086205 1.474626 4.612032,
