Low-band skewness and kurtosis
 -2.328031 6.729574,
 -2.382714 7.406319,
 -2.036483 6.267150,
 -1.731926 5.417718,
 -1.458864 4.065952,

High-band variance
 120.458939,

Skewness, kurtosis, variance, mean, maximum and minimum of the reconstructed texture
 -2.316172 6.502662 6309.719238 224.416260 255.000000 0.000000,

Auto-correlations of the low-frequency bands at each scale
 3041.043213 3436.403076 3712.321533 3805.799805 3680.017334 3383.218994 3008.541748 3548.635742 4084.799072 4549.031738 4737.494141 4518.951660 4045.508545 3539.426758 3941.724365 4655.639648 5383.164062 5711.277344 5365.192383 4636.536133 3944.979736 4097.675293 4894.698730 5756.844238 6162.551758 5756.844238 4894.698730 4097.675293 3944.979736 4636.536133 5365.192383 5711.277344 5383.164062 4655.639648 3941.724365 3539.426758 4045.508545 4518.951660 4737.494141 4549.031738 4084.799072 3548.635742 3008.541748 3383.218994 3680.017334 3805.799805 3712.321533 3436.403076 3041.043213,
 1656.685059 1847.693726 1998.442383 1965.119507 1799.186035 1693.977661 1681.038574 1807.467529 2198.481689 2786.611328 3039.197754 2686.725586 2173.398193 1927.427490 2208.475830 2978.698975 4193.399414 4814.102539 4174.549805 3031.424072 2359.760498 2513.137207 3453.106445 4952.509277 5745.919434 4952.509277 3453.106445 2513.137207 2359.760498 3031.424072 4174.549805 4814.102539 4193.399414 2978.698975 2208.475830 1927.427490 2173.398193 2686.725586 3039.197754 2786.611328 2198.481689 1807.467529 1681.038574 1693.977661 1799.186035 1965.119507 1998.442383 1847.693726 1656.685059,
 826.349854 1252.812256 1510.473999 1516.239014 1495.662964 1707.414062 1908.317871 850.120483 1234.394775 1703.715576 1861.832031 1652.496094 1625.816895 1797.378052 1182.872070 1662.153809 2713.587158 3294.285156 2667.582764 1896.808105 1757.717285 1620.466309 2102.671387 3441.002441 4300.646484 3441.002441 2102.671387 1620.466309 1757.717285 1896.808105 2667.582764 3294.285156 2713.587158 1662.153809 1182.872070 1797.378052 1625.816895 1652.496094 1861.832031 1703.715576 1234.394775 850.120483 1908.317871 1707.414062 1495.662964 1516.239014 1510.473999 1252.812256 826.349854,
 -583.428467 -103.871094 485.897766 1044.363770 1567.242432 1814.240967 1528.931396 -364.548950 204.180176 911.215576 1472.024536 1766.046631 1761.570312 1310.360840 51.790710 708.010864 1617.778320 2226.294922 2103.214844 1616.179321 1017.074768 638.943176 1340.146973 2244.341309 2745.814941 2244.341309 1340.146973 638.943176 1017.074768 1616.179321 2103.214844 2226.294922 1617.778320 708.010864 51.790710 1310.360840 1761.570312 1766.046631 1472.024536 911.215576 204.180176 -364.548950 1528.931396 1814.240967 1567.242432 1044.363770 485.897766 -103.871094 -583.428467,
 -470.565338 -778.592651 -866.508667 -432.537354 253.788055 532.130615 275.791718 -865.172607 -998.564148 -517.981934 510.506378 1195.804688 933.595398 171.718353 -1028.099121 -701.217529 419.726257 1630.368652 1723.755371 721.145386 -307.888367 -821.258179 14.791397 1403.037842 2148.476562 1403.037842 14.791397 -821.258179 -307.888367 721.145386 1723.755371 1630.368652 419.726257 -701.217529 -1028.099121 171.718353 933.595398 1195.804688 510.506378 -517.981934 -998.564148 -865.172607 275.791718 532.130615 253.788055 -432.537354 -866.508667 -778.592651 -470.565338,

Auto-correlations of the modulus of each oriented sub-band
 65.925888 73.893303 81.703781 86.066307 85.268127 80.410500 74.367249 82.171555 94.048225 105.085709 110.486618 107.880722 99.069511 88.484299 98.352402 114.224754 128.490402 134.772659 130.002090 116.901054 101.665771 106.453964 124.112526 139.761810 146.149353 139.761810 124.112526 106.453964 101.665771 116.901054 130.002090 134.772659 128.490402 114.224754 98.352402 88.484299 99.069511 107.880722 110.486618 105.085709 94.048225 82.171555 74.367249 80.410500 85.268127 86.066307 81.703781 73.893303 65.925888,
 85.989151 91.425835 93.861572 92.071823 86.688873 79.209663 71.302368 91.178535 103.819946 112.618996 112.985748 105.035728 92.435287 79.292870 94.078186 113.181808 129.043259 133.168640 123.412064 105.700455 87.211853 92.746696 114.035126 133.658356 142.118958 133.658356 114.035126 92.746696 87.211853 105.700455 123.412064 133.168640 129.043259 113.181808 94.078186 79.292870 92.435287 105.035728 112.985748 112.618996 103.819946 91.178535 71.302368 79.209663 86.688873 92.071823 93.861572 91.425835 85.989151,
 82.934837 97.276169 111.228790 117.368881 111.509857 98.529663 86.047905 89.761925 108.031036 126.561729 135.170578 127.387932 109.857147 92.918739 96.316292 117.979553 140.498871 151.213989 141.273834 119.389984 98.380379 99.757004 122.608337 146.555878 157.844482 146.555878 122.608337 99.757004 98.380379 119.389984 141.273834 151.213989 140.498871 117.979553 96.316292 92.918739 109.857147 127.387932 135.170578 126.561729 108.031036 89.761925 86.047905 98.529663 111.509857 117.368881 111.228790 97.276169 82.934837,
 78.978806 87.839661 96.584747 103.332474 105.950012 103.764206 98.731003 89.551323 103.732719 117.120277 125.392990 124.673409 115.350334 102.740410 98.915817 118.195984 136.218262 145.770493 141.082245 124.796051 105.572800 104.610565 126.284843 146.104828 154.632660 146.104828 126.284843 104.610565 105.572800 124.796051 141.082245 145.770493 136.218262 118.195984 98.915817 102.740410 115.350334 124.673409 125.392990 117.120277 103.732719 89.551323 98.731003 103.764206 105.950012 103.332474 96.584747 87.839661 78.978806,
 148.285294 169.188431 187.249664 198.336823 200.929108 196.849503 189.414230 192.871994 220.554871 243.492081 255.029373 252.188278 238.381958 219.701767 248.554581 288.672119 321.370178 334.877563 323.652710 294.388184 258.827911 277.203156 323.922089 363.064789 379.045135 363.064789 323.922089 277.203156 258.827911 294.388184 323.652710 334.877563 321.370178 288.672119 248.554581 219.701767 238.381958 252.188278 255.029373 243.492081 220.554871 192.871994 189.414230 196.849503 200.929108 198.336823 187.249664 169.188431 148.285294,
 225.998657 265.082062 272.118347 245.861359 207.101288 178.475800 166.301910 236.200211 294.190155 323.959106 304.313690 252.249405 203.113510 174.315964 231.289932 302.570099 361.540375 365.297791 310.339630 240.833572 190.641220 212.727234 280.965637 357.049255 393.853394 357.049255 280.965637 212.727234 190.641220 240.833572 310.339630 365.297791 361.540375 302.570099 231.289932 174.315964 203.113510 252.249405 304.313690 323.959106 294.190155 236.200211 166.301910 178.475800 207.101288 245.861359 272.118347 265.082062 225.998657,
 250.699768 317.010254 374.746948 395.219238 369.103577 320.412292 279.123657 267.166016 344.890472 418.191406 447.388611 413.315796 345.757965 285.833191 281.091339 366.839874 453.778076 491.999969 451.235229 367.040131 290.620087 289.610535 375.563965 467.402008 510.453247 467.402008 375.563965 289.610535 290.620087 367.040131 451.235229 491.999969 453.778076 366.839874 281.091339 285.833191 345.757965 413.315796 447.388611 418.191406 344.890472 267.166016 279.123657 320.412292 369.103577 395.219238 374.746948 317.010254 250.699768,
 145.100189 169.912323 205.365509 246.074860 274.854065 274.995819 251.926941 166.065262 203.233063 254.429184 305.885803 326.431702 303.955109 260.905457 195.720367 248.383804 315.950378 369.088562 365.577087 312.769775 252.465576 228.117279 291.439209 363.025787 398.700623 363.025787 291.439209 228.117279 252.465576 312.769775 365.577087 369.088562 315.950378 248.383804 195.720367 260.905457 303.955109 326.431702 305.885803 254.429184 203.233063 166.065262 251.926941 274.995819 274.854065 246.074860 205.365509 169.912323 145.100189,
 57.468491 97.069153 139.616058 176.902969 200.847198 207.369080 198.109573 101.871597 153.867462 208.417206 249.696930 264.597351 252.543060 224.079025 170.966583 243.165878 314.578766 356.561768 350.000702 304.623657 246.127258 231.248413 312.595428 388.278564 420.825256 388.278564 312.595428 231.248413 246.127258 304.623657 350.000702 356.561768 314.578766 243.165878 170.966583 224.079025 252.543060 264.597351 249.696930 208.417206 153.867462 101.871597 198.109573 207.369080 200.847198 176.902969 139.616058 97.069153 57.468491,
 103.153473 138.514969 155.132339 158.178314 157.753952 161.041397 167.216553 135.553833 196.833008 233.424698 227.724365 199.012741 173.893005 159.048401 152.367020 234.243912 309.574127 319.473267 262.171234 197.533066 154.294479 153.991364 226.807281 319.470703 368.608093 319.470703 226.807281 153.991364 154.294479 197.533066 262.171234 319.473267 309.574127 234.243912 152.367020 159.048401 173.893005 199.012741 227.724365 233.424698 196.833008 135.553833 167.216553 161.041397 157.753952 158.178314 155.132339 138.514969 103.153473,
 172.016724 233.326920 283.775482 305.624664 304.124481 296.678925 283.036804 221.161194 303.227600 383.966797 422.356506 395.387817 342.090027 294.276306 262.660645 360.156189 471.151306 530.901733 477.500732 380.138367 300.624084 290.995575 388.986481 509.370850 577.718384 509.370850 388.986481 290.995575 300.624084 380.138367 477.500732 530.901733 471.151306 360.156189 262.660645 294.276306 342.090027 395.387817 422.356506 383.966797 303.227600 221.161194 283.036804 296.678925 304.124481 305.624664 283.775482 233.326920 172.016724,
 149.413101 189.465179 221.583908 248.705902 269.667267 279.296051 273.781006 193.206482 234.440536 282.993347 333.065552 356.227112 335.955383 286.206604 222.905807 285.806885 374.856750 450.700623 449.307068 371.713562 279.102081 251.405731 345.495483 458.329956 516.491394 458.329956 345.495483 251.405731 279.102081 371.713562 449.307068 450.700623 374.856750 285.806885 222.905807 286.206604 335.955383 356.227112 333.065552 282.993347 234.440536 193.206482 273.781006 279.296051 269.667267 248.705902 221.583908 189.465179 149.413101,
 7.067755 19.528702 23.708313 25.960382 31.921967 39.108212 39.797401 8.756803 29.406946 39.176773 38.542465 36.057251 36.290943 35.239334 15.230270 46.279560 69.492180 72.859192 59.383793 42.629665 28.936714 23.691502 55.233452 87.896545 103.213699 87.896545 55.233452 23.691502 28.936714 42.629665 59.383793 72.859192 69.492180 46.279560 15.230270 35.239334 36.290943 36.057251 38.542465 39.176773 29.406946 8.756803 39.797401 39.108212 31.921967 25.960382 23.708313 19.528702 7.067755,
 -13.020419 -1.023327 7.706056 12.034210 18.563707 26.007023 26.703785 1.833490 21.027845 37.123676 37.300217 31.415783 28.836245 24.076002 19.253899 46.452473 76.897179 82.360504 61.664314 40.444714 24.056343 25.779093 52.847908 88.438377 109.435471 88.438377 52.847908 25.779093 24.056343 40.444714 61.664314 82.360504 76.897179 46.452473 19.253899 24.076002 28.836245 31.415783 37.300217 37.123676 21.027845 1.833490 26.703785 26.007023 18.563707 12.034210 7.706056 -1.023327 -13.020419,
 -36.813148 -8.216778 31.516388 74.541862 103.026245 102.227341 80.707039 -8.626959 30.976311 82.846626 124.538383 130.633270 103.739128 69.139839 17.040119 65.960068 128.306015 167.612045 150.552505 99.773636 53.272549 36.695129 88.793365 152.533325 185.423935 152.533325 88.793365 36.695129 53.272549 99.773636 150.552505 167.612045 128.306015 65.960068 17.040119 69.139839 103.739128 130.633270 124.538383 82.846626 30.976311 -8.626959 80.707039 102.227341 103.026245 74.541862 31.516388 -8.216778 -36.813148,
 -36.922462 -12.002590 11.842375 42.606506 74.248222 81.134415 67.356735 -13.405918 15.129322 45.827625 87.801285 112.407303 93.631104 62.974277 11.937279 43.881027 86.647781 134.976028 133.892838 88.911118 51.176399 34.202911 70.180519 122.712830 156.793442 122.712830 70.180519 34.202911 51.176399 88.911118 133.892838 134.976028 86.647781 43.881027 11.937279 62.974277 93.631104 112.407303 87.801285 45.827625 15.129322 -13.405918 67.356735 81.134415 74.248222 42.606506 11.842375 -12.002590 -36.922462,

Pairwise cross-correlations of the modulus of all oriented sub-bands at the same scale (size QxQ)
 146.149353 99.778572 63.585064 104.977921,
 99.778572 142.118958 105.857277 74.011940,
 63.585064 105.857277 157.844482 108.770004,
 104.977921 74.011940 108.770004 154.632645,
 379.045135 300.528503 309.837097 312.259766,
 300.528503 393.853424 379.337036 283.123657,
 309.837097 379.337036 510.453308 370.689575,
 312.259766 283.123657 370.689575 398.700623,
 420.825256 287.450500 342.733826 367.427490,
 287.450500 368.608124 385.760986 292.243347,
 342.733826 385.760986 577.718384 413.531921,
 367.427490 292.243347 413.531921 516.491455,
 103.213715 51.093212 76.541733 83.398483,
 51.093212 109.435478 80.008301 36.525574,
 76.541733 80.008301 185.423950 126.597801,
 83.398483 36.525574 126.597801 156.793427,

Cross-correlations of the modulus of all oriented sub-bands with all oriented sub-bands at the coarser scale (size QxQ)
 205.676788 163.544846 157.109344 169.236313,
 174.660339 204.536011 199.987930 151.557404,
 142.195038 180.192123 244.191910 181.967255,
 182.258820 149.807449 205.072754 216.967224,
 310.019897 271.614746 319.520935 316.346710,
 282.019226 298.221039 333.468262 299.109589,
 301.393036 313.116272 417.412720 362.499420,
 296.911255 260.127106 364.917297 336.674286,
 113.734535 76.136566 155.072937 126.925873,
 99.695389 93.439148 175.197479 146.233383,
 110.443665 83.735558 222.899963 203.260040,
 117.271561 75.016029 185.946060 189.247223,

Cross-correlations of the real part of each oriented sub-band with both the real and imaginary part of all phase-doubled oriented sub-bands at the next coarser scale (Q matrices of size 1x2Q, which are computed and stored in a matrix of size Qx2Q)
 67.972855 28.534294 2.507225 35.712639 5.182603 -1.687545 0.321106 -1.271258,
 27.649694 67.658257 36.038239 5.045960 0.670161 -0.589229 -2.178137 -0.528010,
 2.183809 34.113785 88.510490 36.242180 0.126548 -0.888458 -5.237768 0.827395,
 31.244785 3.768205 38.819252 76.575546 3.404775 -0.761927 -0.392563 1.662107,
 -42.413181 -17.396954 -3.627970 -30.436462 10.405406 -7.783340 0.475118 -5.718340,
 -16.566557 -43.997959 -21.552065 -3.121602 -3.029873 -18.829622 -16.002737 -1.181471,
 -3.509953 -23.757715 -50.058758 -37.719330 -0.653634 -15.472041 -29.239477 0.086445,
 -21.705183 -1.854246 -25.077869 -80.123344 12.276741 -2.470947 -2.289362 -1.587904,
 -25.425175 2.907794 -3.442680 -6.937373 27.072012 0.690648 -0.280107 26.340261,
 -5.667289 -39.312782 -17.230036 -2.482080 0.832312 -23.154074 5.713862 5.296264,
 0.753815 -36.145031 -49.989243 -27.018459 -4.668786 -16.573368 48.398201 23.844517,
 -11.929043 -0.407574 -32.463188 -36.125183 11.153696 3.019020 25.564186 51.955715,
