Low-band skewness and kurtosis
 -2.140270 5.949265,
 -2.220410 6.864649,
 -1.489127 4.388701,
 -0.882083 3.198372,
 -1.029644 3.511452,

High-band variance
 161.049469,

Skewness, kurtosis, variance, mean, maximum and minimum of the reconstructed texture
 -2.124363 5.670625 6796.838867 220.839722 255.000000 0.000000,

Auto-correlations of the low-frequency bands at each scale
 2127.710938 2756.015625 3188.803955 3335.864502 3146.479248 2672.500977 2027.341797 2769.379150 3640.187012 4361.726074 4653.135742 4332.747559 3587.157715 2712.975830 3228.192139 4382.334961 5496.116211 5989.736328 5481.388672 4358.715820 3206.795166 3395.389160 4686.758789 6000.110352 6600.426758 6000.110352 4686.758789 3395.389160 3206.795166 4358.715820 5481.388672 5989.736328 5496.116211 4382.334961 3228.192139 2712.975830 3587.157715 4332.747559 4653.135742 4361.726074 3640.187012 2769.379150 2027.341797 2672.500977 3146.479248 3335.864502 3188.803955 2756.015625 2127.710938,
 583.404297 547.793213 530.356079 441.318787 244.421082 192.959183 459.526764 478.310974 944.535034 1791.173096 2203.752930 1663.515381 807.015747 488.044739 604.328491 1813.927856 3770.121338 4769.460938 3730.963623 1770.219849 605.448364 705.062012 2291.702637 4786.333496 6064.882812 4786.333496 2291.702637 705.062012 605.448364 1770.219849 3730.963623 4769.460938 3770.121338 1813.927856 604.328491 488.044739 807.015747 1663.515381 2203.752930 1791.173096 944.535034 478.310974 459.526764 192.959183 244.421082 441.318787 530.356079 547.793213 583.404297,
 805.465149 686.119629 444.562561 67.234039 40.860367 501.288574 725.272766 470.128021 331.729919 373.252441 232.141159 -5.883041 275.876831 702.589478 255.652206 373.159668 1596.993408 2357.054688 1441.701904 524.803894 696.901001 508.517120 701.316467 2538.237793 3862.470703 2538.237793 701.316467 508.517120 696.901001 524.803894 1441.701904 2357.054688 1596.993408 373.159668 255.652206 702.589478 275.876831 -5.883041 232.141159 373.252441 331.729919 470.128021 725.272766 501.288574 40.860367 67.234039 444.562561 686.119629 805.465149,
 361.380463 310.006165 336.255981 389.990234 317.822083 272.175110 258.028229 478.535919 434.917877 472.890320 532.002686 412.040100 338.988922 369.417389 486.353485 568.134827 835.693176 1041.622681 782.464905 487.210754 442.027435 479.993927 640.956177 1102.555176 1440.779541 1102.555176 640.956177 479.993927 442.027435 487.210754 782.464905 1041.622681 835.693176 568.134827 486.353485 369.417389 338.988922 412.040100 532.002686 472.890320 434.917877 478.535919 258.028229 272.175110 317.822083 389.990234 336.255981 310.006165 361.380463,
 -331.290253 -234.528839 -229.703323 -294.713745 -333.568848 -359.788727 -395.100250 -93.226608 59.872658 147.409088 124.285965 35.798138 -62.951622 -142.037857 131.525955 308.921478 546.335876 644.797607 488.517395 255.627151 123.283455 226.351288 397.304352 713.767517 896.283386 713.767517 397.304352 226.351288 123.283455 255.627151 488.517395 644.797607 546.335876 308.921478 131.525955 -142.037857 -62.951622 35.798138 124.285965 147.409088 59.872658 -93.226608 -395.100250 -359.788727 -333.568848 -294.713745 -229.703323 -234.528839 -331.290253,

Auto-correlations of the modulus of each oriented sub-band
 60.391407 68.517174 76.033379 78.869362 75.274834 67.304176 59.207241 85.037598 97.891891 109.476715 113.932449 108.696289 96.576889 83.591461 107.597809 125.255371 141.066147 147.298752 140.460190 124.215881 106.402328 116.599442 136.624832 154.797333 162.278992 154.797333 136.624832 116.599442 106.402328 124.215881 140.460190 147.298752 141.066147 125.255371 107.597809 83.591461 96.576889 108.696289 113.932449 109.476715 97.891891 85.037598 59.207241 67.304176 75.274834 78.869362 76.033379 68.517174 60.391407,
 103.415413 108.865677 108.835075 101.682808 88.050148 70.584824 52.762413 107.144226 124.543732 135.404526 133.941071 119.353935 96.045303 70.500122 106.227036 134.324158 156.012543 161.182983 146.589386 118.668785 86.950912 99.416489 132.684296 160.845230 172.388794 160.845230 132.684296 99.416489 86.950912 118.668785 146.589386 161.182983 156.012543 134.324158 106.227036 70.500122 96.045303 119.353935 133.941071 135.404526 124.543732 107.144226 52.762413 70.584824 88.050148 101.682808 108.835075 108.865677 103.415413,
 62.831802 86.781097 108.478706 117.433693 107.320854 83.876068 58.253548 72.613251 101.722694 128.375122 139.682068 127.391617 99.061607 68.285568 81.128571 115.005348 146.292374 159.950363 145.726669 113.379692 78.466675 83.649490 119.818832 153.389923 168.289291 153.389923 119.818832 83.649490 78.466675 113.379692 145.726669 159.950363 146.292374 115.005348 81.128571 68.285568 99.061607 127.391617 139.682068 128.375122 101.722694 72.613251 58.253548 83.876068 107.320854 117.433693 108.478706 86.781097 62.831802,
 56.177208 72.923119 89.188324 101.738129 108.581512 109.741386 106.617409 73.712875 98.944229 121.915474 136.071213 137.380722 127.245316 111.515060 90.544464 122.222122 150.243881 164.837891 159.443192 137.959427 110.826935 103.609947 136.540497 164.808380 176.587799 164.808380 136.540497 103.609947 110.826935 137.959427 159.443192 164.837891 150.243881 122.222122 90.544464 111.515060 127.245316 137.380722 136.071213 121.915474 98.944229 73.712875 106.617409 109.741386 108.581512 101.738129 89.188324 72.923119 56.177208,
 131.615356 132.596680 133.197189 132.698608 130.381454 127.657936 125.900871 210.198059 232.362640 250.632278 258.351227 251.877579 235.309723 215.453918 303.053436 351.064117 391.951172 409.442657 394.446045 356.036652 310.274933 349.798889 410.000275 461.934021 483.678955 461.934021 410.000275 349.798889 310.274933 356.036652 394.446045 409.442657 391.951172 351.064117 303.053436 215.453918 235.309723 251.877579 258.351227 250.632278 232.362640 210.198059 125.900871 127.657936 130.381454 132.698608 133.197189 132.596680 131.615356,
 286.221008 310.309143 294.573853 241.529633 179.801193 137.925827 124.300110 318.015137 377.906372 396.604462 354.598694 274.007599 198.470688 155.077927 308.434998 399.381012 466.108276 461.341248 383.422058 282.103912 205.065063 263.565186 361.265045 462.112762 507.519135 462.112762 361.265045 263.565186 205.065063 282.103912 383.422058 461.341248 466.108276 399.381012 308.434998 155.077927 198.470688 274.007599 354.598694 396.604462 377.906372 318.015137 124.300110 137.925827 179.801193 241.529633 294.573853 310.309143 286.221008,
 119.268654 188.061859 261.572388 284.437347 237.671204 162.938507 109.731590 127.659340 211.096725 309.929749 348.621826 290.564636 191.842300 120.320503 133.353348 228.351593 349.694885 405.459106 338.206848 217.125641 128.481339 133.537750 231.312408 362.132782 429.781799 362.132782 231.312408 133.537750 128.481339 217.125641 338.206848 405.459106 349.694885 228.351593 133.353348 120.320503 191.842300 290.564636 348.621826 309.929749 211.096725 127.659340 109.731590 162.938507 237.671204 284.437347 261.572388 188.061859 119.268654,
 83.914383 94.735756 130.411392 186.643204 241.687607 268.701111 254.304855 108.702614 151.476166 225.987701 307.064575 355.085663 345.533081 288.124237 156.820038 238.025131 343.505798 425.498993 434.258118 368.811768 272.918243 219.766632 324.814941 430.487091 477.713837 430.487091 324.814941 219.766632 272.918243 368.811768 434.258118 425.498993 343.505798 238.025131 156.820038 288.124237 345.533081 355.085663 307.064575 225.987701 151.476166 108.702614 254.304855 268.701111 241.687607 186.643204 130.411392 94.735756 83.914383,
 72.461433 49.963703 28.864532 17.599356 15.087269 14.267994 14.113634 91.403854 99.360764 107.043312 109.330688 100.655663 78.681061 53.075104 159.403091 221.553833 283.669830 310.994659 283.884125 218.608459 151.471481 210.020966 301.959686 398.945404 443.618744 398.945404 301.959686 210.020966 151.471481 218.608459 283.884125 310.994659 283.669830 221.553833 159.403091 53.075104 78.681061 100.655663 109.330688 107.043312 99.360764 91.403854 14.113634 14.267994 15.087269 17.599356 28.864532 49.963703 72.461433,
 130.278336 151.609268 175.541321 162.493805 116.398079 64.863632 36.484203 170.389008 231.513000 291.568268 273.099487 186.801971 101.254585 55.072807 180.537704 282.085144 407.084839 428.142883 310.831604 174.043198 97.411758 149.324341 255.000885 417.815552 508.954224 417.815552 255.000885 149.324341 97.411758 174.043198 310.831604 428.142883 407.084839 282.085144 180.537704 55.072807 101.254585 186.801971 273.099487 291.568268 231.513000 170.389008 36.484203 64.863632 116.398079 162.493805 175.541321 151.609268 130.278336,
 123.865158 145.629944 201.917801 234.465164 190.326462 133.141174 100.122299 158.707993 190.827835 284.054138 353.668945 284.299133 179.792191 130.152817 185.021118 233.345978 368.939728 473.559570 372.327484 224.923767 162.577332 185.988617 247.752106 408.191956 527.329102 408.191956 247.752106 185.988617 162.577332 224.923767 372.327484 473.559570 368.939728 233.345978 185.021118 130.152817 179.792191 284.299133 353.668945 284.054138 190.827835 158.707993 100.122299 133.141174 190.326462 234.465164 201.917801 145.629944 123.865158,
 168.233917 174.940170 178.096283 201.530151 224.856873 210.365860 167.217773 188.227112 198.335281 237.508331 308.271729 336.137421 281.149750 206.688080 212.128632 252.924438 357.388672 467.812622 453.806763 333.655212 234.957672 234.011169 317.097748 465.184021 552.931335 465.184021 317.097748 234.011169 234.957672 333.655212 453.806763 467.812622 357.388672 252.924438 212.128632 206.688080 281.149750 336.137421 308.271729 237.508331 198.335281 188.227112 167.217773 210.365860 224.856873 201.530151 178.096283 174.940170 168.233917,
 -4.946782 -8.788999 -11.102410 -10.425347 -7.226695 -3.771100 -1.529999 -2.107211 -0.617506 6.620437 15.080275 20.350925 21.300753 18.678356 11.155870 24.162254 44.167191 57.550663 54.852493 42.070656 29.077200 24.798279 45.265152 71.403885 84.656097 71.403885 45.265152 24.798279 29.077200 42.070656 54.852493 57.550663 44.167191 24.162254 11.155870 18.678356 21.300753 20.350925 15.080275 6.620437 -0.617506 -2.107211 -1.529999 -3.771100 -7.226695 -10.425347 -11.102410 -8.788999 -4.946782,
 -1.569017 -6.726121 -7.094890 -2.737760 0.520711 -0.878140 -2.232703 6.635604 3.156269 2.328928 1.869684 3.298020 5.280189 4.848246 9.303658 18.455921 35.284534 35.662804 18.211903 7.325042 5.207924 5.524854 15.747963 44.557251 64.730721 44.557251 15.747963 5.524854 5.207924 7.325042 18.211903 35.662804 35.284534 18.455921 9.303658 4.848246 5.280189 3.298020 1.869684 2.328928 3.156269 6.635604 -2.232703 -0.878140 0.520711 -2.737760 -7.094890 -6.726121 -1.569017,
 -4.925445 2.594882 15.167940 22.176825 6.975348 -2.622748 -0.112041 -1.319592 7.303086 27.639183 43.952782 24.057388 3.289588 0.279214 -1.076811 10.729197 42.494812 69.912766 43.206421 9.715988 -0.668093 -1.559443 12.281279 51.018929 82.798157 51.018929 12.281279 -1.559443 -0.668093 9.715988 43.206421 69.912766 42.494812 10.729197 -1.076811 0.279214 3.289588 24.057388 43.952782 27.639183 7.303086 -1.319592 -0.112041 -2.622748 6.975348 22.176825 15.167940 2.594882 -4.925445,
 2.518596 -1.177526 -0.600867 1.439711 5.463144 9.472298 8.264437 -0.295390 0.836819 6.097329 18.454033 27.752560 21.760122 7.064470 0.548009 6.217103 26.079918 53.829910 53.256706 24.452381 1.510608 0.038483 15.614428 51.684723 76.131218 51.684723 15.614428 0.038483 1.510608 24.452381 53.256706 53.829910 26.079918 6.217103 0.548009 7.064470 21.760122 27.752560 18.454033 6.097329 0.836819 -0.295390 8.264437 9.472298 5.463144 1.439711 -0.600867 -1.177526 2.518596,

Pairwise cross-correlations of the modulus of all oriented sub-bands at the same scale (size QxQ)
 162.279022 105.954025 51.336487 106.037926,
 105.954025 172.388824 108.683228 55.882011,
 51.336487 108.683228 168.289307 105.734268,
 106.037926 55.882011 105.734268 176.587799,
 483.679016 398.638062 300.034576 377.676208,
 398.638062 507.519165 370.324799 320.262939,
 300.034576 370.324799 429.781799 336.104309,
 377.676208 320.262939 336.104309 477.713867,
 443.618835 304.562683 277.113312 367.765381,
 304.562683 508.954285 389.908386 298.936157,
 277.113312 389.908386 527.329102 363.957062,
 367.765381 298.936157 363.957062 552.931396,
 84.656105 36.460461 22.189644 42.264244,
 36.460461 64.730721 30.322193 20.811508,
 22.189644 30.322193 82.798172 24.493816,
 42.264244 20.811508 24.493816 76.131218,

Cross-correlations of the modulus of all oriented sub-bands with all oriented sub-bands at the coarser scale (size QxQ)
 239.616348 198.034180 139.185654 189.172333,
 198.124771 252.507828 192.573669 145.761932,
 143.200424 196.741058 229.632812 182.330795,
 193.714554 161.014954 180.842224 248.536957,
 315.726990 321.096313 292.048309 337.022095,
 294.389496 348.027863 330.046356 320.712555,
 249.617599 303.517151 335.837585 320.334930,
 288.994720 300.095520 325.757080 352.973694,
 64.532265 64.972168 69.809784 47.905746,
 73.079498 66.140114 72.262627 55.174217,
 72.449196 66.977074 97.426460 48.346672,
 70.869896 65.246101 76.770081 66.362801,

Cross-correlations of the real part of each oriented sub-band with both the real and imaginary part of all phase-doubled oriented sub-bands at the next coarser scale (Q matrices of size 1x2Q, which are computed and stored in a matrix of size Qx2Q)
 108.498886 45.781784 4.805860 50.250633 -2.350281 -0.878848 -0.423337 1.787059,
 44.293514 107.426231 48.046040 4.106678 -0.337563 4.161369 2.603446 0.103616,
 3.914146 46.705147 112.631523 47.669872 0.380340 3.973693 0.467737 0.438030,
 50.228519 4.018925 50.421890 113.320969 -0.641205 -0.084292 -2.331131 2.372370,
 -205.964600 -76.244278 -11.784376 -107.314529 -6.130958 15.826295 -1.613688 3.792680,
 -83.420235 -164.789307 -94.571083 -11.057700 7.556073 35.221943 4.949827 1.837242,
 -11.862306 -78.051559 -216.352188 -93.762596 -0.145573 14.821929 2.393435 -13.385618,
 -106.288033 -10.431393 -101.192352 -224.482986 -12.685680 1.930620 -5.947567 -18.558290,
 -46.042015 -21.708715 -4.684895 -19.770153 2.108727 -10.716652 -1.410883 -12.720383,
 -14.405909 -78.852394 -58.525410 -3.551261 1.345746 -21.846529 -1.373622 -0.951596,
 -1.050955 -58.604225 -116.340843 -28.637989 0.598226 -4.792958 -2.089824 -12.176716,
 -22.595852 -7.020658 -43.191559 -49.458443 3.377041 1.371720 -4.765278 -27.131546,
