Low-band skewness and kurtosis
 -3.390669 12.861233,
 -3.406410 13.396913,
 -3.204849 12.652785,
 -2.489253 8.762774,
 -1.463874 4.249043,

High-band variance
 57.867889,

Skewness, kurtosis, variance, mean, maximum and minimum of the reconstructed texture
 -3.385406 12.623233 3935.001953 237.409302 255.000000 0.000000,

Auto-correlations of the low-frequency bands at each scale
 1943.699951 2251.925049 2532.629883 2768.336182 2920.992676 2966.118896 2910.464111 2304.269531 2636.907471 2963.687500 3213.672607 3292.558105 3204.559326 3019.819824 2627.700195 3010.562744 3409.166748 3660.085205 3610.647705 3339.069092 3013.488281 2877.570557 3279.463867 3680.292480 3863.845703 3680.292480 3279.463867 2877.570557 3013.488281 3339.069092 3610.647705 3660.085205 3409.166748 3010.562744 2627.700195 3019.819824 3204.559326 3292.558105 3213.672607 2963.687500 2636.907471 2304.269531 2910.464111 2966.118896 2920.992676 2768.336182 2532.629883 2251.925049 1943.699951,
 349.867432 719.396606 1174.369141 1668.657227 2107.323730 2402.365234 2490.598877 770.140198 1254.159180 1845.215454 2394.465576 2685.014160 2678.755859 2464.724365 1300.415527 1943.608154 2710.126221 3248.884521 3223.988525 2775.892334 2239.353516 1831.418945 2537.157227 3301.936523 3662.613037 3301.936523 2537.157227 1831.418945 2239.353516 2775.892334 3223.988525 3248.884521 2710.126221 1943.608154 1300.415527 2464.724365 2678.755859 2685.014160 2394.465576 1845.215454 1254.159180 770.140198 2490.598877 2402.365234 2107.323730 1668.657227 1174.369141 719.396606 349.867432,
 -284.235229 -300.953491 -167.248779 369.208282 1290.282837 2137.335938 2341.752930 -314.025391 -203.426514 316.988892 1221.467163 2059.894531 2372.921631 1987.281250 -167.902649 364.576355 1447.775879 2491.768066 2707.605469 2105.608154 1209.246094 374.740387 1326.362305 2558.985352 3175.733887 2558.985352 1326.362305 374.740387 1209.246094 2105.608154 2707.605469 2491.768066 1447.775879 364.576355 -167.902649 1987.281250 2372.921631 2059.894531 1221.467163 316.988892 -203.426514 -314.025391 2341.752930 2137.335938 1290.282837 369.208282 -167.248779 -300.953491 -284.235229,
 -197.875549 -240.567383 -480.185211 -442.938110 295.252045 1312.272583 1630.510010 -238.172241 -493.626770 -502.073822 261.165771 1378.784058 1778.109863 1078.466187 -462.612671 -498.359253 268.786499 1512.471191 2006.715698 1257.755981 113.607285 -475.745148 202.557236 1489.216064 2185.242188 1489.216064 202.557236 -475.745148 113.607285 1257.755981 2006.715698 1512.471191 268.786499 -498.359253 -462.612671 1078.466187 1778.109863 1378.784058 261.165771 -502.073822 -493.626770 -238.172241 1630.510010 1312.272583 295.252045 -442.938110 -480.185211 -240.567383 -197.875549,
 -151.352646 -355.154449 -486.736572 -438.127380 -62.093002 386.961395 470.539001 -352.598969 -465.368286 -477.583923 -72.576561 540.682190 690.970947 262.808075 -436.614594 -468.776917 -82.059143 658.912903 935.278625 426.654480 -186.961700 -437.741241 -140.471725 621.072327 1074.373535 621.072327 -140.471725 -437.741241 -186.961700 426.654480 935.278625 658.912903 -82.059143 -468.776917 -436.614594 262.808075 690.970947 540.682190 -72.576561 -477.583923 -465.368286 -352.598969 470.539001 386.961395 -62.093002 -438.127380 -486.736572 -355.154449 -151.352646,

Auto-correlations of the modulus of each oriented sub-band
 32.708775 38.110279 43.336811 46.726311 47.333645 45.450924 42.228497 38.910980 46.378101 53.101685 56.665565 55.842468 51.376415 45.317764 45.311649 54.963371 63.297745 66.983116 64.494286 57.229698 48.313480 48.924019 59.402241 68.341652 71.930115 68.341652 59.402241 48.924019 48.313480 57.229698 64.494286 66.983116 63.297745 54.963371 45.311649 45.317764 51.376415 55.842468 56.665565 53.101685 46.378101 38.910980 42.228497 45.450924 47.333645 46.726311 43.336811 38.110279 32.708775,
 58.135414 65.085938 72.035439 77.385574 80.042793 79.776382 77.182213 65.292809 75.716263 85.131866 90.587112 90.880493 86.803421 80.222054 72.479706 85.372902 96.636353 101.892899 99.362213 91.185173 80.713715 78.031181 90.973328 101.999313 106.562134 101.999313 90.973328 78.031181 80.713715 91.185173 99.362213 101.892899 96.636353 85.372902 72.479706 80.222054 86.803421 90.880493 90.587112 85.131866 75.716263 65.292809 77.182213 79.776382 80.042793 77.385574 72.035439 65.085938 58.135414,
 38.181534 45.128574 51.972473 55.869808 55.635880 53.144817 50.417419 44.539616 53.374950 62.156269 66.682701 64.849503 59.641399 54.217213 50.804710 60.872066 70.998108 75.969345 72.398651 64.343353 56.221321 55.117081 64.997490 74.950089 79.707962 74.950089 64.997490 55.117081 56.221321 64.343353 72.398651 75.969345 70.998108 60.872066 50.804710 54.217213 59.641399 64.849503 66.682701 62.156269 53.374950 44.539616 50.417419 53.144817 55.635880 55.869808 51.972473 45.128574 38.181534,
 24.118061 29.276972 34.262829 38.189278 40.058025 39.577446 37.572960 28.804640 35.961136 43.041721 47.935493 48.598049 45.070801 39.572433 33.569607 42.729259 51.655064 56.812893 55.355282 48.397266 39.738865 37.560093 47.557320 56.703613 60.612656 56.703613 47.557320 37.560093 39.738865 48.397266 55.355282 56.812893 51.655064 42.729259 33.569607 39.572433 45.070801 48.598049 47.935493 43.041721 35.961136 28.804640 37.572960 39.577446 40.058025 38.189278 34.262829 29.276972 24.118061,
 50.979042 58.106068 65.020905 71.559952 77.046371 80.624771 81.585670 69.853462 80.446945 89.582237 95.255013 96.057838 92.340500 85.711937 87.804520 104.728142 118.950226 125.032623 120.347214 107.818764 92.706436 96.099136 116.067741 133.482056 140.712112 133.482056 116.067741 96.099136 92.706436 107.818764 120.347214 125.032623 118.950226 104.728142 87.804520 85.711937 92.340500 96.057838 95.255013 89.582237 80.446945 69.853462 81.585670 80.624771 77.046371 71.559952 65.020905 58.106068 50.979042,
 119.667671 133.491821 143.240448 148.577698 150.628387 150.603729 149.349091 134.691208 155.290482 170.868011 175.993683 171.540527 162.030563 150.867081 144.110962 170.868195 194.245880 202.279831 191.872681 171.937714 150.845734 148.917465 176.184799 202.153564 213.787476 202.153564 176.184799 148.917465 150.845734 171.937714 191.872681 202.279831 194.245880 170.868195 144.110962 150.867081 162.030563 171.540527 175.993683 170.868011 155.290482 134.691208 149.349091 150.603729 150.628387 148.577698 143.240448 133.491821 119.667671,
 65.920242 91.255562 115.028618 128.047409 129.676987 126.030739 121.411163 77.897568 107.188293 137.024368 151.949432 146.974625 132.637909 118.504547 90.117882 121.637787 155.811188 172.495819 160.597748 135.062408 111.595802 101.767395 131.583664 164.664734 180.987244 164.664734 131.583664 101.767395 111.595802 135.062408 160.597748 172.495819 155.811188 121.637787 90.117882 118.504547 132.637909 146.974625 151.949432 137.024368 107.188293 77.897568 121.411163 126.030739 129.676987 128.047409 115.028618 91.255562 65.920242,
 30.222607 44.321728 60.796638 76.578720 88.037086 92.185165 88.753479 39.736298 58.899128 81.295235 100.537476 108.877037 103.522476 89.117920 52.894417 77.431244 104.832787 123.891434 123.595268 105.657013 81.653694 68.160889 95.542755 122.462387 134.429886 122.462387 95.542755 68.160889 81.653694 105.657013 123.595268 123.891434 104.832787 77.431244 52.894417 89.117920 103.522476 108.877037 100.537476 81.295235 58.899128 39.736298 88.753479 92.185165 88.037086 76.578720 60.796638 44.321728 30.222607,
 19.853085 43.564301 68.936592 94.778526 116.310020 128.469162 130.816254 47.409470 75.945862 100.489609 119.052696 131.359619 134.798157 126.502502 79.332458 117.694809 148.750824 161.627869 155.837921 138.322495 114.244095 101.525185 140.760345 175.332001 189.997864 175.332001 140.760345 101.525185 114.244095 138.322495 155.837921 161.627869 148.750824 117.694809 79.332458 126.502502 134.798157 131.359619 119.052696 100.489609 75.945862 47.409470 130.816254 128.469162 116.310020 94.778526 68.936592 43.564301 19.853085,
 139.874054 223.995270 302.525299 370.730225 425.777557 461.327606 468.472076 225.203796 320.108948 400.457428 452.605591 476.347382 477.512817 456.712769 302.671387 401.746338 484.490540 524.412354 515.480286 474.860962 419.443542 367.033966 452.680969 524.905518 554.572021 524.905518 452.680969 367.033966 419.443542 474.860962 515.480286 524.412354 484.490540 401.746338 302.671387 456.712769 477.512817 476.347382 452.605591 400.457428 320.108948 225.203796 468.472076 461.327606 425.777557 370.730225 302.525299 223.995270 139.874054,
 16.327705 59.818130 112.715065 158.023453 187.355286 200.766769 198.655731 53.358849 108.100708 174.295914 218.083176 226.988174 217.843750 195.509338 95.205017 154.504150 226.940552 268.444519 251.595215 214.104187 173.551025 137.588425 191.472198 253.942505 289.193481 253.942505 191.472198 137.588425 173.551025 214.104187 251.595215 268.444519 226.940552 154.504150 95.205017 195.509338 217.843750 226.988174 218.083176 174.295914 108.100708 53.358849 198.655731 200.766769 187.355286 158.023453 112.715065 59.818130 16.327705,
 -18.262718 2.732780 35.611546 75.368256 109.610641 127.351006 127.080971 -1.603539 30.439751 76.013504 122.039276 147.733810 143.663544 118.637093 24.153782 68.343811 122.897430 164.582657 169.078156 137.823959 92.970551 58.057865 109.138199 160.135376 182.720657 160.135376 109.138199 58.057865 92.970551 137.823959 169.078156 164.582657 122.897430 68.343811 24.153782 118.637093 143.663544 147.733810 122.039276 76.013504 30.439751 -1.603539 127.080971 127.351006 109.610641 75.368256 35.611546 2.732780 -18.262718,
 -42.261425 -13.580223 18.638832 49.645321 75.310051 92.625008 98.591949 -11.558414 26.310192 62.635818 89.869270 103.067932 101.552673 87.549728 25.534492 72.416176 111.711082 132.207672 129.118927 106.411995 72.426216 54.788727 102.313019 140.090485 154.835846 140.090485 102.313019 54.788727 72.426216 106.411995 129.118927 132.207672 111.711082 72.416176 25.534492 87.549728 101.552673 103.067932 89.869270 62.635818 26.310192 -11.558414 98.591949 92.625008 75.310051 49.645321 18.638832 -13.580223 -42.261425,
 -198.390152 -35.604462 151.212921 332.457886 473.251312 542.219604 521.458923 -47.857040 157.774521 364.984863 533.076416 624.927490 618.676514 516.026855 126.375717 354.254578 554.161499 679.925476 699.650024 610.009033 435.837219 297.388184 515.870972 675.434082 734.489990 675.434082 515.870972 297.388184 435.837219 610.009033 699.650024 679.925476 554.161499 354.254578 126.375717 516.026855 618.676514 624.927490 533.076416 364.984863 157.774521 -47.857040 521.458923 542.219604 473.251312 332.457886 151.212921 -35.604462 -198.390152,
 -38.760368 -5.249550 29.034225 47.734962 53.408295 57.644379 63.866142 -18.701008 27.833818 77.406868 97.642334 87.441612 69.522575 53.853992 2.652954 55.632397 115.570297 141.859619 116.241791 75.401733 39.253986 22.252441 71.858398 129.022461 160.623215 129.022461 71.858398 22.252441 39.253986 75.401733 116.241791 141.859619 115.570297 55.632397 2.652954 53.853992 69.522575 87.441612 97.642334 77.406868 27.833818 -18.701008 63.866142 57.644379 53.408295 47.734962 29.034225 -5.249550 -38.760368,
 -14.802507 -10.904062 -4.130032 5.287747 15.916094 25.073233 29.033747 -11.490751 -4.113613 6.637972 17.931072 25.902597 28.230282 24.451124 -5.392196 6.423819 20.997963 31.949989 33.603485 26.430933 15.025281 3.972225 18.347536 32.649155 38.959328 32.649155 18.347536 3.972225 15.025281 26.430933 33.603485 31.949989 20.997963 6.423819 -5.392196 24.451124 28.230282 25.902597 17.931072 6.637972 -4.113613 -11.490751 29.033747 25.073233 15.916094 5.287747 -4.130032 -10.904062 -14.802507,

Pairwise cross-correlations of the modulus of all oriented sub-bands at the same scale (size QxQ)
 71.930115 66.102722 41.918987 47.712685,
 66.102722 106.562149 67.677498 43.751411,
 41.918987 67.677498 79.707970 53.593273,
 47.712685 43.751411 53.593273 60.612663,
 140.712128 141.894272 118.814850 110.129135,
 141.894272 213.787491 160.598602 117.126633,
 118.814850 160.598602 180.987259 136.906967,
 110.129135 117.126633 136.906967 134.429901,
 189.997879 261.415375 155.748962 145.418716,
 261.415375 554.572144 320.540710 197.501663,
 155.748962 320.540710 289.193512 185.954407,
 145.418716 197.501663 185.954407 182.720673,
 154.835876 301.477112 100.470558 53.402184,
 301.477112 734.489990 291.064880 113.106895,
 100.470558 291.064880 160.623230 56.496403,
 53.402184 113.106895 56.496403 38.959320,

Cross-correlations of the modulus of all oriented sub-bands with all oriented sub-bands at the coarser scale (size QxQ)
 88.609467 89.438095 73.772232 71.770668,
 90.431633 133.466644 101.595108 76.725365,
 63.907288 92.445045 106.017006 81.826668,
 64.489616 65.573418 81.149307 77.977043,
 138.798004 201.721954 132.474457 123.052460,
 158.102463 307.736359 196.695312 134.913986,
 129.893509 237.823502 187.552948 144.067886,
 114.473114 168.528656 133.366577 125.075287,
 133.575073 264.493591 90.825340 57.911633,
 234.551605 573.851807 235.967316 106.815384,
 111.559341 292.726898 155.322205 80.285492,
 78.509926 171.497375 78.000519 53.552616,

Cross-correlations of the real part of each oriented sub-band with both the real and imaginary part of all phase-doubled oriented sub-bands at the next coarser scale (Q matrices of size 1x2Q, which are computed and stored in a matrix of size Qx2Q)
 17.768980 9.457092 1.879013 7.777675 -0.968677 -4.656302 -0.608064 -1.941905,
 8.344962 28.364231 14.473841 0.990169 -3.883478 -3.803280 1.420531 0.356485,
 1.067986 15.431559 28.852121 11.360676 -0.539190 1.753555 5.130093 -1.038468,
 7.970274 1.057955 12.882354 21.489277 1.788160 0.056234 1.300416 -4.200019,
 -11.149120 3.517966 2.572328 -8.849416 -5.684953 -8.163563 -1.594268 -3.670621,
 -0.402867 -2.969210 -12.221428 0.770597 -9.058960 -11.649333 -3.894728 0.501908,
 -0.744203 -10.333592 -22.317379 -2.370667 -0.736197 -2.256208 -3.210638 -4.392009,
 -8.191517 -0.920526 -4.027205 -17.213255 2.033757 -0.250513 -1.872934 -9.871956,
 -75.971649 -166.602875 -35.571812 -0.381065 -7.611105 0.142969 -2.188110 3.405621,
 -149.691498 -431.426270 -143.026657 0.019325 -1.479152 0.196327 -8.657242 0.735694,
 -45.006836 -158.907242 -99.363335 1.250768 3.339003 -1.319498 3.237558 11.485881,
 -5.688218 -3.476109 -10.852765 0.723177 -1.508869 -0.200804 5.480354 15.665804,
