Low-band skewness and kurtosis
 -2.271059 6.479194,
 -2.317755 7.140115,
 -1.874790 5.573530,
 -1.648116 5.404753,
 -1.547160 4.605178,

High-band variance
 129.563217,

Skewness, kurtosis, variance, mean, maximum and minimum of the reconstructed texture
 -2.258844 6.243993 6470.082031 223.357544 255.000000 0.000000,

Auto-correlations of the low-frequency bands at each scale
 2787.062744 3342.677002 3749.373535 3922.616211 3824.605957 3485.512939 2985.385010 3271.566406 3965.613281 4576.999512 4860.896484 4653.320801 4093.967285 3425.431641 3644.036377 4529.683594 5425.254395 5850.783691 5478.333496 4613.115234 3733.671631 3818.492676 4804.276367 5835.077637 6311.680664 5835.077637 4804.276367 3818.492676 3733.671631 4613.115234 5478.333496 5850.783691 5425.254395 4529.683594 3644.036377 3425.431641 4093.967285 4653.320801 4860.896484 4576.999512 3965.613281 3271.566406 2985.385010 3485.512939 3824.605957 3922.616211 3749.373535 3342.677002 2787.062744,
 1074.563354 1275.606934 1696.989136 1977.906372 1880.631470 1610.236816 1456.686646 1274.070435 1772.370361 2660.725342 3184.146729 2831.090088 2072.314941 1603.668823 1596.118774 2550.574463 4098.559082 4940.340820 4202.865723 2724.232178 1772.349976 1812.856079 3013.134277 4877.767090 5844.271484 4877.767090 3013.134277 1812.856079 1772.349976 2724.232178 4202.865723 4940.340820 4098.559082 2550.574463 1596.118774 1603.668823 2072.314941 2831.090088 3184.146729 2660.725342 1772.370361 1274.070435 1456.686646 1610.236816 1880.631470 1977.906372 1696.989136 1275.606934 1074.563354,
 1289.937988 1263.617188 1173.254639 1053.578125 1055.081787 1227.565430 1208.472168 1140.139771 1022.638428 1233.175049 1540.195435 1388.787842 1140.604004 1096.481323 1034.163208 1188.322021 2286.244629 3215.149902 2532.841309 1396.902100 1093.863647 1109.090820 1550.322876 3201.764893 4335.078613 3201.764893 1550.322876 1109.090820 1093.863647 1396.902100 2532.841309 3215.149902 2286.244629 1188.322021 1034.163208 1096.481323 1140.604004 1388.787842 1540.195435 1233.175049 1022.638428 1140.139771 1208.472168 1227.565430 1055.081787 1053.578125 1173.254639 1263.617188 1289.937988,
 405.536255 766.360413 841.806091 742.093994 807.734070 847.015808 513.678894 683.577271 944.449463 1085.581177 1103.030884 1011.423218 916.072021 732.552612 752.877075 986.786072 1534.856445 1912.435791 1516.336914 980.724304 786.697632 758.323120 1028.185181 1863.022827 2453.244629 1863.022827 1028.185181 758.323120 786.697632 980.724304 1516.336914 1912.435791 1534.856445 986.786072 752.877075 732.552612 916.072021 1011.423218 1103.030884 1085.581177 944.449463 683.577271 513.678894 847.015808 807.734070 742.093994 841.806091 766.360413 405.536255,
 -665.880371 -520.342834 -231.006760 22.701660 -27.183853 -346.056946 -619.093506 -462.437317 -195.387909 243.838745 571.247742 445.382690 -30.216988 -424.664124 -202.602646 246.924393 934.271545 1330.266968 1011.123718 300.562195 -199.628220 -86.562531 456.310333 1283.597046 1713.060303 1283.597046 456.310333 -86.562531 -199.628220 300.562195 1011.123718 1330.266968 934.271545 246.924393 -202.602646 -424.664124 -30.216988 445.382690 571.247742 243.838745 -195.387909 -462.437317 -619.093506 -346.056946 -27.183853 22.701660 -231.006760 -520.342834 -665.880371,

Auto-correlations of the modulus of each oriented sub-band
 77.455444 85.569122 93.340385 96.921356 94.369270 87.205719 79.077072 92.291702 104.106583 115.070580 119.791336 115.660469 104.880325 92.676361 106.510429 122.751869 137.606262 143.774292 137.733093 122.772835 106.117439 112.500832 131.193344 148.294067 155.402985 148.294067 131.193344 112.500832 106.117439 122.772835 137.733093 143.774292 137.606262 122.751869 106.510429 92.676361 104.880325 115.660469 119.791336 115.070580 104.106583 92.291702 79.077072 87.205719 94.369270 96.921356 93.340385 85.569122 77.455444,
 103.982391 111.085587 116.046822 116.125793 110.333549 100.350449 89.048065 110.871323 126.842789 139.373688 142.358429 134.041718 118.100021 100.192749 115.239182 138.828201 158.747635 165.302887 154.891281 133.412704 109.494431 114.921059 141.418533 164.967712 174.890228 164.967712 141.418533 114.921059 109.494431 133.412704 154.891281 165.302887 158.747635 138.828201 115.239182 100.192749 118.100021 134.041718 142.358429 139.373688 126.842789 110.871323 89.048065 100.350449 110.333549 116.125793 116.046822 111.085587 103.982391,
 73.192680 90.621216 106.740974 113.431595 106.774513 91.716888 75.671928 81.717926 104.046890 125.312538 134.526657 125.418587 105.061478 83.831467 89.658798 115.988235 141.549484 153.018356 141.617233 116.572845 90.845169 93.277306 120.980858 148.089050 160.506439 148.089050 120.980858 93.277306 90.845169 116.572845 141.617233 153.018356 141.549484 115.988235 89.658798 83.831467 105.061478 125.418587 134.526657 125.312538 104.046890 81.717926 75.671928 91.716888 106.774513 113.431595 106.740974 90.621216 73.192680,
 68.474220 78.745804 89.327499 97.353165 100.227264 97.407211 90.953148 78.687706 95.397484 112.087868 122.792198 122.496452 111.515450 95.994057 88.142029 110.984512 133.235779 145.504120 140.375854 120.911606 97.803391 95.044647 120.775528 144.706406 155.077332 144.706406 120.775528 95.044647 97.803391 120.911606 140.375854 145.504120 133.235779 110.984512 88.142029 95.994057 111.515450 122.496452 122.792198 112.087868 95.397484 78.687706 90.953148 97.407211 100.227264 97.353165 89.327499 78.745804 68.474220,
 202.835419 210.388840 214.489288 214.121704 208.387543 197.895554 184.326447 257.899994 281.557617 298.500885 302.953796 291.839447 268.716309 240.681030 305.678284 350.695496 387.105835 400.579895 383.587830 344.127747 297.227417 323.836487 379.975891 427.784637 447.531921 427.784637 379.975891 323.836487 297.227417 344.127747 383.587830 400.579895 387.105835 350.695496 305.678284 240.681030 268.716309 291.839447 302.953796 298.500885 281.557617 257.899994 184.326447 197.895554 208.387543 214.121704 214.489288 210.388840 202.835419,
 202.974365 216.214523 215.259644 199.179871 173.123657 145.198074 122.042671 232.473785 267.964905 284.354919 270.673035 232.931259 188.816208 151.193268 238.004791 296.900604 343.247406 346.417664 302.191193 240.013214 185.916321 218.741119 284.253418 351.586670 382.821381 351.586670 284.253418 218.741119 185.916321 240.013214 302.191193 346.417664 343.247406 296.900604 238.004791 151.193268 188.816208 232.931259 270.673035 284.354919 267.964905 232.473785 122.042671 145.198074 173.123657 199.179871 215.259644 216.214523 202.974365,
 148.734497 193.749420 241.333984 261.172943 233.596710 180.869659 136.177246 157.591049 215.105026 281.066284 311.675598 275.965088 205.644516 146.713699 163.964233 233.309479 317.055847 358.606018 314.601990 228.111328 157.228394 164.081665 239.096680 331.584351 378.982269 331.584351 239.096680 164.081665 157.228394 228.111328 314.601990 358.606018 317.055847 233.309479 163.964233 146.713699 205.644516 275.965088 311.675598 281.066284 215.105026 157.591049 136.177246 180.869659 233.596710 261.172943 241.333984 193.749420 148.734497,
 118.968781 140.251434 169.275421 200.793396 222.287872 222.191132 200.697845 138.269089 174.205582 220.599640 265.151825 283.778168 264.178406 219.219925 165.334595 219.630005 286.126953 336.756073 335.427490 283.559509 217.060089 195.251755 264.606110 337.545959 371.816040 337.545959 264.606110 195.251755 217.060089 283.559509 335.427490 336.756073 286.126953 219.630005 165.334595 219.219925 264.178406 283.778168 265.151825 220.599640 174.205582 138.269089 200.697845 222.191132 222.287872 200.793396 169.275421 140.251434 118.968781,
 109.263344 123.997704 131.614273 128.704300 124.976295 125.752403 124.517143 156.050888 197.151428 227.839890 228.396713 203.564957 173.747925 149.528641 203.066284 287.571106 366.300476 390.903381 346.651489 268.998230 197.482178 225.297791 329.061157 435.590576 484.418335 435.590576 329.061157 225.297791 197.482178 268.998230 346.651489 390.903381 366.300476 287.571106 203.066284 149.528641 173.747925 203.564957 228.396713 227.839890 197.151428 156.050888 124.517143 125.752403 124.976295 128.704300 131.614273 123.997704 109.263344,
 166.698517 215.309235 235.311523 203.728943 168.194214 173.123322 196.927185 216.099670 298.760803 359.199127 326.919220 237.051910 182.960083 180.760376 233.657166 343.690125 464.682953 477.204956 359.185577 237.517502 185.287659 212.747894 312.222717 465.285889 551.097656 465.285889 312.222717 212.747894 185.287659 237.517502 359.185577 477.204956 464.682953 343.690125 233.657166 180.760376 182.960083 237.051910 326.919220 359.199127 298.760803 216.099670 196.927185 173.123322 168.194214 203.728943 235.311523 215.309235 166.698517,
 142.691956 164.487152 223.776123 270.804504 253.868378 199.981659 161.723083 171.164032 213.713898 308.968994 372.137207 326.705994 233.023529 175.575562 190.146805 253.802948 386.290863 468.215881 393.369171 261.179657 189.149460 195.730682 270.881470 419.951263 510.221741 419.951263 270.881470 195.730682 189.149460 261.179657 393.369171 468.215881 386.290863 253.802948 190.146805 175.575562 233.023529 326.705994 372.137207 308.968994 213.713898 171.164032 161.723083 199.981659 253.868378 270.804504 223.776123 164.487152 142.691956,
 72.201172 90.252213 115.692429 137.956589 149.154068 139.008392 114.874359 77.676758 116.368103 172.736145 230.751129 250.440155 207.310242 145.258728 98.036491 165.076843 265.810547 355.365356 344.224243 243.279022 147.761108 126.184494 219.778442 349.088898 420.578278 349.088898 219.778442 126.184494 147.761108 243.279022 344.224243 355.365356 265.810547 165.076843 98.036491 145.258728 207.310242 250.440155 230.751129 172.736145 116.368103 77.676758 114.874359 139.008392 149.154068 137.956589 115.692429 90.252213 72.201172,
 9.814363 22.278765 32.583458 37.456108 35.512245 27.498625 14.922801 1.764450 15.014106 25.376539 28.388113 23.153849 12.990426 2.253846 21.635521 47.118050 71.692673 82.975677 74.959442 55.031288 35.801460 54.703716 88.504631 124.050331 140.072739 124.050331 88.504631 54.703716 35.801460 55.031288 74.959442 82.975677 71.692673 47.118050 21.635521 2.253846 12.990426 23.153849 28.388113 25.376539 15.014106 1.764450 14.922801 27.498625 35.512245 37.456108 32.583458 22.278765 9.814363,
 32.448063 69.496895 75.434448 54.995819 32.109245 18.229553 18.239925 36.897812 85.115952 114.527504 95.502960 59.388954 32.644592 22.366093 40.777920 90.359100 145.116150 146.045288 97.432732 51.509426 27.386456 35.699760 75.907990 138.333008 175.647339 138.333008 75.907990 35.699760 27.386456 51.509426 97.432732 146.045288 145.116150 90.359100 40.777920 22.366093 32.644592 59.388954 95.502960 114.527504 85.115952 36.897812 18.239925 18.229553 32.109245 54.995819 75.434448 69.496895 32.448063,
 32.488213 34.600132 33.334610 55.610378 53.331612 28.150314 14.171685 39.368511 37.115765 50.464817 86.209518 69.278656 35.243946 27.662678 44.191082 40.872616 71.763817 118.707550 83.679268 41.959949 40.430134 45.937145 43.836746 85.796524 133.506317 85.796524 43.836746 45.937145 40.430134 41.959949 83.679268 118.707550 71.763817 40.872616 44.191082 27.662678 35.243946 69.278656 86.209518 50.464817 37.115765 39.368511 14.171685 28.150314 53.331612 55.610378 33.334610 34.600132 32.488213,
 23.743505 43.464607 62.526798 81.131195 88.769272 72.063881 40.495712 42.187557 63.476463 90.642021 119.790047 124.847939 93.039528 49.920223 53.557926 81.087013 125.381638 165.497101 155.933609 102.952995 52.327740 53.824574 96.207718 156.459198 190.059296 156.459198 96.207718 53.824574 52.327740 102.952995 155.933609 165.497101 125.381638 81.087013 53.557926 49.920223 93.039528 124.847939 119.790047 90.642021 63.476463 42.187557 40.495712 72.063881 88.769272 81.131195 62.526798 43.464607 23.743505,

Pairwise cross-correlations of the modulus of all oriented sub-bands at the same scale (size QxQ)
 155.402969 113.199387 65.340027 107.783180,
 113.199387 174.890259 115.495659 74.727547,
 65.340027 115.495659 160.506470 105.042801,
 107.783180 74.727547 105.042801 155.077347,
 447.531982 324.254578 272.596283 323.393890,
 324.254578 382.821411 289.970886 256.430573,
 272.596283 289.970886 378.982300 285.687317,
 323.393890 256.430573 285.687317 371.816040,
 484.418396 381.586304 342.787476 344.764832,
 381.586304 551.097778 415.640259 303.582092,
 342.787476 415.640259 510.221741 363.905487,
 344.764832 303.582092 363.905487 420.578308,
 140.072754 100.330627 62.061680 113.518234,
 100.330627 175.647369 89.463875 130.010620,
 62.061680 89.463875 133.506332 103.355896,
 113.518234 130.010620 103.355896 190.059311,

Cross-correlations of the modulus of all oriented sub-bands with all oriented sub-bands at the coarser scale (size QxQ)
 227.578186 170.087433 126.918571 172.047684,
 198.528595 224.381363 181.151718 148.195129,
 149.570129 165.694504 213.219238 164.019791,
 193.910141 135.526459 166.067474 206.040802,
 376.949524 343.071808 331.466064 307.159424,
 305.575226 348.477936 311.876892 233.141876,
 270.772217 320.590698 344.033264 271.350677,
 291.908112 292.963257 312.479279 309.042328,
 154.699005 179.097824 129.225464 177.618851,
 142.827621 179.638153 161.426605 174.668961,
 141.373077 171.243378 144.815155 163.678665,
 138.416306 143.872314 113.729660 169.348846,

Cross-correlations of the real part of each oriented sub-band with both the real and imaginary part of all phase-doubled oriented sub-bands at the next coarser scale (Q matrices of size 1x2Q, which are computed and stored in a matrix of size Qx2Q)
 84.097061 40.788567 4.274172 38.024376 -1.935377 -1.643066 -0.090948 -2.151664,
 39.203938 89.425827 37.606167 4.474724 -2.367138 2.464864 4.425398 -0.628653,
 4.696533 39.032059 81.057037 32.412529 -0.013212 4.782051 6.576639 -1.396863,
 37.139164 4.304678 35.146526 76.580872 0.870659 0.820298 -0.121716 -3.184140,
 -94.955818 -42.714817 -4.716791 -50.218109 -7.488257 -3.064773 -0.967403 -10.267929,
 -34.537052 -99.092743 -44.191296 -4.709214 -11.807850 0.368507 7.899884 -2.749891,
 -3.491221 -45.015930 -96.072723 -42.469368 -0.571670 2.949619 0.674716 -8.538133,
 -47.902401 -6.306445 -42.734066 -102.056732 4.003738 -2.320236 -6.276013 -18.237770,
 -110.340256 -40.541313 -8.024742 -35.756046 5.935216 -4.745436 1.198091 4.845713,
 -36.747646 -106.537979 -36.051132 -4.814681 -3.337540 -16.353909 -16.699978 -1.743757,
 -5.339455 -46.419601 -53.506172 -38.738300 -0.157775 -8.172773 -18.867062 9.282361,
 -58.412163 -0.861145 -26.383739 -81.694626 7.671000 -0.918050 5.860813 24.129551,
