Low-band skewness and kurtosis
 -2.339571 6.782660,
 -2.381014 7.381913,
 -2.020506 6.085952,
 -1.600523 4.726342,
 -1.566439 5.036085,

High-band variance
 121.070564,

Skewness, kurtosis, variance, mean, maximum and minimum of the reconstructed texture
 -2.328575 6.558794 6284.647461 224.603577 255.000000 0.000000,

Auto-correlations of the low-frequency bands at each scale
 2955.985352 3473.752197 3863.990479 4061.486084 4004.211670 3710.290771 3266.362305 3396.110352 4042.065186 4603.891113 4875.637695 4698.611816 4199.073730 3604.925781 3728.587402 4541.203613 5351.543945 5736.282715 5396.817383 4617.046387 3834.774414 3886.931152 4774.146484 5704.426758 6136.808105 5704.426758 4774.146484 3886.931152 3834.774414 4617.046387 5396.817383 5736.282715 5351.543945 4541.203613 3728.587402 3604.925781 4199.073730 4698.611816 4875.637695 4603.891113 4042.065186 3396.110352 3266.362305 3710.290771 4004.211670 4061.486084 3863.990479 3473.752197 2955.985352,
 1123.223877 1531.637451 2061.074707 2404.680420 2442.553223 2357.971924 2295.490479 1348.820679 1975.013062 2883.020508 3411.955078 3157.598633 2542.299316 2139.159668 1695.287354 2688.575195 4149.936523 4937.205566 4300.774414 2980.351074 2092.246582 1991.434814 3152.999023 4858.154785 5727.916992 4858.154785 3152.999023 1991.434814 2092.246582 2980.351074 4300.774414 4937.205566 4149.936523 2688.575195 1695.287354 2139.159668 2542.299316 3157.598633 3411.955078 2883.020508 1975.013062 1348.820679 2295.490479 2357.971924 2442.553223 2404.680420 2061.074707 1531.637451 1123.223877,
 829.675903 771.421021 913.215210 1300.534058 1638.458130 1968.226685 2163.123047 908.431824 769.179626 1282.073242 2070.864258 2284.841309 2153.814941 2031.095459 894.087646 1110.953003 2381.666016 3507.271729 3059.375977 1982.560181 1487.809814 1021.576477 1621.157715 3295.016113 4365.973633 3295.016113 1621.157715 1021.576477 1487.809814 1982.560181 3059.375977 3507.271729 2381.666016 1110.953003 894.087646 2031.095459 2153.814941 2284.841309 2070.864258 1282.073242 769.179626 908.431824 2163.123047 1968.226685 1638.458130 1300.534058 913.215210 771.421021 829.675903,
 -537.088684 -200.775696 148.020874 512.853149 904.426758 1148.637939 1196.538818 -189.384399 205.684387 639.480713 1146.350342 1499.848877 1549.631836 1356.959839 196.923981 666.311768 1420.538818 2149.562256 2156.552979 1657.390869 1144.171875 669.188843 1264.929565 2172.482178 2715.255371 2172.482178 1264.929565 669.188843 1144.171875 1657.390869 2156.552979 2149.562256 1420.538818 666.311768 196.923981 1356.959839 1549.631836 1499.848877 1146.350342 639.480713 205.684387 -189.384399 1196.538818 1148.637939 904.426758 512.853149 148.020874 -200.775696 -537.088684,
 -431.085114 -828.529663 -978.311218 -735.568420 -90.989563 517.056274 589.966675 -879.254639 -987.564941 -586.943970 141.876358 805.852173 967.061035 499.467529 -978.156616 -591.132935 405.919495 1357.379883 1509.960449 858.474243 -27.304047 -640.932434 204.474136 1388.952271 1983.057007 1388.952271 204.474136 -640.932434 -27.304047 858.474243 1509.960449 1357.379883 405.919495 -591.132935 -978.156616 499.467529 967.061035 805.852173 141.876358 -586.943970 -987.564941 -879.254639 589.966675 517.056274 -90.989563 -735.568420 -978.311218 -828.529663 -431.085114,

Auto-correlations of the modulus of each oriented sub-band
 71.981071 79.704765 86.653572 89.903091 88.164513 82.890083 77.225502 86.438744 98.232445 108.671371 113.129501 109.584625 100.245262 89.926765 101.462296 117.831680 132.317352 138.282791 132.753326 118.837112 103.232498 108.732468 127.216766 143.756836 150.528259 143.756836 127.216766 108.732468 103.232498 118.837112 132.753326 138.282791 132.317352 117.831680 101.462296 89.926765 100.245262 109.584625 113.129501 108.671371 98.232445 86.438744 77.225502 82.890083 88.164513 89.903091 86.653572 79.704765 71.981071,
 89.546814 95.659775 99.277985 98.281601 92.822327 84.604691 75.827576 94.773521 108.841728 119.603424 121.096436 112.768753 98.756966 84.040657 97.654152 118.346054 136.318451 141.614868 131.274658 111.880295 91.696159 96.663979 119.508423 140.989456 150.304199 140.989456 119.508423 96.663979 91.696159 111.880295 131.274658 141.614868 136.318451 118.346054 97.654152 84.040657 98.756966 112.768753 121.096436 119.603424 108.841728 94.773521 75.827576 84.604691 92.822327 98.281601 99.277985 95.659775 89.546814,
 67.085037 80.374306 93.736565 100.628265 95.874641 83.226250 70.412949 73.807510 90.476021 107.901100 116.641960 109.445702 92.455193 75.863983 79.993996 99.696220 120.703552 131.079742 121.474167 100.665489 80.912651 82.756264 103.722786 126.144539 137.026001 126.144539 103.722786 82.756264 80.912651 100.665489 121.474167 131.079742 120.703552 99.696220 79.993996 75.863983 92.455193 109.445702 116.641960 107.901100 90.476021 73.807510 70.412949 83.226250 95.874641 100.628265 93.736565 80.374306 67.085037,
 73.776154 85.250717 95.318817 102.338379 104.995026 103.315430 99.035126 85.008423 101.294395 115.855499 124.630547 124.322693 115.680336 103.636215 95.566139 116.034950 134.711487 144.617767 140.335358 124.563133 105.629494 102.999794 124.948547 144.717789 153.131805 144.717789 124.948547 102.999794 105.629494 124.563133 140.335358 144.617767 134.711487 116.034950 95.566139 103.636215 115.680336 124.322693 124.630547 115.855499 101.294395 85.008423 99.035126 103.315430 104.995026 102.338379 95.318817 85.250717 73.776154,
 168.658386 192.400284 215.173111 234.261154 247.122116 252.826706 251.760376 220.619614 252.470856 280.718811 298.629700 302.259399 293.433441 277.106628 277.014282 320.097504 357.310791 375.627380 367.756104 340.213043 305.220642 310.889191 357.758820 398.040741 414.827362 398.040741 357.758820 310.889191 305.220642 340.213043 367.756104 375.627380 357.310791 320.097504 277.014282 277.106628 293.433441 302.259399 298.629700 280.718811 252.470856 220.619614 251.760376 252.826706 247.122116 234.261154 215.173111 192.400284 168.658386,
 178.321487 204.595856 214.781082 205.917526 187.654770 174.081604 170.962082 203.607849 241.554703 264.945618 257.875702 227.196793 196.216568 179.202484 214.452698 262.627106 306.474091 313.183044 275.989410 226.987686 193.150665 208.375992 255.405197 311.554321 339.430084 311.554321 255.405197 208.375992 193.150665 226.987686 275.989410 313.183044 306.474091 262.627106 214.452698 179.202484 196.216568 227.196793 257.875702 264.945618 241.554703 203.607849 170.962082 174.081604 187.654770 205.917526 214.781082 204.595856 178.321487,
 161.256332 215.869553 274.696045 307.095093 297.721497 263.599152 231.926376 178.860535 241.198715 313.414215 351.873688 331.089935 276.596588 229.311798 196.052048 264.050995 346.876617 389.746399 356.730194 283.109283 222.335526 211.130859 279.316040 363.697723 405.435913 363.697723 279.316040 211.130859 222.335526 283.109283 356.730194 389.746399 346.876617 264.050995 196.052048 229.311798 276.596588 331.089935 351.873688 313.414215 241.198715 178.860535 231.926376 263.599152 297.721497 307.095093 274.696045 215.869553 161.256332,
 144.601013 175.039124 210.737228 251.119186 286.613739 303.750763 294.796234 169.372925 210.462036 264.300507 317.637085 346.416962 337.187622 298.824158 202.253174 259.605652 330.807404 385.143066 388.212250 341.721863 278.906860 242.324860 311.100861 383.035980 416.219299 383.035980 311.100861 242.324860 278.906860 341.721863 388.212250 385.143066 330.807404 259.605652 202.253174 298.824158 337.187622 346.416962 317.637085 264.300507 210.462036 169.372925 294.796234 303.750763 286.613739 251.119186 210.737228 175.039124 144.601013,
 104.956741 164.955948 229.157074 286.141022 327.511688 350.079407 353.974487 178.937027 248.669159 316.760071 366.784363 390.815979 390.032867 367.625183 269.452911 362.416290 443.923706 480.326691 464.158936 416.467621 359.281708 329.391052 423.839844 514.300598 553.986084 514.300598 423.839844 329.391052 359.281708 416.467621 464.158936 480.326691 443.923706 362.416290 269.452911 367.625183 390.032867 390.815979 366.784363 316.760071 248.669159 178.937027 353.974487 350.079407 327.511688 286.141022 229.157074 164.955948 104.956741,
 223.983215 296.021851 344.921875 359.553772 355.296814 348.483337 335.850159 287.235657 381.349915 446.400024 453.451019 419.661926 379.120789 340.843750 323.197144 442.124146 541.708801 561.374329 498.705017 411.963257 337.776733 332.465118 443.782593 561.588562 617.564026 561.588562 443.782593 332.465118 337.776733 411.963257 498.705017 561.374329 541.708801 442.124146 323.197144 340.843750 379.120789 419.661926 453.451019 446.400024 381.349915 287.235657 335.850159 348.483337 355.296814 359.553772 344.921875 296.021851 223.983215,
 50.396175 82.199188 134.104019 163.736969 156.454453 155.929642 159.231171 78.911591 116.406494 194.788589 237.058807 204.535385 177.891144 172.315262 112.067154 151.445984 250.807800 313.054901 251.752838 186.661926 167.131790 144.382614 177.345612 273.294678 347.682617 273.294678 177.345612 144.382614 167.131790 186.661926 251.752838 313.054901 250.807800 151.445984 112.067154 172.315262 177.891144 204.535385 237.058807 194.788589 116.406494 78.911591 159.231171 155.929642 156.454453 163.736969 134.104019 82.199188 50.396175,
 64.153404 92.877731 122.169495 160.116089 201.271698 234.164658 250.446564 93.477051 129.911285 177.487488 236.507202 281.115967 290.903290 271.122833 127.119507 188.078232 271.441925 348.446686 364.911774 317.668945 249.905853 188.010742 271.712280 366.480286 413.972473 366.480286 271.712280 188.010742 249.905853 317.668945 364.911774 348.446686 271.441925 188.078232 127.119507 271.122833 290.903290 281.115967 236.507202 177.487488 129.911285 93.477051 250.446564 234.164658 201.271698 160.116089 122.169495 92.877731 64.153404,
 -24.030699 -7.057188 12.872177 32.017448 48.106125 58.790619 62.597435 -0.104385 16.293222 31.286831 41.343292 46.709019 48.306709 46.144432 41.551407 67.196892 87.148216 92.690399 82.309578 63.166111 41.664856 54.726368 91.680893 126.002556 141.286545 126.002556 91.680893 54.726368 41.664856 63.166111 82.309578 92.690399 87.148216 67.196892 41.551407 46.144432 48.306709 46.709019 41.343292 31.286831 16.293222 -0.104385 62.597435 58.790619 48.106125 32.017448 12.872177 -7.057188 -24.030699,
 -50.271236 -30.890306 -7.563151 13.882849 31.861217 50.314804 65.032913 -17.344885 17.039280 56.881721 79.827103 77.569756 68.224976 59.917885 17.190575 64.696899 122.210541 151.030701 127.277588 86.103943 52.658890 41.062309 89.866608 151.099197 184.882935 151.099197 89.866608 41.062309 52.658890 86.103943 127.277588 151.030701 122.210541 64.696899 17.190575 59.917885 68.224976 77.569756 79.827103 56.881721 17.039280 -17.344885 65.032913 50.314804 31.861217 13.882849 -7.563151 -30.890306 -50.271236,
 -12.757290 -2.929284 9.005056 22.966911 27.240244 15.967953 7.123584 0.426589 21.475325 47.773209 68.176926 59.214653 34.053165 14.023685 13.605785 43.833202 82.600441 110.112663 87.528313 50.276760 21.286434 21.666357 54.958801 98.125824 128.093994 98.125824 54.958801 21.666357 21.286434 50.276760 87.528313 110.112663 82.600441 43.833202 13.605785 14.023685 34.053165 59.214653 68.176926 47.773209 21.475325 0.426589 7.123584 15.967953 27.240244 22.966911 9.005056 -2.929284 -12.757290,
 -17.058851 -5.234297 6.747195 25.022224 38.633938 41.193253 42.461609 -8.168928 8.060429 27.056824 52.819473 63.755341 58.048550 52.420746 7.974215 30.162533 58.287842 88.117950 86.428207 66.185135 48.891586 30.406355 54.871853 85.580658 106.429977 85.580658 54.871853 30.406355 48.891586 66.185135 86.428207 88.117950 58.287842 30.162533 7.974215 52.420746 58.048550 63.755341 52.819473 27.056824 8.060429 -8.168928 42.461609 41.193253 38.633938 25.022224 6.747195 -5.234297 -17.058851,

Pairwise cross-correlations of the modulus of all oriented sub-bands at the same scale (size QxQ)
 150.528259 107.892555 66.498489 106.151749,
 107.892555 150.304230 100.774338 76.231506,
 66.498489 100.774338 137.026001 103.914337,
 106.151749 76.231506 103.914337 153.131821,
 414.827454 307.378113 284.158783 332.641846,
 307.378113 339.430115 299.191864 276.638794,
 284.158783 299.191864 405.435913 342.458008,
 332.641846 276.638794 342.458008 416.219360,
 553.986145 436.854248 300.819489 376.522064,
 436.854248 617.564087 345.862518 324.955841,
 300.819489 345.862518 347.682678 286.053528,
 376.522064 324.955841 286.053528 413.972565,
 141.286560 100.983032 59.521816 87.546516,
 100.983032 184.882935 111.641022 81.440392,
 59.521816 111.641022 128.093994 73.025467,
 87.546516 81.440392 73.025467 106.429977,

Cross-correlations of the modulus of all oriented sub-bands with all oriented sub-bands at the coarser scale (size QxQ)
 212.428711 161.924545 145.772034 178.260315,
 186.044525 192.275375 176.397964 160.249802,
 142.118347 151.496307 202.680206 177.648605,
 180.598648 139.647690 183.549683 219.511642,
 352.828278 337.721558 238.965942 289.836548,
 315.826019 345.030731 252.295471 248.033508,
 324.616882 336.334320 283.481049 298.423187,
 328.687775 314.712524 267.164276 306.578186,
 193.201538 155.436813 130.002914 165.770050,
 159.922363 197.622559 145.438141 168.934464,
 110.937485 140.764420 129.237671 122.478180,
 136.178604 128.950592 124.232498 135.521667,

Cross-correlations of the real part of each oriented sub-band with both the real and imaginary part of all phase-doubled oriented sub-bands at the next coarser scale (Q matrices of size 1x2Q, which are computed and stored in a matrix of size Qx2Q)
 73.241119 33.118252 2.606349 35.760830 -5.837776 -1.526059 -0.245858 -0.102503,
 30.281399 66.513199 29.267250 3.773833 -1.742828 0.061452 3.012438 0.050611,
 3.493995 30.166059 69.599487 33.135056 -0.058334 2.951475 5.007798 0.070294,
 36.519230 4.629766 31.349567 76.130661 -2.344619 0.593881 1.200766 -0.819188,
 -76.011787 -49.837650 -4.126568 -49.419876 -21.560915 7.658055 1.272864 -5.019395,
 -29.685549 -93.455978 -27.776760 -7.767088 -2.126834 29.153057 5.280501 0.856091,
 -5.813976 -32.983234 -57.860691 -31.902863 3.805047 17.205603 -9.663329 -14.788768,
 -45.494076 -5.305163 -27.356585 -80.318420 -7.996601 1.132705 -10.172979 -30.248608,
 -17.669598 -67.094223 -6.026191 -2.304196 -5.420961 8.475020 -1.847281 0.171086,
 -38.831497 -135.265091 -51.319244 0.545644 12.807446 -6.186881 6.906378 0.049896,
 -4.885373 -54.270782 -68.928238 -22.138176 4.227789 3.408723 2.586837 -8.227806,
 8.559348 -7.305640 -20.676311 -34.843021 -6.693110 5.385695 -8.117107 -8.532851,
