Low-band skewness and kurtosis
 -2.721918 8.754955,
 -2.769993 9.484324,
 -2.381512 7.961060,
 -2.314645 8.223722,
 -1.774089 5.571130,

High-band variance
 93.718025,

Skewness, kurtosis, variance, mean, maximum and minimum of the reconstructed texture
 -2.711761 8.506121 5254.045898 230.380066 255.000000 0.000000,

Auto-correlations of the low-frequency bands at each scale
 2719.675049 3004.280273 3220.040527 3302.854980 3215.906738 2993.568359 2692.834717 3105.368164 3508.649658 3870.970703 4029.870850 3878.319824 3517.639893 3098.724609 3386.600830 3948.234863 4521.562012 4787.670898 4532.551270 3963.774902 3390.169678 3495.410400 4143.375000 4823.760742 5139.325195 4823.760742 4143.375000 3495.410400 3390.169678 3963.774902 4532.551270 4787.670898 4521.562012 3948.234863 3386.600830 3098.724609 3517.639893 3878.319824 4029.870850 3870.970703 3508.649658 3105.368164 2692.834717 2993.568359 3215.906738 3302.854980 3220.040527 3004.280273 2719.675049,
 1519.222534 1574.463623 1638.688843 1705.766602 1687.722534 1622.423096 1592.011108 1807.989136 2064.848633 2453.828613 2683.170654 2459.773926 2002.747559 1685.193970 2065.155762 2688.742920 3604.962158 4092.713867 3603.534912 2634.821533 1961.360229 2145.567383 2979.559570 4185.194336 4805.455566 4185.194336 2979.559570 2145.567383 1961.360229 2634.821533 3603.534912 4092.713867 3604.962158 2688.742920 2065.155762 1685.193970 2002.747559 2459.773926 2683.170654 2453.828613 2064.848633 1807.989136 1592.011108 1622.423096 1687.722534 1705.766602 1638.688843 1574.463623 1519.222534,
 303.455322 713.062256 1071.026367 1337.471802 1736.050293 2192.272705 2276.705322 739.564758 1035.768188 1369.133301 1529.794189 1577.796631 1806.580933 2024.224365 1073.159668 1554.575439 2390.204834 2810.902344 2279.833252 1647.387207 1502.557373 1236.853027 1808.985229 3011.332764 3751.921387 3011.332764 1808.985229 1236.853027 1502.557373 1647.387207 2279.833252 2810.902344 2390.204834 1554.575439 1073.159668 2024.224365 1806.580933 1577.796631 1529.794189 1369.133301 1035.768188 739.564758 2276.705322 2192.272705 1736.050293 1337.471802 1071.026367 713.062256 303.455322,
 -486.372925 -410.576904 -135.255035 443.615021 1100.050415 1468.856689 1370.597900 -427.418579 -185.770691 365.701172 1148.308105 1724.059570 1752.885010 1275.618652 -280.325623 283.666199 1214.249390 2027.072144 2133.748535 1572.718994 806.858459 171.874985 982.084717 1986.866211 2477.649414 1986.866211 982.084717 171.874985 806.858459 1572.718994 2133.748535 2027.072144 1214.249390 283.666199 -280.325623 1275.618652 1752.885010 1724.059570 1148.308105 365.701172 -185.770691 -427.418579 1370.597900 1468.856689 1100.050415 443.615021 -135.255035 -410.576904 -486.372925,
 -297.347778 -627.403687 -771.879883 -542.364563 -22.980804 380.204712 393.867493 -617.054138 -811.181274 -574.616821 183.136475 851.140625 832.808350 304.110901 -773.810364 -650.293518 177.971619 1251.544678 1451.129883 674.887634 -156.950073 -624.610352 -24.379402 1140.173828 1800.028931 1140.173828 -24.379402 -624.610352 -156.950073 674.887634 1451.129883 1251.544678 177.971619 -650.293518 -773.810364 304.110901 832.808350 851.140625 183.136475 -574.616821 -811.181274 -617.054138 393.867493 380.204712 -22.980804 -542.364563 -771.879883 -627.403687 -297.347778,

Auto-correlations of the modulus of each oriented sub-band
 58.871143 65.262894 70.690941 72.662292 70.171974 64.538147 58.387997 70.289215 79.921928 88.162956 91.362915 87.908699 79.547798 70.042908 81.193207 94.163582 105.344452 109.796432 105.248444 94.011162 81.109589 85.903137 100.439255 113.138504 118.288521 113.138504 100.439255 85.903137 81.109589 94.011162 105.248444 109.796432 105.344452 94.163582 81.193207 70.042908 79.547798 87.908699 91.362915 88.162956 79.921928 70.289215 58.387997 64.538147 70.171974 72.662292 70.690941 65.262894 58.871143,
 76.270027 81.349030 83.802658 82.536400 77.803253 70.815552 63.155312 83.297493 94.781441 102.838333 103.722694 97.111588 85.706841 73.045280 87.537636 104.464157 118.174530 122.076660 114.167557 98.803223 81.719337 87.055305 106.032166 122.686882 129.699524 122.686882 106.032166 87.055305 81.719337 98.803223 114.167557 122.076660 118.174530 104.464157 87.537636 73.045280 85.706841 97.111588 103.722694 102.838333 94.781441 83.297493 63.155312 70.815552 77.803253 82.536400 83.802658 81.349030 76.270027,
 68.855339 81.410271 92.697502 97.232704 92.079842 81.193932 70.212944 76.249649 91.659752 106.079330 112.096313 105.362381 91.175987 76.956375 82.760414 100.523445 117.737411 125.320625 117.260132 100.165382 83.041176 85.441963 103.934395 122.260605 130.717682 122.260605 103.934395 85.441963 83.041176 100.165382 117.260132 125.320625 117.737411 100.523445 82.760414 76.956375 91.175987 105.362381 112.096313 106.079330 91.659752 76.249649 70.212944 81.193932 92.079842 97.232704 92.697502 81.410271 68.855339,
 62.463509 69.925255 76.924339 82.069679 84.208809 83.168373 80.120033 69.704468 81.734932 93.034912 100.111931 100.084442 93.145576 83.123688 76.673172 93.235306 108.785660 117.281998 113.890640 100.483704 84.169266 81.924515 100.612656 117.578796 124.846855 117.578796 100.612656 81.924515 84.169266 100.483704 113.890640 117.281998 108.785660 93.235306 76.673172 83.123688 93.145576 100.084442 100.111931 93.034912 81.734932 69.704468 80.120033 83.168373 84.208809 82.069679 76.924339 69.925255 62.463509,
 121.664017 134.500961 143.873779 147.541077 147.396027 146.739426 146.566025 159.255066 180.744080 197.454987 202.756882 196.330292 184.081390 171.043701 198.688934 231.788956 259.810547 270.243866 258.064819 232.030991 203.255646 218.319794 256.427307 290.456329 305.052185 290.456329 256.427307 218.319794 203.255646 232.030991 258.064819 270.243866 259.810547 231.788956 198.688934 171.043701 184.081390 196.330292 202.756882 197.454987 180.744080 159.255066 146.566025 146.739426 147.396027 147.541077 143.873779 134.500961 121.664017,
 182.403107 202.938522 206.695068 192.996002 171.609863 155.018661 150.453918 202.600967 239.359528 259.658905 249.988281 217.150238 181.245911 158.026016 207.594025 258.698730 301.078796 306.719635 270.224792 217.856888 175.441650 195.961395 249.724121 306.129517 332.381500 306.129517 249.724121 195.961395 175.441650 217.856888 270.224792 306.719635 301.078796 258.698730 207.594025 158.026016 181.245911 217.150238 249.988281 259.658905 239.359528 202.600967 150.453918 155.018661 171.609863 192.996002 206.695068 202.938522 182.403107,
 144.018555 180.297318 222.311707 246.414734 238.645538 215.309372 200.157654 161.390320 205.371048 257.977478 286.339050 269.848328 231.208847 203.164032 179.364319 228.794128 290.349426 322.336517 296.574646 242.588074 201.785706 193.926178 242.794327 305.829407 337.834351 305.829407 242.794327 193.926178 201.785706 242.588074 296.574646 322.336517 290.349426 228.794128 179.364319 203.164032 231.208847 269.848328 286.339050 257.977478 205.371048 161.390320 200.157654 215.309372 238.645538 246.414734 222.311707 180.297318 144.018555,
 125.817924 144.479065 167.055084 189.840240 205.040344 206.682831 197.643738 142.376953 168.106400 201.337280 231.270447 240.903687 226.754349 203.818756 163.268219 198.007629 242.538147 274.913269 269.512024 234.857422 199.313446 184.313278 224.258484 271.573334 295.328064 271.573334 224.258484 184.313278 199.313446 234.857422 269.512024 274.913269 242.538147 198.007629 163.268219 203.818756 226.754349 240.903687 231.270447 201.337280 168.106400 142.376953 197.643738 206.682831 205.040344 189.840240 167.055084 144.479065 125.817924,
 58.332634 89.600296 120.251839 148.693939 172.249237 187.211197 190.617828 96.391006 128.561691 159.076721 184.878006 202.294403 207.770248 199.686661 158.396103 205.525696 246.753540 269.936737 267.874817 243.918243 207.983231 203.390472 261.591675 311.232117 331.725250 311.232117 261.591675 203.390472 207.983231 243.918243 267.874817 269.936737 246.753540 205.525696 158.396103 199.686661 207.770248 202.294403 184.878006 159.076721 128.561691 96.391006 190.617828 187.211197 172.249237 148.693939 120.251839 89.600296 58.332634,
 71.751900 106.734337 134.457565 154.996933 179.822525 200.697113 201.818848 114.390694 163.164490 197.542206 198.964478 191.941040 196.622559 197.323608 138.984650 199.107361 258.142487 265.179535 223.929840 189.911285 173.465454 152.254333 198.116684 264.615326 303.828094 264.615326 198.116684 152.254333 173.465454 189.911285 223.929840 265.179535 258.142487 199.107361 138.984650 197.323608 196.622559 191.941040 198.964478 197.542206 163.164490 114.390694 201.818848 200.697113 179.822525 154.996933 134.457565 106.734337 71.751900,
 95.843506 141.702332 224.600784 314.589233 350.673157 356.238708 349.986816 149.917023 208.765808 318.067902 416.797394 416.591156 378.109009 349.330414 210.255341 278.022644 403.647339 501.923737 457.292419 371.294617 320.429169 270.444611 336.052063 454.951904 536.218201 454.951904 336.052063 270.444611 320.429169 371.294617 457.292419 501.923737 403.647339 278.022644 210.255341 349.330414 378.109009 416.591156 416.797394 318.067902 208.765808 149.917023 349.986816 356.238708 350.673157 314.589233 224.600784 141.702332 95.843506,
 68.994324 116.939285 184.337418 275.344971 368.648132 421.631653 412.096619 129.298737 195.203796 289.360229 399.673737 476.458862 475.478882 412.011688 206.867523 300.714966 421.667694 527.949219 550.549927 480.065674 374.925140 297.821167 412.913086 532.117432 588.172668 532.117432 412.913086 297.821167 374.925140 480.065674 550.549927 527.949219 421.667694 300.714966 206.867523 412.011688 475.478882 476.458862 399.673737 289.360229 195.203796 129.298737 412.096619 421.631653 368.648132 275.344971 184.337418 116.939285 68.994324,
 1.425617 15.334653 25.295486 31.723261 36.827381 39.600044 36.957020 13.678367 35.128212 51.196926 56.629440 54.913174 50.247475 42.300179 26.581543 53.222206 77.262413 84.502304 74.147179 57.683815 42.379166 37.640957 61.946762 88.957726 101.929779 88.957726 61.946762 37.640957 42.379166 57.683815 74.147179 84.502304 77.262413 53.222206 26.581543 42.300179 50.247475 54.913174 56.629440 51.196926 35.128212 13.678367 36.957020 39.600044 36.827381 31.723261 25.295486 15.334653 1.425617,
 -35.956055 7.676197 51.579163 87.149017 109.541901 118.292038 113.441376 5.644379 60.313297 110.106705 142.594360 152.000809 141.991119 116.606636 47.721619 108.671486 160.753265 187.782349 181.329529 150.631744 105.847260 82.413788 140.486282 187.152390 206.517868 187.152390 140.486282 82.413788 105.847260 150.631744 181.329529 187.782349 160.753265 108.671486 47.721619 116.606636 141.991119 152.000809 142.594360 110.106705 60.313297 5.644379 113.441376 118.292038 109.541901 87.149017 51.579163 7.676197 -35.956055,
 -18.221882 -3.756731 13.788994 25.734564 34.889591 35.209732 33.462017 1.494507 19.235252 43.956764 54.809799 53.697426 48.271996 35.033577 21.064989 40.495071 69.457855 84.729446 70.271790 55.481071 35.731133 32.898411 53.551727 78.493866 98.729446 78.493866 53.551727 32.898411 35.731133 55.481071 70.271790 84.729446 69.457855 40.495071 21.064989 35.033577 48.271996 53.697426 54.809799 43.956764 19.235252 1.494507 33.462017 35.209732 34.889591 25.734564 13.788994 -3.756731 -18.221882,
 -16.698277 -4.082841 9.266059 21.317688 29.982155 35.386322 36.566708 -0.518353 14.086044 29.975658 43.569904 48.467808 44.007809 33.893528 13.360733 31.174221 51.887218 66.421913 63.849522 47.678097 28.901894 22.941151 43.863766 66.693848 77.682495 66.693848 43.863766 22.941151 28.901894 47.678097 63.849522 66.421913 51.887218 31.174221 13.360733 33.893528 44.007809 48.467808 43.569904 29.975658 14.086044 -0.518353 36.566708 35.386322 29.982155 21.317688 9.266059 -4.082841 -16.698277,

Pairwise cross-correlations of the modulus of all oriented sub-bands at the same scale (size QxQ)
 118.288528 87.523232 61.877949 86.218163,
 87.523232 129.699539 95.101173 61.913673,
 61.877949 95.101173 130.717667 90.522736,
 86.218163 61.913673 90.522736 124.846855,
 305.052185 257.467529 229.376541 246.495346,
 257.467529 332.381531 272.584106 244.677063,
 229.376541 272.584106 337.834381 269.519501,
 246.495346 244.677063 269.519501 295.328064,
 331.725220 244.191162 305.737122 364.352661,
 244.191162 303.828064 316.604218 323.724121,
 305.737122 316.604218 536.218262 468.713196,
 364.352661 323.724121 468.713196 588.172729,
 101.929794 114.950638 45.179863 60.945992,
 114.950638 206.517914 97.841621 75.948044,
 45.179863 97.841621 98.729462 56.696152,
 60.945992 75.948044 56.696152 77.682503,

Cross-correlations of the modulus of all oriented sub-bands with all oriented sub-bands at the coarser scale (size QxQ)
 164.359268 144.999207 123.219055 137.251480,
 140.785141 182.008545 155.703384 126.501976,
 116.963524 158.251297 184.419815 148.277039,
 144.079605 128.634537 153.074432 167.527435,
 246.696594 222.650681 289.217590 318.353424,
 245.313766 258.466949 306.604126 309.024689,
 232.415878 242.787567 347.832733 341.073608,
 243.629929 218.746155 308.620239 339.006622,
 100.445221 159.199219 106.621597 119.278595,
 89.158363 166.403381 109.464279 106.602142,
 118.514282 218.564514 140.930344 141.824417,
 129.486603 206.293976 142.425583 158.161804,

Cross-correlations of the real part of each oriented sub-band with both the real and imaginary part of all phase-doubled oriented sub-bands at the next coarser scale (Q matrices of size 1x2Q, which are computed and stored in a matrix of size Qx2Q)
 54.339382 28.467188 2.637138 23.861706 -2.455701 -0.436939 -0.901759 -0.752827,
 27.913387 63.857414 28.312851 3.281555 0.227743 -2.416997 -2.177881 0.901064,
 2.870286 28.018469 59.698372 24.683180 0.802244 -1.890782 0.928939 -0.868473,
 20.760162 2.542111 24.800482 52.167526 -0.884220 -0.404732 0.390462 -5.245366,
 -38.165043 -11.703751 -4.195421 -42.514153 6.019378 3.458667 -0.677491 -2.801563,
 -12.875872 -42.998768 -39.366932 -5.216825 0.676529 9.111768 7.617332 0.243662,
 -3.105487 -24.213860 -102.630417 -58.263130 0.313244 8.148848 12.516058 -7.348937,
 -24.968744 -1.326005 -49.518593 -118.277473 5.758548 2.327448 -0.480714 -13.268857,
 -7.859009 -23.439699 -3.390281 -9.582950 -15.143364 -4.932410 1.416121 -2.867803,
 -12.969233 -62.514061 -37.273308 0.262356 -14.148778 14.880118 10.862188 -0.088048,
 -3.512827 -27.059866 -50.100517 -6.497052 -1.638570 18.085892 1.051102 0.888176,
 -1.944887 -1.414062 -10.489215 -25.074064 -1.536580 0.183406 -7.648028 -1.579216,
