Low-band skewness and kurtosis
 -2.054238 5.572952,
 -2.123449 6.392842,
 -1.417299 4.028626,
 -0.897790 3.063803,
 -0.402088 1.970193,

High-band variance
 168.136139,

Skewness, kurtosis, variance, mean, maximum and minimum of the reconstructed texture
 -2.038670 5.308562 7074.702148 219.098816 255.000000 0.000000,

Auto-correlations of the low-frequency bands at each scale
 2266.774170 2944.821289 3447.881836 3648.732910 3479.965332 3015.550781 2378.471924 2868.544922 3774.677002 4566.473145 4919.933594 4626.036621 3888.775146 3019.914551 3333.441162 4519.165527 5702.008789 6252.462891 5754.193359 4614.146973 3450.667236 3559.737305 4878.400879 6243.281250 6870.609375 6243.281250 4878.400879 3559.737305 3450.667236 4614.146973 5754.193359 6252.462891 5702.008789 4519.165527 3333.441162 3019.914551 3888.775146 4626.036621 4919.933594 4566.473145 3774.677002 2868.544922 2378.471924 3015.550781 3479.965332 3648.732910 3447.881836 2944.821289 2266.774170,
 779.380493 779.766052 947.263306 1042.833740 864.962769 615.281921 538.100464 630.541260 1090.237549 2044.522583 2586.444580 2093.761963 1165.096436 675.228271 706.377869 1903.852783 3933.585205 5026.302246 4031.440186 2068.556152 870.709900 889.961670 2466.151855 4989.493652 6292.671875 4989.493652 2466.151855 889.961670 870.709900 2068.556152 4031.440186 5026.302246 3933.585205 1903.852783 706.377869 675.228271 1165.096436 2093.761963 2586.444580 2044.522583 1090.237549 630.541260 538.100464 615.281921 864.962769 1042.833740 947.263306 779.766052 779.380493,
 776.059326 522.310547 322.601746 353.297821 385.534729 490.741699 631.627686 712.555115 491.074829 624.391785 896.124634 577.645813 279.292419 465.023987 787.274658 750.642456 1831.950806 2748.601562 1783.206421 565.034424 558.955811 788.164368 936.950195 2684.007324 4015.920410 2684.007324 936.950195 788.164368 558.955811 565.034424 1783.206421 2748.601562 1831.950806 750.642456 787.274658 465.023987 279.292419 577.645813 896.124634 624.391785 491.074829 712.555115 631.627686 490.741699 385.534729 353.297821 322.601746 522.310547 776.059326,
 190.666534 288.040405 140.023926 138.179825 404.466064 518.327820 397.169769 357.816681 424.250366 355.325470 365.983276 471.097015 513.747192 474.112640 474.335968 612.448303 969.439819 1218.437744 948.578369 597.683167 533.110718 544.002197 725.962952 1369.931030 1826.593018 1369.931030 725.962952 544.002197 533.110718 597.683167 948.578369 1218.437744 969.439819 612.448303 474.335968 474.112640 513.747192 471.097015 365.983276 355.325470 424.250366 357.816681 397.169769 518.327820 404.466064 138.179825 140.023926 288.040405 190.666534,
 -445.389893 -374.852142 -281.714966 -153.090393 -85.933800 -190.518280 -379.717590 -208.343643 -149.054153 -16.939171 164.791611 254.385345 149.084702 -56.675461 -36.639359 149.885162 472.511200 710.759827 652.976929 376.056305 103.907425 77.183380 380.389801 809.770020 1028.792114 809.770020 380.389801 77.183380 103.907425 376.056305 652.976929 710.759827 472.511200 149.885162 -36.639359 -56.675461 149.084702 254.385345 164.791611 -16.939171 -149.054153 -208.343643 -379.717590 -190.518280 -85.933800 -153.090393 -281.714966 -374.852142 -445.389893,

Auto-correlations of the modulus of each oriented sub-band
 73.083221 82.560509 92.205544 97.111565 94.848320 87.217094 78.706116 95.450104 110.001595 124.045395 130.718811 126.668045 114.525261 100.790085 118.329895 138.086349 156.464493 164.590912 158.172989 140.940201 121.612823 129.539734 151.722092 171.984055 180.326050 171.984055 151.722092 129.539734 121.612823 140.940201 158.172989 164.590912 156.464493 138.086349 118.329895 100.790085 114.525261 126.668045 130.718811 124.045395 110.001595 95.450104 78.706116 87.217094 94.848320 97.111565 92.205544 82.560509 73.083221,
 121.518105 125.537575 124.535759 117.688408 105.869637 91.325584 76.571342 125.980591 142.589172 153.020111 151.548859 137.752472 116.154663 92.830231 125.906532 153.711151 175.735992 180.979294 166.206268 138.621246 108.062157 119.761337 152.619705 181.296722 193.289368 181.296722 152.619705 119.761337 108.062157 138.621246 166.206268 180.979294 175.735992 153.711151 125.906532 92.830231 116.154663 137.752472 151.548859 153.020111 142.589172 125.980591 76.571342 91.325584 105.869637 117.688408 124.535759 125.537575 121.518105,
 69.793716 93.146454 115.789619 125.902588 117.032646 95.561844 72.742004 79.477249 108.220802 136.367081 149.089050 137.517166 110.543266 82.550140 89.252220 122.380615 155.068771 170.043320 155.765610 123.804214 91.200127 94.031998 128.679001 162.931946 178.635559 162.931946 128.679001 94.031998 91.200127 123.804214 155.765610 170.043320 155.068771 122.380615 89.252220 82.550140 110.543266 137.517166 149.089050 136.367081 108.220802 79.477249 72.742004 95.561844 117.032646 125.902588 115.789619 93.146454 69.793716,
 70.678337 83.017479 94.797989 103.705597 107.917175 107.143135 102.961983 84.823967 105.643341 124.975388 136.729950 136.565384 125.379272 109.471062 98.348564 126.516075 152.440292 166.083679 160.215225 138.363266 112.002983 108.210373 139.035507 166.746735 178.493469 166.746735 139.035507 108.210373 112.002983 138.363266 160.215225 166.083679 152.440292 126.516075 98.348564 109.471062 125.379272 136.565384 136.729950 124.975388 105.643341 84.823967 102.961983 107.143135 107.917175 103.705597 94.797989 83.017479 70.678337,
 196.790070 210.835922 220.494705 222.786682 217.290848 206.279282 192.307648 265.167328 297.452576 323.021729 332.393463 322.259399 299.142273 271.420868 347.329773 400.789612 446.755615 465.764893 447.580566 404.690002 355.519714 390.105743 453.072479 509.152344 533.347107 509.152344 453.072479 390.105743 355.519714 404.690002 447.580566 465.764893 446.755615 400.789612 347.329773 271.420868 299.142273 322.259399 332.393463 323.021729 297.452576 265.167328 192.307648 206.279282 217.290848 222.786682 220.494705 210.835922 196.790070,
 319.599854 342.902008 328.655579 280.662231 223.969467 179.912445 152.020813 353.164368 410.786316 430.613922 391.951111 315.803497 242.750916 194.063354 346.836578 435.132935 503.944366 501.494263 423.176849 322.992065 247.069626 304.431427 399.298187 502.106598 550.537231 502.106598 399.298187 304.431427 247.069626 322.992065 423.176849 501.494263 503.944366 435.132935 346.836578 194.063354 242.750916 315.803497 391.951111 430.613922 410.786316 353.164368 152.020813 179.912445 223.969467 280.662231 328.655579 342.902008 319.599854,
 179.005127 230.966263 297.509735 328.799255 289.612213 215.545517 158.029480 192.965881 261.231323 352.177277 396.589294 343.336884 246.149292 174.518005 200.205688 282.542053 395.993286 454.598816 389.946838 272.892578 189.059509 198.729858 287.178986 411.293518 478.684204 411.293518 287.178986 198.729858 189.059509 272.892578 389.946838 454.598816 395.993286 282.542053 200.205688 174.518005 246.149292 343.336884 396.589294 352.177277 261.231323 192.965881 158.029480 215.545517 289.612213 328.799255 297.509735 230.966263 179.005127,
 148.756439 167.915100 203.503113 248.344940 280.401062 283.678284 261.679993 185.794495 223.260300 282.913818 344.357971 370.781799 349.029724 302.121277 233.756912 295.096497 378.609314 444.154022 442.834534 382.741150 311.275146 283.059143 360.513245 447.806061 490.267395 447.806061 360.513245 283.059143 311.275146 382.741150 442.834534 444.154022 378.609314 295.096497 233.756912 302.121277 349.029724 370.781799 344.357971 282.913818 223.260300 185.794495 261.679993 283.678284 280.401062 248.344940 203.503113 167.915100 148.756439,
 205.660416 219.953415 221.616959 214.362946 198.748764 176.561966 153.358932 228.614258 266.610016 289.124756 290.571808 269.207397 234.215393 200.237915 279.840057 361.674164 435.265900 463.708282 427.910004 352.396515 277.193024 315.064117 422.188965 530.754272 580.001770 530.754272 422.188965 315.064117 277.193024 352.396515 427.910004 463.708282 435.265900 361.674164 279.840057 200.237915 234.215393 269.207397 290.571808 289.124756 266.610016 228.614258 153.358932 176.561966 198.748764 214.362946 221.616959 219.953415 205.660416,
 141.946548 168.697495 178.261017 160.955780 132.074066 110.578415 97.589249 173.414886 232.572327 274.255096 251.478043 186.794434 137.190491 112.369965 194.087891 283.403656 386.709564 394.784851 293.140411 194.622192 143.842865 181.299744 262.448212 397.664764 479.107483 397.664764 262.448212 181.299744 143.842865 194.622192 293.140411 394.784851 386.709564 283.403656 194.087891 112.369965 137.190491 186.794434 251.478043 274.255096 232.572327 173.414886 97.589249 110.578415 132.074066 160.955780 178.261017 168.697495 141.946548,
 145.600739 150.913239 149.488113 157.677780 133.459488 88.772011 70.619987 161.860123 189.936707 238.785233 282.653900 231.319351 140.105896 97.506699 166.401978 218.393951 323.339935 404.743896 323.081635 191.390106 127.795166 153.722855 221.481140 361.353271 459.564209 361.353271 221.481140 153.722855 127.795166 191.390106 323.081635 404.743896 323.339935 218.393951 166.401978 97.506699 140.105896 231.319351 282.653900 238.785233 189.936707 161.860123 70.619987 88.772011 133.459488 157.677780 149.488113 150.913239 145.600739,
 140.311081 135.864899 147.440704 172.572296 186.420074 179.677582 166.392838 163.168930 177.467514 219.052597 271.285889 280.835297 238.320938 194.912766 194.107849 236.053375 327.599304 414.214722 393.218994 293.695526 219.306976 219.223145 290.622620 417.947876 494.516907 417.947876 290.622620 219.223145 219.306976 293.695526 393.218994 414.214722 327.599304 236.053375 194.107849 194.912766 238.320938 280.835297 271.285889 219.052597 177.467514 163.168930 166.392838 179.677582 186.420074 172.572296 147.440704 135.864899 140.311081,
 8.123587 10.112853 10.276289 11.966029 16.428984 21.037228 21.761005 12.740280 14.005738 14.903468 18.399229 23.898540 27.088459 24.825218 28.929348 39.163216 50.384541 55.927868 51.201031 39.305977 27.852203 36.624691 58.689793 86.532318 100.446747 86.532318 58.689793 36.624691 27.852203 39.305977 51.201031 55.927868 50.384541 39.163216 28.929348 24.825218 27.088459 23.898540 18.399229 14.903468 14.005738 12.740280 21.761005 21.037228 16.428984 11.966029 10.276289 10.112853 8.123587,
 5.634200 20.144726 27.372341 19.124580 8.758133 7.407121 9.992709 17.391451 41.084522 60.696045 49.035591 20.344057 7.147438 11.509256 19.036081 51.088383 93.443138 96.718193 53.768822 16.929859 10.154224 13.291376 38.088108 90.683105 123.437637 90.683105 38.088108 13.291376 10.154224 16.929859 53.768822 96.718193 93.443138 51.088383 19.036081 11.509256 7.147438 20.344057 49.035591 60.696045 41.084522 17.391451 9.992709 7.407121 8.758133 19.124580 27.372341 20.144726 5.634200,
 -1.034270 -4.443900 0.500810 17.174454 26.275944 20.928181 10.555453 14.754002 21.779255 42.657417 68.360138 68.059959 48.975048 25.690948 27.417341 49.495693 90.383698 125.950813 106.411957 67.406113 34.452808 34.475376 67.378365 117.213654 153.156082 117.213654 67.378365 34.475376 34.452808 67.406113 106.411957 125.950813 90.383698 49.495693 27.417341 25.690948 48.975048 68.059959 68.360138 42.657417 21.779255 14.754002 10.555453 20.928181 26.275944 17.174454 0.500810 -4.443900 -1.034270,
 24.472696 27.701645 44.839470 62.595020 65.527260 49.571144 23.969328 29.423439 42.356033 76.063026 108.264885 105.652550 65.689034 25.538769 30.719387 57.123627 111.713554 154.999252 135.691650 73.122940 27.526798 29.719860 69.639244 138.107910 177.582413 138.107910 69.639244 29.719860 27.526798 73.122940 135.691650 154.999252 111.713554 57.123627 30.719387 25.538769 65.689034 105.652550 108.264885 76.063026 42.356033 29.423439 23.969328 49.571144 65.527260 62.595020 44.839470 27.701645 24.472696,

Pairwise cross-correlations of the modulus of all oriented sub-bands at the same scale (size QxQ)
 180.326080 119.073303 63.626812 117.973763,
 119.073303 193.289352 123.158104 70.781029,
 63.626812 123.158104 178.635590 113.031548,
 117.973763 70.781029 113.031548 178.493500,
 533.347168 425.575134 357.027466 423.069275,
 425.575134 550.537231 399.753052 367.079529,
 357.027466 399.753052 478.684265 367.922119,
 423.069275 367.079529 367.922119 490.267456,
 580.001831 371.034943 270.191711 403.362823,
 371.034943 479.107513 325.958557 306.132019,
 270.191711 325.958557 459.564209 311.214142,
 403.362823 306.132019 311.214142 494.516968,
 100.446747 49.364449 28.550800 68.119598,
 49.364449 123.437645 69.539368 43.402679,
 28.550800 69.539368 153.156082 92.946045,
 68.119598 43.402679 92.946045 177.582397,

Cross-correlations of the modulus of all oriented sub-bands with all oriented sub-bands at the coarser scale (size QxQ)
 261.735626 218.015091 157.305069 213.229782,
 221.282150 282.523499 217.250595 175.644409,
 172.023682 216.372696 248.157944 195.209579,
 224.661911 177.336670 202.801529 252.948746,
 386.316467 320.889954 291.001801 352.953735,
 364.711243 371.987183 322.072021 335.230438,
 315.651245 310.668793 324.760376 322.748962,
 349.684937 292.639008 301.639008 354.333679,
 145.344391 136.337143 89.359756 107.084099,
 109.328262 123.122940 102.780815 123.777252,
 90.757530 81.752365 105.237640 141.123154,
 112.951866 106.298088 100.758492 123.966904,

Cross-correlations of the real part of each oriented sub-band with both the real and imaginary part of all phase-doubled oriented sub-bands at the next coarser scale (Q matrices of size 1x2Q, which are computed and stored in a matrix of size Qx2Q)
 112.226151 52.730923 5.807866 48.286736 -4.955012 -1.225295 -0.284317 -1.644692,
 53.411320 127.538643 60.029327 5.413746 -2.173331 -0.575543 -0.458243 -0.378170,
 5.945479 59.803028 117.877480 44.901554 -0.018735 0.694055 -0.285609 -1.197300,
 48.390129 5.611490 45.757133 102.628883 -1.937210 0.018747 -0.111484 -3.131777,
 -167.883759 -80.892654 -13.734738 -66.929840 -24.213078 -1.074116 -1.939817 -16.629620,
 -74.486160 -173.281631 -90.895493 -14.251781 -6.689703 8.897466 -2.455043 3.905048,
 -7.813138 -79.776657 -171.161270 -70.151939 4.291712 10.223470 -13.558184 -10.636924,
 -71.014397 -12.010597 -72.867195 -131.850082 -3.741615 1.642620 -9.649771 -44.422688,
 6.068264 0.288828 -4.087827 -2.934754 -44.034157 13.066349 -0.632333 6.893024,
 -3.236132 -33.633999 -48.500786 -5.690351 -2.210780 19.396725 5.909500 -0.496300,
 -2.056856 -28.701584 -106.832344 -36.568832 0.175693 5.098705 5.660217 -17.224907,
 3.726863 -2.844473 -42.548237 -30.434681 -28.759121 0.675858 -7.497155 -15.625080,
