Low-band skewness and kurtosis
 -2.136350 5.901744,
 -2.192415 6.615082,
 -1.637983 4.750409,
 -1.174087 3.593902,
 -1.120082 3.486375,

High-band variance
 155.210007,

Skewness, kurtosis, variance, mean, maximum and minimum of the reconstructed texture
 -2.123046 5.653348 6844.668945 220.814575 255.000000 0.000000,

Auto-correlations of the low-frequency bands at each scale
 2501.632324 3067.508301 3504.537598 3718.859619 3646.703613 3323.565918 2829.645996 3149.165771 3900.115479 4566.073242 4886.047363 4670.776367 4082.309326 3378.295166 3645.151855 4631.454102 5624.397461 6096.929688 5680.159180 4725.704102 3761.744141 3870.202881 4969.677734 6120.720215 6655.889648 6120.720215 4969.677734 3870.202881 3761.744141 4725.704102 5680.159180 6096.929688 5624.397461 4631.454102 3645.151855 3378.295166 4082.309326 4670.776367 4886.047363 4566.073242 3900.115479 3149.165771 2829.645996 3323.565918 3646.703613 3718.859619 3504.537598 3067.508301 2501.632324,
 994.224487 857.429810 965.547363 1250.296631 1430.854980 1423.092651 1329.756958 1050.108521 1387.163940 2179.482910 2751.355469 2514.419922 1825.599243 1361.960815 1335.028687 2351.825439 4042.305176 4989.180176 4210.589355 2589.504150 1536.247437 1586.728394 2947.952637 5053.781250 6139.050781 5053.781250 2947.952637 1586.728394 1536.247437 2589.504150 4210.589355 4989.180176 4042.305176 2351.825439 1335.028687 1361.960815 1825.599243 2514.419922 2751.355469 2179.482910 1387.163940 1050.108521 1329.756958 1423.092651 1430.854980 1250.296631 965.547363 857.429810 994.224487,
 1045.714966 1022.935791 640.834167 443.155396 833.174744 1185.981201 945.611755 959.662720 849.938965 788.790771 980.134766 1129.977417 1056.978394 892.180054 952.337158 1057.718140 2043.298706 2931.540039 2334.416016 1245.142456 988.150024 1043.201416 1394.348022 3069.945312 4232.547363 3069.945312 1394.348022 1043.201416 988.150024 1245.142456 2334.416016 2931.540039 2043.298706 1057.718140 952.337158 892.180054 1056.978394 1129.977417 980.134766 788.790771 849.938965 959.662720 945.611755 1185.981201 833.174744 443.155396 640.834167 1022.935791 1045.714966,
 -86.804504 208.150238 458.342194 733.508911 975.161499 1054.050903 924.363342 319.043427 624.017334 742.006958 861.811401 990.673828 1109.144043 1074.926514 388.201263 809.406128 1309.667603 1593.745483 1322.986450 976.670044 880.729980 534.129028 900.561279 1676.503052 2169.961426 1676.503052 900.561279 534.129028 880.729980 976.670044 1322.986450 1593.745483 1309.667603 809.406128 388.201263 1074.926514 1109.144043 990.673828 861.811401 742.006958 624.017334 319.043427 924.363342 1054.050903 975.161499 733.508911 458.342194 208.150238 -86.804504,
 -503.130066 -689.051025 -643.052002 -366.692291 10.737335 248.788910 164.739563 -722.248596 -637.809631 -198.523712 343.360748 687.617065 641.646912 194.482971 -677.019714 -214.757233 554.196655 1136.806763 1147.668579 648.599487 -54.140320 -412.483215 304.126678 1118.761230 1494.468384 1118.761230 304.126678 -412.483215 -54.140320 648.599487 1147.668579 1136.806763 554.196655 -214.757233 -677.019714 194.482971 641.646912 687.617065 343.360748 -198.523712 -637.809631 -722.248596 164.739563 248.788910 10.737335 -366.692291 -643.052002 -689.051025 -503.130066,

Auto-correlations of the modulus of each oriented sub-band
 70.097527 78.591461 87.062859 91.132095 88.534889 80.879913 72.330879 89.551720 102.771446 115.355171 121.053757 116.783791 105.028603 91.869408 108.310089 126.651352 143.617737 150.910126 144.550812 128.140533 109.884155 116.998817 137.826965 156.917755 164.814453 156.917755 137.826965 116.998817 109.884155 128.140533 144.550812 150.910126 143.617737 126.651352 108.310089 91.869408 105.028603 116.783791 121.053757 115.355171 102.771446 89.551720 72.330879 80.879913 88.534889 91.132095 87.062859 78.591461 70.097527,
 108.438538 114.387924 116.373077 112.321289 102.486160 89.169510 75.428040 112.842751 129.362442 140.943375 141.192078 129.149277 109.472244 88.428764 113.730026 139.531342 160.864151 166.644531 153.227585 127.978912 100.631485 109.610245 139.293427 165.975159 177.380569 165.975159 139.293427 109.610245 100.631485 127.978912 153.227585 166.644531 160.864151 139.531342 113.730026 88.428764 109.472244 129.149277 141.192078 140.943375 129.362442 112.842751 75.428040 89.169510 102.486160 112.321289 116.373077 114.387924 108.438538,
 77.731346 95.289192 113.472290 122.190140 115.158813 98.405983 81.666420 87.179893 109.906044 133.403870 144.448593 134.442993 111.936913 89.837685 95.727684 122.895348 151.020935 164.280563 151.482849 123.880363 97.076302 99.594772 128.404846 158.240784 172.364929 158.240784 128.404846 99.594772 97.076302 123.880363 151.482849 164.280563 151.020935 122.895348 95.727684 89.837685 111.936913 134.442993 144.448593 133.403870 109.906044 87.179893 81.666420 98.405983 115.158813 122.190140 113.472290 95.289192 77.731346,
 69.774849 83.793442 96.985939 106.809494 111.195442 109.811142 104.820000 83.961418 104.614265 123.727463 135.657883 135.933121 125.187431 109.685555 97.190346 123.898598 148.475494 161.662659 156.427277 136.002350 111.080086 106.852142 135.837097 161.749481 172.704773 161.749481 135.837097 106.852142 111.080086 136.002350 156.427277 161.662659 148.475494 123.898598 97.190346 109.685555 125.187431 135.933121 135.657883 123.727463 104.614265 83.961418 104.820000 109.811142 111.195442 106.809494 96.985939 83.793442 69.774849,
 163.917923 178.505661 188.317017 192.634903 191.584595 187.326981 182.621506 223.296692 252.247055 274.433411 284.094452 278.551636 261.817902 240.895844 294.325378 343.280121 383.550690 400.356995 385.913788 349.141998 305.290222 331.929016 389.758698 439.372009 460.191589 439.372009 389.758698 331.929016 305.290222 349.141998 385.913788 400.356995 383.550690 343.280121 294.325378 240.895844 261.817902 278.551636 284.094452 274.433411 252.247055 223.296692 182.621506 187.326981 191.584595 192.634903 188.317017 178.505661 163.917923,
 271.288757 294.906250 286.959167 254.768112 220.628418 200.272430 194.127670 299.097687 351.777954 371.519379 343.128265 288.020233 239.462280 213.431488 297.930756 374.677734 436.288025 436.059570 373.054504 295.071228 239.967926 272.771423 350.313263 437.462982 479.506592 437.462982 350.313263 272.771423 239.967926 295.071228 373.054504 436.059570 436.288025 374.677734 297.930756 213.431488 239.462280 288.020233 343.128265 371.519379 351.777954 299.097687 194.127670 200.272430 220.628418 254.768112 286.959167 294.906250 271.288757,
 189.184174 242.844330 306.734161 341.193420 323.316803 277.003326 232.302155 204.490067 274.128998 358.721313 402.641846 371.184692 300.882721 237.925858 220.440933 302.568817 404.709137 457.168427 411.083649 317.111237 238.643478 232.859711 318.692108 425.520874 480.328552 425.520874 318.692108 232.859711 238.643478 317.111237 411.083649 457.168427 404.709137 302.568817 220.440933 237.925858 300.882721 371.184692 402.641846 358.721313 274.128998 204.490067 232.302155 277.003326 323.316803 341.193420 306.734161 242.844330 189.184174,
 117.981087 141.315094 187.206467 243.546524 286.906097 296.304779 273.422607 145.014618 191.756592 262.949890 333.058105 365.926025 346.555847 297.045807 193.221405 264.479736 354.722229 422.283325 424.026245 365.420593 290.690582 250.329086 334.265686 422.156189 462.500244 422.156189 334.265686 250.329086 290.690582 365.420593 424.026245 422.283325 354.722229 264.479736 193.221405 297.045807 346.555847 365.926025 333.058105 262.949890 191.756592 145.014618 273.422607 296.304779 286.906097 243.546524 187.206467 141.315094 117.981087,
 91.200348 106.743622 122.419640 136.705200 146.702759 151.780548 153.004898 133.677628 160.153519 181.764053 191.230408 186.947983 174.764847 163.066696 195.130295 258.693115 317.218567 341.114685 316.895813 262.752930 210.299332 239.399628 325.984497 413.715057 453.176605 413.715057 325.984497 239.399628 210.299332 262.752930 316.895813 341.114685 317.218567 258.693115 195.130295 163.066696 174.764847 186.947983 191.230408 181.764053 160.153519 133.677628 153.004898 151.780548 146.702759 136.705200 122.419640 106.743622 91.200348,
 139.337036 209.811432 257.105591 262.465942 251.401215 249.988556 256.641724 187.927246 286.399658 369.871765 371.147278 310.988647 265.952271 252.197388 225.743835 343.365204 478.782776 513.600342 413.640320 302.956757 248.500854 242.726547 343.501434 497.147491 585.496094 497.147491 343.501434 242.726547 248.500854 302.956757 413.640320 513.600342 478.782776 343.365204 225.743835 252.197388 265.952271 310.988647 371.147278 369.871765 286.399658 187.927246 256.641724 249.988556 251.401215 262.465942 257.105591 209.811432 139.337036,
 104.434494 157.947052 217.192780 262.470001 276.791687 266.712128 243.557846 149.815536 220.123947 314.310791 375.926025 353.815063 296.086548 246.998795 186.946350 274.455383 410.148163 494.918610 426.797516 311.294373 236.745789 215.908005 306.457092 455.659271 550.438477 455.659271 306.457092 215.908005 236.745789 311.294373 426.797516 494.918610 410.148163 274.455383 186.946350 246.998795 296.086548 353.815063 375.926025 314.310791 220.123947 149.815536 243.557846 266.712128 276.791687 262.470001 217.192780 157.947052 104.434494,
 72.358597 106.438385 140.561127 183.742905 219.883087 226.328033 217.254501 108.887192 153.194168 211.858368 284.831757 316.743866 286.282837 241.231827 154.052811 217.593597 317.901398 414.887238 406.534210 317.263580 237.818283 202.557358 286.413513 408.601990 480.816925 408.601990 286.413513 202.557358 237.818283 317.263580 406.534210 414.887238 317.901398 217.593597 154.052811 241.231827 286.282837 316.743866 284.831757 211.858368 153.194168 108.887192 217.254501 226.328033 219.883087 183.742905 140.561127 106.438385 72.358597,
 -3.667483 -4.558444 -4.313673 -2.291419 1.146096 5.154300 8.156704 3.883615 3.160283 6.740064 14.887808 24.355404 31.042355 32.965454 14.999638 28.709892 48.980789 66.822006 72.165596 61.810631 43.764088 30.914295 62.688904 96.493629 112.364838 96.493629 62.688904 30.914295 43.764088 61.810631 72.165596 66.822006 48.980789 28.709892 14.999638 32.965454 31.042355 24.355404 14.887808 6.740064 3.160283 3.883615 8.156704 5.154300 1.146096 -2.291419 -4.313673 -4.558444 -3.667483,
 1.046771 11.036026 10.160894 -3.839440 -9.884720 6.862942 29.432865 8.420137 33.454308 46.382042 28.571905 0.222673 -4.973833 13.342791 6.666158 43.648602 82.285408 79.993172 36.988014 1.855862 -2.625824 -2.367766 27.425997 78.694565 109.279343 78.694565 27.425997 -2.367766 -2.625824 1.855862 36.988014 79.993172 82.285408 43.648602 6.666158 13.342791 -4.973833 0.222673 28.571905 46.382042 33.454308 8.420137 29.432865 6.862942 -9.884720 -3.839440 10.160894 11.036026 1.046771,
 -9.397341 -15.574497 -4.820089 39.591942 46.592560 27.239841 27.347021 3.835520 -2.171459 21.613857 78.129913 66.912064 33.866631 38.903145 20.588625 13.669429 52.547821 115.738251 78.941452 34.038242 41.539131 34.725945 26.947849 74.711891 132.286362 74.711891 26.947849 34.725945 41.539131 34.038242 78.941452 115.738251 52.547821 13.669429 20.588625 38.903145 33.866631 66.912064 78.129913 21.613857 -2.171459 3.835520 27.347021 27.239841 46.592560 39.591942 -4.820089 -15.574497 -9.397341,
 -30.429173 -6.952263 19.199955 43.402939 62.935276 71.232887 63.847034 -4.098312 29.886101 66.985367 100.654709 117.684875 109.514717 83.478302 34.608086 80.248367 130.887466 169.585861 170.051987 135.053711 89.204163 70.927444 123.749542 177.348923 203.296570 177.348923 123.749542 70.927444 89.204163 135.053711 170.051987 169.585861 130.887466 80.248367 34.608086 83.478302 109.514717 117.684875 100.654709 66.985367 29.886101 -4.098312 63.847034 71.232887 62.935276 43.402939 19.199955 -6.952263 -30.429173,

Pairwise cross-correlations of the modulus of all oriented sub-bands at the same scale (size QxQ)
 164.814453 113.779671 67.967285 112.412689,
 113.779671 177.380600 116.945648 72.793335,
 67.967285 116.945648 172.364944 120.042084,
 112.412689 72.793335 120.042084 172.704788,
 460.191589 376.489014 325.250061 373.134064,
 376.489014 479.506653 366.200439 329.358612,
 325.250061 366.200439 480.328583 379.013214,
 373.134064 329.358612 379.013214 462.500336,
 453.176636 385.079224 295.235138 336.009583,
 385.079224 585.496094 399.718994 343.415405,
 295.235138 399.718994 550.438477 376.925964,
 336.009583 343.415405 376.925964 480.817017,
 112.364830 60.375496 43.734425 110.542419,
 60.375496 109.279343 59.808914 67.708832,
 43.734425 59.808914 132.286377 99.378227,
 110.542419 67.708832 99.378227 203.296600,

Cross-correlations of the modulus of all oriented sub-bands with all oriented sub-bands at the coarser scale (size QxQ)
 236.431717 195.816345 154.322174 193.036087,
 203.477814 251.834946 203.348877 164.151840,
 161.343475 201.973846 245.209778 202.002060,
 202.178223 170.558014 206.140900 245.788101,
 336.493347 367.292877 325.447510 331.561646,
 307.397797 402.172119 354.115906 296.066254,
 275.815247 374.028259 369.378601 339.494934,
 307.199219 336.517578 347.823029 358.460632,
 79.713745 66.592255 107.632568 156.500244,
 94.584671 101.956802 137.519897 204.024994,
 91.355057 85.313622 147.908813 186.006821,
 92.671051 83.771927 129.747955 171.172485,

Cross-correlations of the real part of each oriented sub-band with both the real and imaginary part of all phase-doubled oriented sub-bands at the next coarser scale (Q matrices of size 1x2Q, which are computed and stored in a matrix of size Qx2Q)
 91.166245 44.073856 3.540112 41.360306 0.800217 -0.255348 0.705078 -0.133224,
 42.416801 96.880463 43.386913 4.129948 0.358603 1.407092 3.711676 1.093645,
 4.212893 42.335602 104.563354 43.793522 -0.519856 2.375066 6.083519 3.776881,
 39.376736 4.105562 47.457546 95.874016 -0.856023 0.247483 1.979795 2.278447,
 -138.023117 -60.083633 -8.469097 -52.992817 -3.727790 -5.550078 -3.219195 6.016532,
 -57.739628 -147.277939 -76.902550 -7.250885 -6.402472 -4.729512 -4.262632 2.207124,
 -3.725712 -79.474739 -141.305130 -52.654678 -0.468708 -1.213558 -1.967545 5.761405,
 -59.477509 -10.351401 -54.825775 -111.819084 1.912676 -0.688071 -1.579077 12.650272,
 -24.846151 -27.853168 -4.684608 -26.309994 -10.974134 15.072670 -2.021639 -9.963542,
 -7.150664 -85.808594 -41.418472 -1.745312 -2.844954 36.440430 9.711431 -1.822232,
 -3.900270 -46.183270 -81.348099 -38.528603 0.243917 12.322791 -13.374353 -29.926476,
 -20.493610 -2.462359 -35.235703 -77.063721 -5.770097 -0.073728 -24.422409 -49.550346,
