Low-band skewness and kurtosis
 -2.118924 5.840379,
 -2.194976 6.692183,
 -1.534703 4.542901,
 -0.987078 3.166014,
 -0.807992 2.583995,

High-band variance
 158.472504,

Skewness, kurtosis, variance, mean, maximum and minimum of the reconstructed texture
 -2.104620 5.580102 6878.689453 220.469421 255.000000 0.000000,

Auto-correlations of the low-frequency bands at each scale
 2397.986572 3006.787598 3451.268066 3625.010010 3456.140137 3000.647949 2389.538330 2963.306152 3804.946777 4528.145996 4843.487305 4546.315918 3820.996094 2976.603516 3380.142578 4500.629395 5601.683594 6106.188965 5618.257812 4519.593262 3397.404785 3546.408447 4804.267578 6093.783203 6686.203125 6093.783203 4804.267578 3546.408447 3397.404785 4519.593262 5618.257812 6106.188965 5601.683594 4500.629395 3380.142578 2976.603516 3820.996094 4546.315918 4843.487305 4528.145996 3804.946777 2963.306152 2389.538330 3000.647949 3456.140137 3625.010010 3451.268066 3006.787598 2397.986572,
 1076.115234 1046.555908 1144.885742 1180.865967 1005.775879 835.316101 880.323669 946.600220 1336.229126 2170.352539 2624.088867 2141.383789 1292.542603 878.159302 869.323181 2036.541870 3948.512939 4943.513672 3965.266357 2067.050293 877.331238 874.078003 2463.420166 4906.079102 6150.583008 4906.079102 2463.420166 874.078003 877.331238 2067.050293 3965.266357 4943.513672 3948.512939 2036.541870 869.323181 878.159302 1292.542603 2141.383789 2624.088867 2170.352539 1336.229126 946.600220 880.323669 835.316101 1005.775879 1180.865967 1144.885742 1046.555908 1076.115234,
 717.427734 904.927856 813.849487 670.053284 665.986572 927.429321 1161.637451 631.647461 772.948425 988.905273 1055.266113 774.196167 778.132019 1082.832764 464.264771 803.099121 2020.792114 2785.247070 1848.044312 779.131226 728.515503 464.970551 906.683289 2722.982910 3987.556641 2722.982910 906.683289 464.970551 728.515503 779.131226 1848.044312 2785.247070 2020.792114 803.099121 464.264771 1082.832764 778.132019 774.196167 1055.266113 988.905273 772.948425 631.647461 1161.637451 927.429321 665.986572 670.053284 813.849487 904.927856 717.427734,
 110.306671 273.145020 317.635559 286.804871 464.427551 701.075378 620.461304 316.033813 314.752228 526.374695 726.235168 809.694275 906.469482 832.175659 470.669006 451.714630 998.193848 1478.856445 1237.060059 901.158081 794.807434 637.623169 728.020325 1410.398560 1943.845703 1410.398560 728.020325 637.623169 794.807434 901.158081 1237.060059 1478.856445 998.193848 451.714630 470.669006 832.175659 906.469482 809.694275 726.235168 526.374695 314.752228 316.033813 620.461304 701.075378 464.427551 286.804871 317.635559 273.145020 110.306671,
 -503.063629 -644.917542 -658.787659 -552.233154 -470.082458 -440.636627 -401.465179 -137.475983 -293.500702 -189.418274 80.903046 194.210297 125.772301 73.188515 241.454834 191.981354 500.412415 874.606079 855.111023 580.296143 436.420654 479.629272 585.047180 991.143738 1252.967163 991.143738 585.047180 479.629272 436.420654 580.296143 855.111023 874.606079 500.412415 191.981354 241.454834 73.188515 125.772301 194.210297 80.903046 -189.418274 -293.500702 -137.475983 -401.465179 -440.636627 -470.082458 -552.233154 -658.787659 -644.917542 -503.063629,

Auto-correlations of the modulus of each oriented sub-band
 78.138969 87.239265 96.018257 100.212646 97.849098 90.769310 83.014839 98.138039 111.860039 124.698875 130.491089 126.427925 115.190208 102.654167 118.055565 136.358246 153.215057 160.465897 154.314178 138.470825 120.878502 127.728073 147.974976 166.552704 174.240540 166.552704 147.974976 127.728073 120.878502 138.470825 154.314178 160.465897 153.215057 136.358246 118.055565 102.654167 115.190208 126.427925 130.491089 124.698875 111.860039 98.138039 83.014839 90.769310 97.849098 100.212646 96.018257 87.239265 78.138969,
 111.905823 118.058609 119.544754 114.612068 103.529526 88.728165 73.442886 116.378983 133.741333 145.084671 144.467026 131.104630 109.618958 86.402451 116.184883 143.655197 165.412857 170.730423 156.338760 129.308914 99.387260 110.144806 142.226974 170.134399 181.827072 170.134399 142.226974 110.144806 99.387260 129.308914 156.338760 170.730423 165.412857 143.655197 116.184883 86.402451 109.618958 131.104630 144.467026 145.084671 133.741333 116.378983 73.442886 88.728165 103.529526 114.612068 119.544754 118.058609 111.905823,
 72.690689 94.173950 114.775383 123.778442 115.103783 94.620697 73.143814 81.031464 107.476692 133.320786 144.868423 133.769302 108.025993 81.344482 88.693367 119.550568 150.028824 163.875488 150.330460 119.897873 88.827644 91.857262 124.578545 156.939621 171.689529 156.939621 124.578545 91.857262 88.827644 119.897873 150.330460 163.875488 150.028824 119.550568 88.693367 81.344482 108.025993 133.769302 144.868423 133.320786 107.476692 81.031464 73.143814 94.620697 115.103783 123.778442 114.775383 94.173950 72.690689,
 68.570526 81.293083 94.647293 105.544090 111.367355 111.329521 107.099014 81.979973 102.900330 123.175026 136.368835 137.555573 127.334869 111.885429 95.426743 123.340164 149.318710 163.487305 158.478073 137.765060 112.166428 106.352280 136.600281 163.509857 174.933441 163.509857 136.600281 106.352280 112.166428 137.765060 158.478073 163.487305 149.318710 123.340164 95.426743 111.885429 127.334869 137.555573 136.368835 123.175026 102.900330 81.979973 107.099014 111.329521 111.367355 105.544090 94.647293 81.293083 68.570526,
 211.075180 227.192932 239.815689 245.817505 243.776810 236.151154 226.443130 273.131409 303.666748 328.843872 340.327576 333.294922 312.474915 286.773010 350.825195 402.600555 445.743042 463.803192 447.345825 405.967804 356.941284 389.206390 452.074219 505.836975 528.265015 505.836975 452.074219 389.206390 356.941284 405.967804 447.345825 463.803192 445.743042 402.600555 350.825195 286.773010 312.474915 333.294922 340.327576 328.843872 303.666748 273.131409 226.443130 236.151154 243.776810 245.817505 239.815689 227.192932 211.075180,
 342.425171 379.647858 372.523712 327.322510 268.338715 219.606781 190.300400 363.021088 433.151672 457.840332 422.721893 348.232849 270.757874 214.296173 351.175171 450.600342 519.720337 517.341492 443.682434 342.421814 254.812439 307.650696 414.386078 515.641418 559.927856 515.641418 414.386078 307.650696 254.812439 342.421814 443.682434 517.341492 519.720337 450.600342 351.175171 214.296173 270.757874 348.232849 422.721893 457.840332 433.151672 363.021088 190.300400 219.606781 268.338715 327.322510 372.523712 379.647858 342.425171,
 188.445251 242.213348 313.864136 346.509003 307.075684 239.527283 199.573700 194.003387 263.462799 361.472412 408.926666 354.428833 261.119659 204.526581 200.509506 282.081299 402.841858 465.524506 397.726379 280.130493 206.684433 205.316956 288.892914 418.041962 489.806244 418.041962 288.892914 205.316956 206.684433 280.130493 397.726379 465.524506 402.841858 282.081299 200.509506 204.526581 261.119659 354.428833 408.926666 361.472412 263.462799 194.003387 199.573700 239.527283 307.075684 346.509003 313.864136 242.213348 188.445251,
 190.278564 208.896545 238.486877 276.996582 310.567383 325.074646 314.971436 211.678589 250.880310 308.774567 368.179657 399.888763 389.907532 348.238892 250.983536 318.441040 402.940979 467.681305 471.861145 417.808533 342.954102 302.777466 387.784515 474.752563 514.568359 474.752563 387.784515 302.777466 342.954102 417.808533 471.861145 467.681305 402.940979 318.441040 250.983536 348.238892 389.907532 399.888763 368.179657 308.774567 250.880310 211.678589 314.971436 325.074646 310.567383 276.996582 238.486877 208.896545 190.278564,
 149.528320 167.510071 189.984848 210.061417 219.666336 212.390350 190.357513 168.033081 211.044540 259.267792 291.659882 290.496124 256.130066 207.300995 193.794479 280.222229 372.610321 420.550873 393.047638 309.287598 218.498215 216.243088 330.745148 451.497955 507.004211 451.497955 330.745148 216.243088 218.498215 309.287598 393.047638 420.550873 372.610321 280.222229 193.794479 207.300995 256.130066 290.496124 291.659882 259.267792 211.044540 168.033081 190.357513 212.390350 219.666336 210.061417 189.984848 167.510071 149.528320,
 126.876221 172.796524 202.674988 203.161789 187.055389 170.152512 158.879395 169.870041 240.700195 295.991272 293.135742 252.333786 212.428040 183.205765 205.103180 299.466736 400.864471 419.416260 344.514862 260.440613 205.087677 215.821747 302.307037 422.698761 490.401398 422.698761 302.307037 215.821747 205.087677 260.440613 344.514862 419.416260 400.864471 299.466736 205.103180 183.205765 212.428040 252.333786 293.135742 295.991272 240.700195 169.870041 158.879395 170.152512 187.055389 203.161789 202.674988 172.796524 126.876221,
 152.514099 172.971558 196.479065 220.476685 218.096558 203.999695 191.780609 162.717133 197.773666 264.478241 315.737579 280.762726 223.563217 199.302948 173.466827 220.828735 331.641174 415.035065 341.857239 235.385651 195.285736 185.192780 234.689240 363.922485 460.213043 363.922485 234.689240 185.192780 195.285736 235.385651 341.857239 415.035065 331.641174 220.828735 173.466827 199.302948 223.563217 280.762726 315.737579 264.478241 197.773666 162.717133 191.780609 203.999695 218.096558 220.476685 196.479065 172.971558 152.514099,
 188.695160 208.047211 231.751953 266.056519 297.563171 303.831665 281.831024 228.795609 273.269775 329.392029 392.045929 417.949890 379.850464 314.363159 266.277283 343.992371 450.205902 541.712036 531.074280 429.131104 325.619995 303.137329 410.868195 546.686951 620.023438 546.686951 410.868195 303.137329 325.619995 429.131104 531.074280 541.712036 450.205902 343.992371 266.277283 314.363159 379.850464 417.949890 392.045929 329.392029 273.269775 228.795609 281.831024 303.831665 297.563171 266.056519 231.751953 208.047211 188.695160,
 20.768005 21.991627 19.618374 16.605518 15.973645 19.780281 27.132687 43.943108 49.490349 51.026745 49.730789 45.639561 39.507645 35.831673 71.079269 88.632088 104.645012 108.133606 94.414528 70.512657 50.364029 71.120895 100.538223 134.616974 150.750305 134.616974 100.538223 71.120895 50.364029 70.512657 94.414528 108.133606 104.645012 88.632088 71.079269 35.831673 39.507645 45.639561 49.730789 51.026745 49.490349 43.943108 27.132687 19.780281 15.973645 16.605518 19.618374 21.991627 20.768005,
 21.436842 33.851059 36.309769 29.146484 14.742134 -2.533697 -12.847792 39.087574 64.120239 76.050484 66.580856 44.026566 17.867599 -2.457783 41.902893 82.186234 116.649940 117.329857 84.084251 43.244122 12.049704 29.217857 70.799591 120.073669 144.893829 120.073669 70.799591 29.217857 12.049704 43.244122 84.084251 117.329857 116.649940 82.186234 41.902893 -2.457783 17.867599 44.026566 66.580856 76.050484 64.120239 39.087574 -12.847792 -2.533697 14.742134 29.146484 36.309769 33.851059 21.436842,
 5.790449 23.751850 34.845825 23.628433 1.893679 -12.182622 -7.385687 4.335768 28.497208 56.154472 55.478962 23.839987 -3.460608 -5.995830 2.352303 26.140574 69.398643 88.801758 48.824200 7.050539 -3.708099 -0.564310 17.949383 67.193756 104.254372 67.193756 17.949383 -0.564310 -3.708099 7.050539 48.824200 88.801758 69.398643 26.140574 2.352303 -5.995830 -3.460608 23.839987 55.478962 56.154472 28.497208 4.335768 -7.385687 -12.182622 1.893679 23.628433 34.845825 23.751850 5.790449,
 13.999006 16.023502 21.670563 28.508629 31.414387 23.780540 10.619059 20.262638 24.885551 43.218628 64.991867 70.897110 50.633972 25.611141 21.698874 37.764736 78.897591 116.396469 111.260796 67.425140 30.292738 25.206423 57.837517 114.861099 146.341019 114.861099 57.837517 25.206423 30.292738 67.425140 111.260796 116.396469 78.897591 37.764736 21.698874 25.611141 50.633972 70.897110 64.991867 43.218628 24.885551 20.262638 10.619059 23.780540 31.414387 28.508629 21.670563 16.023502 13.999006,

Pairwise cross-correlations of the modulus of all oriented sub-bands at the same scale (size QxQ)
 174.240585 117.071571 69.120506 116.182152,
 117.071571 181.827087 119.557648 69.120018,
 69.120506 119.557648 171.689529 114.286888,
 116.182152 69.120018 114.286888 174.933441,
 528.265015 435.164825 354.758118 420.868347,
 435.164825 559.927856 419.175995 384.849884,
 354.758118 419.175995 489.806244 397.506866,
 420.868347 384.849884 397.506866 514.568359,
 507.004211 317.504456 287.329224 407.051239,
 317.504456 490.401489 331.664246 284.068451,
 287.329224 331.664246 460.213135 359.466064,
 407.051239 284.068451 359.466064 620.023499,
 150.750305 88.667694 57.209526 88.116966,
 88.667694 144.893829 75.418320 50.988884,
 57.209526 75.418320 104.254379 71.789444,
 88.116966 50.988884 71.789444 146.341019,

Cross-correlations of the modulus of all oriented sub-bands with all oriented sub-bands at the coarser scale (size QxQ)
 260.133240 224.956497 161.361725 214.172623,
 215.046173 276.605347 211.609024 174.732254,
 166.215729 219.392395 250.257233 206.556793,
 210.362671 184.331284 206.652679 257.234650,
 388.982269 338.940399 307.335205 370.935150,
 380.410278 369.996704 318.860413 351.871460,
 318.051208 301.345245 339.803314 358.197815,
 339.113647 295.083313 330.932678 382.418915,
 176.561295 123.738350 90.344727 140.909882,
 149.041458 153.828613 94.161774 109.027618,
 127.536163 133.561600 109.639008 133.379471,
 159.314438 114.944412 99.630341 195.753708,

Cross-correlations of the real part of each oriented sub-band with both the real and imaginary part of all phase-doubled oriented sub-bands at the next coarser scale (Q matrices of size 1x2Q, which are computed and stored in a matrix of size Qx2Q)
 102.922913 48.404045 6.114820 48.501827 4.978256 4.427207 1.472262 0.656422,
 47.341476 121.045074 55.955677 4.162039 4.593133 2.458541 -0.975619 -0.076096,
 4.939592 56.066570 113.721497 49.375996 0.353477 -1.168013 -0.336536 2.400325,
 44.675488 4.300992 48.703331 111.904961 -0.283847 0.355856 2.870950 3.789131,
 -139.134872 -54.557129 -14.852870 -75.526474 5.794106 8.456411 -0.450558 -1.043423,
 -51.787140 -154.945236 -72.252495 -6.843566 8.123388 4.612272 -19.092325 2.263427,
 -10.243453 -77.582336 -143.933395 -74.203461 1.072791 -11.579148 -24.866348 10.291957,
 -76.790863 -6.097742 -74.230331 -167.214813 -1.064892 -3.767065 0.435555 1.001375,
 -121.674255 -58.480728 -7.909279 -50.928982 -19.779297 -28.075390 -0.946292 29.323643,
 -68.023987 -118.583626 -27.248356 -4.845032 -4.983993 -75.574295 -23.803806 1.065513,
 -10.661497 -49.754440 -55.280846 -46.178581 -2.336580 -38.260658 3.653869 13.238264,
 -50.428394 -5.674837 -38.046768 -108.904976 -19.227591 -2.999452 24.252941 46.674088,
