Low-band skewness and kurtosis
 -2.192792 6.144685,
 -2.252534 6.883834,
 -1.687121 4.844794,
 -1.519449 4.965874,
 -1.044645 3.054864,

High-band variance
 146.747070,

Skewness, kurtosis, variance, mean, maximum and minimum of the reconstructed texture
 -2.178745 5.892010 6680.195801 221.903442 255.000000 0.000000,

Auto-correlations of the low-frequency bands at each scale
 2658.297119 3218.077393 3630.159424 3794.930420 3667.891846 3301.692139 2778.435791 3189.396973 3920.878662 4559.750000 4854.403320 4625.290039 4021.530029 3293.153809 3582.431885 4551.432617 5518.352539 5978.240234 5574.427734 4629.114258 3651.574951 3757.900879 4854.295410 5982.645508 6501.845703 5982.645508 4854.295410 3757.900879 3651.574951 4629.114258 5574.427734 5978.240234 5518.352539 4551.432617 3582.431885 3293.153809 4021.530029 4625.290039 4854.403320 4559.750000 3920.878662 3189.396973 2778.435791 3301.692139 3667.891846 3794.930420 3630.159424 3218.077393 2658.297119,
 1123.602173 1192.336426 1459.812744 1666.056885 1574.708740 1365.519043 1268.004761 1192.396362 1627.839966 2456.473389 2941.450195 2552.066162 1766.862915 1278.419556 1291.332764 2367.288574 4053.665771 4952.102051 4139.852051 2496.598145 1376.766846 1403.686646 2837.396240 4940.124512 6006.288574 4940.124512 2837.396240 1403.686646 1376.766846 2496.598145 4139.852051 4952.102051 4053.665771 2367.288574 1291.332764 1278.419556 1766.862915 2552.066162 2941.450195 2456.473389 1627.839966 1192.396362 1268.004761 1365.519043 1574.708740 1666.056885 1459.812744 1192.336426 1123.602173,
 683.683899 568.496643 547.713562 798.734863 1046.736328 1198.533447 1228.596924 653.358154 677.721497 947.328491 1357.022095 1275.930054 1078.943848 1168.890137 687.285767 1035.716309 2195.085938 3074.654541 2265.184570 1115.209473 983.231323 819.781250 1267.398682 3002.769043 4208.441895 3002.769043 1267.398682 819.781250 983.231323 1115.209473 2265.184570 3074.654541 2195.085938 1035.716309 687.285767 1168.890137 1078.943848 1275.930054 1357.022095 947.328491 677.721497 653.358154 1228.596924 1198.533447 1046.736328 798.734863 547.713562 568.496643 683.683899,
 -141.428192 128.702026 202.147720 225.946381 465.261230 814.524658 942.551270 192.414307 321.959473 492.680542 678.922363 874.266846 1076.138184 1063.993286 268.302765 423.703491 1108.617920 1680.379028 1508.513916 1057.592529 786.459106 404.081909 736.142334 1691.575806 2301.927490 1691.575806 736.142334 404.081909 786.459106 1057.592529 1508.513916 1680.379028 1108.617920 423.703491 268.302765 1063.993286 1076.138184 874.266846 678.922363 492.680542 321.959473 192.414307 942.551270 814.524658 465.261230 225.946381 202.147720 128.702026 -141.428192,
 -418.625275 -647.324951 -684.484375 -510.433533 -238.718140 7.930664 64.020569 -454.529144 -540.696533 -331.227661 73.118347 407.205811 498.491852 279.948944 -370.019531 -111.320312 430.163635 939.772400 1030.201660 705.123047 187.461472 -120.367996 438.981842 1083.294800 1394.068359 1083.294800 438.981842 -120.367996 187.461472 705.123047 1030.201660 939.772400 430.163635 -111.320312 -370.019531 279.948944 498.491852 407.205811 73.118347 -331.227661 -540.696533 -454.529144 64.020569 7.930664 -238.718140 -510.433533 -684.484375 -647.324951 -418.625275,

Auto-correlations of the modulus of each oriented sub-band
 74.656067 82.310547 89.530991 92.323196 88.988876 81.247803 72.769363 91.907715 103.715874 114.594780 118.852722 114.005287 102.515388 89.755005 108.523880 125.156494 140.225555 146.166153 139.590149 123.970673 106.693893 114.948616 134.238342 151.796906 159.034332 151.796906 134.238342 114.948616 106.693893 123.970673 139.590149 146.166153 140.225555 125.156494 108.523880 89.755005 102.515388 114.005287 118.852722 114.594780 103.715874 91.907715 72.769363 81.247803 88.988876 92.323196 89.530991 82.310547 74.656067,
 112.002060 117.619186 120.045143 116.919792 107.890709 94.914886 80.979385 117.555397 133.700089 145.136978 145.775696 134.524460 115.510574 94.625755 119.319221 144.741180 165.417358 171.093811 158.457703 134.027466 106.961357 115.725952 145.086395 170.870544 181.658875 170.870544 145.086395 115.725952 106.961357 134.027466 158.457703 171.093811 165.417358 144.741180 119.319221 94.625755 115.510574 134.524460 145.775696 145.136978 133.700089 117.555397 80.979385 94.914886 107.890709 116.919792 120.045143 117.619186 112.002060,
 71.731293 89.639038 107.471802 115.858803 109.573654 93.932129 77.061264 81.816078 104.460815 127.313240 138.004898 128.682480 107.324600 85.492271 91.289322 117.963989 145.217194 158.094543 145.825439 119.314392 93.097092 95.683105 123.812637 152.652740 166.395096 152.652740 123.812637 95.683105 93.097092 119.314392 145.825439 158.094543 145.217194 117.963989 91.289322 85.492271 107.324600 128.682480 138.004898 127.313240 104.460815 81.816078 77.061264 93.932129 109.573654 115.858803 107.471802 89.639038 71.731293,
 67.755318 79.993469 91.402092 99.845421 103.756477 102.986786 98.796715 79.428848 98.363724 115.932724 126.878403 127.291183 117.884506 103.781601 91.094749 116.090431 139.066620 151.366638 146.676849 128.006622 104.823952 100.350578 127.525040 151.643326 161.801315 151.643326 127.525040 100.350578 104.823952 128.006622 146.676849 151.366638 139.066620 116.090431 91.094749 103.781601 117.884506 127.291183 126.878403 115.932724 98.363724 79.428848 98.796715 102.986786 103.756477 99.845421 91.402092 79.993469 67.755318,
 173.110809 191.128479 204.288971 210.361847 207.608307 197.656921 184.928284 226.080826 259.048737 284.092499 293.875854 285.145599 263.285431 237.256760 284.466003 335.347290 377.209686 393.398651 376.185944 336.637817 291.400818 313.860962 371.834259 422.593597 444.100769 422.593597 371.834259 313.860962 291.400818 336.637817 376.185944 393.398651 377.209686 335.347290 284.466003 237.256760 263.285431 285.145599 293.875854 284.092499 259.048737 226.080826 184.928284 197.656921 207.608307 210.361847 204.288971 191.128479 173.110809,
 274.522461 287.569489 273.946289 240.781738 201.939789 170.143066 150.705368 310.073151 353.578857 362.453064 331.051270 274.658630 217.540024 175.433716 309.169922 385.055695 435.314331 428.485809 367.298950 286.785797 217.902451 270.455597 356.130951 438.752441 475.711121 438.752441 356.130951 270.455597 217.902451 286.785797 367.298950 428.485809 435.314331 385.055695 309.169922 175.433716 217.540024 274.658630 331.051270 362.453064 353.578857 310.073151 150.705368 170.143066 201.939789 240.781738 273.946289 287.569489 274.522461,
 160.283234 206.615952 269.868134 311.189392 298.006195 246.035721 194.734161 175.894958 238.523773 322.948883 373.073486 344.333710 268.857727 203.261139 190.026840 266.419861 369.087646 426.097198 380.590088 282.988647 205.476212 200.671600 282.785950 391.344177 448.060120 391.344177 282.785950 200.671600 205.476212 282.988647 380.590088 426.097198 369.087646 266.419861 190.026840 203.261139 268.857727 344.333710 373.073486 322.948883 238.523773 175.894958 194.734161 246.035721 298.006195 311.189392 269.868134 206.615952 160.283234,
 114.278633 144.527374 186.720093 232.608612 266.912903 275.705170 256.544037 144.609329 193.565948 257.901215 317.512756 344.521210 327.009125 278.887939 185.421631 256.492950 340.564941 401.202820 400.898804 344.508026 269.028687 232.058838 316.208130 400.506256 438.643616 400.506256 316.208130 232.058838 269.028687 344.508026 400.898804 401.202820 340.564941 256.492950 185.421631 278.887939 327.009125 344.521210 317.512756 257.901215 193.565948 144.609329 256.544037 275.705170 266.912903 232.608612 186.720093 144.527374 114.278633,
 115.743408 129.292740 133.159042 131.429703 123.246803 108.740295 93.073639 174.832397 211.880844 238.187759 245.279877 226.156174 186.855453 147.631348 236.888199 314.196167 387.953003 419.246216 384.229004 305.262268 228.045914 267.489807 367.200745 470.480743 517.876465 470.480743 367.200745 267.489807 228.045914 305.262268 384.229004 419.246216 387.953003 314.196167 236.888199 147.631348 186.855453 226.156174 245.279877 238.187759 211.880844 174.832397 93.073639 108.740295 123.246803 131.429703 133.159042 129.292740 115.743408,
 105.048859 137.910416 167.792603 176.532043 167.247559 147.804092 125.589767 140.021454 202.234924 262.451935 269.758240 230.705963 185.313202 149.869110 169.276321 259.249725 363.329956 392.676666 320.388062 228.767044 166.280533 176.212173 266.142395 389.055420 457.199219 389.055420 266.142395 176.212173 166.280533 228.767044 320.388062 392.676666 363.329956 259.249725 169.276321 149.869110 185.313202 230.705963 269.758240 262.451935 202.234924 140.021454 125.589767 147.804092 167.247559 176.532043 167.792603 137.910416 105.048859,
 122.681564 162.328690 199.351273 219.470459 202.342056 169.185471 145.455215 141.224167 189.668655 264.858002 311.969727 268.737762 196.218124 157.510941 155.444046 212.647003 327.726929 405.216705 331.111328 216.630157 163.866684 163.239807 223.057236 356.006042 447.897858 356.006042 223.057236 163.239807 163.866684 216.630157 331.111328 405.216705 327.726929 212.647003 155.444046 157.510941 196.218124 268.737762 311.969727 264.858002 189.668655 141.224167 145.455215 169.185471 202.342056 219.470459 199.351273 162.328690 122.681564,
 82.830818 107.641273 131.948166 154.945679 168.897171 165.369873 147.722839 115.967461 153.816467 209.707886 269.886078 297.874329 269.403076 216.482269 165.355652 228.864838 331.569763 425.558167 425.694092 335.397736 243.601501 216.316330 309.232880 438.865356 509.616699 438.865356 309.232880 216.316330 243.601501 335.397736 425.694092 425.558167 331.569763 228.864838 165.355652 216.482269 269.403076 297.874329 269.886078 209.707886 153.816467 115.967461 147.722839 165.369873 168.897171 154.945679 131.948166 107.641273 82.830818,
 11.578753 13.904384 17.593626 21.660242 24.480417 24.624969 20.730381 35.868233 42.366104 50.749886 60.625923 67.385857 64.517036 48.725655 55.576431 76.226578 101.203110 119.592712 119.017258 97.750992 66.365532 68.088181 107.371635 148.301422 166.993851 148.301422 107.371635 68.088181 66.365532 97.750992 119.017258 119.592712 101.203110 76.226578 55.576431 48.725655 64.517036 67.385857 60.625923 50.749886 42.366104 35.868233 20.730381 24.624969 24.480417 21.660242 17.593626 13.904384 11.578753,
 -9.386757 18.364479 43.590046 63.119247 78.068878 85.440483 83.897865 56.440876 100.644722 140.284592 152.111694 146.866226 135.997742 117.626846 114.870453 166.243439 225.477402 242.749313 213.088211 176.659698 143.491180 146.207504 191.450134 251.234100 285.310669 251.234100 191.450134 146.207504 143.491180 176.659698 213.088211 242.749313 225.477402 166.243439 114.870453 117.626846 135.997742 146.866226 152.111694 140.284592 100.644722 56.440876 83.897865 85.440483 78.068878 63.119247 43.590046 18.364479 -9.386757,
 -6.759826 -2.348824 8.929842 22.755419 19.883410 8.217944 13.003457 -3.821404 1.933842 21.990707 41.982643 30.025784 11.667505 15.988601 0.940800 7.954817 40.519482 69.924347 43.710094 13.889450 15.271523 8.548533 13.032159 50.978786 85.421944 50.978786 13.032159 8.548533 15.271523 13.889450 43.710094 69.924347 40.519482 7.954817 0.940800 15.988601 11.667505 30.025784 41.982643 21.990707 1.933842 -3.821404 13.003457 8.217944 19.883410 22.755419 8.929842 -2.348824 -6.759826,
 -19.208008 2.893793 27.398239 43.499027 50.261566 55.833038 61.421822 8.101067 39.476154 71.418915 92.656715 95.926178 86.324020 75.367020 34.673309 71.791817 114.038460 144.332687 137.164780 104.710075 75.990707 59.867104 97.808350 144.982376 171.028259 144.982376 97.808350 59.867104 75.990707 104.710075 137.164780 144.332687 114.038460 71.791817 34.673309 75.367020 86.324020 95.926178 92.656715 71.418915 39.476154 8.101067 61.421822 55.833038 50.261566 43.499027 27.398239 2.893793 -19.208008,

Pairwise cross-correlations of the modulus of all oriented sub-bands at the same scale (size QxQ)
 159.034363 115.242271 65.573303 107.543518,
 115.242271 181.658890 118.877449 73.649040,
 65.573303 118.877449 166.395111 111.246948,
 107.543518 73.649040 111.246948 161.801361,
 444.100769 338.024414 302.726044 362.087677,
 338.024414 475.711182 365.992401 304.800476,
 302.726044 365.992401 448.060120 345.630554,
 362.087677 304.800476 345.630554 438.643616,
 517.876465 363.993805 294.165649 366.066132,
 363.993805 457.199219 329.258240 261.733215,
 294.165649 329.258240 447.897888 333.173157,
 366.066132 261.733215 333.173157 509.616760,
 166.993851 156.249725 61.298470 82.486031,
 156.249725 285.310669 84.869514 77.910660,
 61.298470 84.869514 85.421951 62.312866,
 82.486031 77.910660 62.312866 171.028229,

Cross-correlations of the modulus of all oriented sub-bands with all oriented sub-bands at the coarser scale (size QxQ)
 229.278381 191.620529 150.755402 185.754456,
 190.856049 257.655670 204.733292 157.964157,
 149.765991 200.485886 235.052719 182.539185,
 193.250076 158.687943 193.862274 227.177124,
 363.911865 295.638214 278.366180 320.514862,
 331.224243 333.467865 313.228333 297.341949,
 306.149811 311.649597 335.865601 300.116333,
 321.272736 270.231934 302.456299 340.026703,
 152.799988 182.767532 105.298798 179.424652,
 134.912582 219.204803 100.406029 138.354004,
 121.922653 204.733612 99.165749 141.312469,
 153.463257 169.504364 110.916962 173.300461,

Cross-correlations of the real part of each oriented sub-band with both the real and imaginary part of all phase-doubled oriented sub-bands at the next coarser scale (Q matrices of size 1x2Q, which are computed and stored in a matrix of size Qx2Q)
 89.185532 42.886837 5.755223 36.456017 -0.665913 -0.733507 -0.131598 0.986898,
 42.467487 105.975403 51.863281 4.284158 0.968898 1.545583 0.096725 -0.555711,
 4.477555 50.598942 104.935036 42.987968 0.077003 2.851890 -0.173589 -1.737557,
 36.968182 4.982188 44.148590 88.860344 -1.822363 0.655799 -0.737273 1.386197,
 -152.916977 -85.145538 -13.796081 -63.191856 -7.981518 -1.805789 0.060551 1.818183,
 -84.807022 -162.991165 -69.757324 -8.809849 -0.020378 16.150129 -5.222299 0.340895,
 -11.769772 -70.881996 -137.369583 -62.098953 0.763083 10.696592 -26.481419 -7.202781,
 -60.866650 -10.797696 -66.441246 -141.191284 -6.045660 -0.606600 -13.275163 -7.031315,
 -83.081001 -25.342949 -5.772968 -33.824039 -6.154298 13.382099 1.322390 -11.791881,
 -42.434746 -79.201775 -47.687420 -4.334594 -14.293604 40.719833 16.724932 3.059811,
 -6.349106 -41.704193 -83.290329 -49.092064 2.733592 15.053790 20.438675 5.119366,
 -35.293419 -1.997005 -36.428207 -94.968025 9.960963 -0.632789 -0.844112 -12.566700,
