Low-band skewness and kurtosis
 -2.065962 5.612042,
 -2.129409 6.375376,
 -1.466750 4.052490,
 -0.879817 2.635578,
 -0.666291 2.206751,

High-band variance
 165.754776,

Skewness, kurtosis, variance, mean, maximum and minimum of the reconstructed texture
 -2.051661 5.356927 7052.199707 219.375061 255.000000 0.000000,

Auto-correlations of the low-frequency bands at each scale
 2321.260498 2978.278564 3472.818604 3673.515869 3494.409912 2995.111084 2339.474365 3002.453613 3864.125000 4611.541992 4936.862305 4628.147461 3881.015625 3032.216797 3521.438232 4638.876953 5742.516113 6245.339844 5748.847168 4644.380859 3535.812744 3724.025391 4968.520508 6256.751953 6850.329102 6256.751953 4968.520508 3724.025391 3535.812744 4644.380859 5748.847168 6245.339844 5742.516113 4638.876953 3521.438232 3032.216797 3881.015625 4628.147461 4936.862305 4611.541992 3864.125000 3002.453613 2339.474365 2995.111084 3494.409912 3673.515869 3472.818604 2978.278564 2321.260498,
 774.311768 647.718750 851.013367 1024.245605 821.718933 518.884033 593.858521 734.579163 1104.188354 2048.505615 2593.498779 2051.959229 1105.641235 788.435242 1011.566101 2097.271240 4017.357910 5042.080078 4040.621582 2156.373291 1138.195557 1270.316406 2684.753662 5057.833984 6299.060547 5057.833984 2684.753662 1270.316406 1138.195557 2156.373291 4040.621582 5042.080078 4017.357910 2097.271240 1011.566101 788.435242 1105.641235 2051.959229 2593.498779 2048.505615 1104.188354 734.579163 593.858521 518.884033 821.718933 1024.245605 851.013367 647.718750 774.311768,
 961.934082 993.220398 970.691406 1054.524780 1100.455322 1130.463379 1150.496094 856.590332 801.738098 889.176880 1014.895752 797.611694 764.528503 1082.490479 774.356873 895.173218 1906.571899 2659.561768 1857.746948 951.097290 1070.692261 924.816284 1191.508057 2828.323975 4016.091309 2828.323975 1191.508057 924.816284 1070.692261 951.097290 1857.746948 2659.561768 1906.571899 895.173218 774.356873 1082.490479 764.528503 797.611694 1014.895752 889.176880 801.738098 856.590332 1150.496094 1130.463379 1100.455322 1054.524780 970.691406 993.220398 961.934082,
 268.992798 373.651733 483.851135 718.675659 895.797546 827.322998 598.122131 481.358215 543.377747 725.065063 1006.126282 1096.040161 969.858826 767.530945 592.654358 702.801147 1175.273071 1586.498779 1391.413452 983.402466 797.262390 701.512146 880.542297 1515.978149 1951.882324 1515.978149 880.542297 701.512146 797.262390 983.402466 1391.413452 1586.498779 1175.273071 702.801147 592.654358 767.530945 969.858826 1096.040161 1006.126282 725.065063 543.377747 481.358215 598.122131 827.322998 895.797546 718.675659 483.851135 373.651733 268.992798,
 -690.449951 -526.954346 -281.852814 -53.155640 3.215851 -163.779449 -458.575714 -547.263550 -288.001221 129.652023 493.722961 534.732971 228.964066 -215.191757 -267.675140 145.353088 714.425659 1104.692383 1006.988037 519.367859 -26.075905 -41.260315 496.694641 1102.269287 1384.713379 1102.269287 496.694641 -41.260315 -26.075905 519.367859 1006.988037 1104.692383 714.425659 145.353088 -267.675140 -215.191757 228.964066 534.732971 493.722961 129.652023 -288.001221 -547.263550 -458.575714 -163.779449 3.215851 -53.155640 -281.852814 -526.954346 -690.449951,

Auto-correlations of the modulus of each oriented sub-band
 78.333023 85.669228 92.970406 96.634125 94.724327 88.502007 81.367752 98.611794 110.827530 122.526093 128.173004 124.845810 114.518997 102.479271 119.592712 137.136002 153.452621 160.806732 155.246964 139.953018 122.498322 130.052902 150.194916 168.538696 176.125900 168.538696 150.194916 130.052902 122.498322 139.953018 155.246964 160.806732 153.452621 137.136002 119.592712 102.479271 114.518997 124.845810 128.173004 122.526093 110.827530 98.611794 81.367752 88.502007 94.724327 96.634125 92.970406 85.669228 78.333023,
 112.373451 116.009140 115.574951 109.738327 99.156509 86.557938 74.876518 115.495659 130.555847 140.438293 139.009460 125.627411 105.637878 85.888802 114.262520 139.752289 160.798035 165.772110 150.969666 124.612587 97.525536 107.800934 137.704712 165.325317 177.255402 165.325317 137.704712 107.800934 97.525536 124.612587 150.969666 165.772110 160.798035 139.752289 114.262520 85.888802 105.637878 125.627411 139.009460 140.438293 130.555847 115.495659 74.876518 86.557938 99.156509 109.738327 115.574951 116.009140 112.373451,
 83.846558 106.047150 126.444199 134.806870 125.385956 104.342590 82.239594 91.899086 119.137260 144.942001 156.140625 144.455917 118.352409 91.315392 100.185799 131.795349 162.406326 176.212738 162.271835 131.577240 100.123421 103.761078 137.059814 169.639236 184.599365 169.639236 137.059814 103.761078 100.123421 131.577240 162.271835 176.212738 162.406326 131.795349 100.185799 91.315392 118.352409 144.455917 156.140625 144.942001 119.137260 91.899086 82.239594 104.342590 125.385956 134.806870 126.444199 106.047150 83.846558,
 80.153854 91.742012 102.746574 110.858658 114.356087 113.269493 109.471878 92.470337 111.620750 129.555908 140.374664 139.828003 129.091217 114.685669 104.256569 129.946182 154.018250 166.718018 160.899109 140.363083 116.481285 112.949013 140.954407 166.785202 177.897034 166.785202 140.954407 112.949013 116.481285 140.363083 160.899109 166.718018 154.018250 129.946182 104.256569 114.685669 129.091217 139.828003 140.374664 129.555908 111.620750 92.470337 109.471878 113.269493 114.356087 110.858658 102.746574 91.742012 80.153854,
 275.846527 283.232941 289.860687 293.987549 294.079559 291.451874 288.649689 340.962769 367.102356 390.366028 402.498871 398.373230 382.406311 362.899780 415.421692 464.690125 508.725189 529.092102 515.123901 476.887939 432.306274 455.382355 514.526733 567.243408 589.665466 567.243408 514.526733 455.382355 432.306274 476.887939 515.123901 529.092102 508.725189 464.690125 415.421692 362.899780 382.406311 398.373230 402.498871 390.366028 367.102356 340.962769 288.649689 291.451874 294.079559 293.987549 289.860687 283.232941 275.846527,
 318.366180 339.794373 329.846619 295.308289 259.067322 236.023071 223.071182 341.366760 395.779388 415.105408 383.146637 322.425598 269.477753 236.884949 331.319733 413.777008 479.211151 478.312103 408.522797 323.556610 262.204376 298.215302 382.742279 477.209717 523.152649 477.209717 382.742279 298.215302 262.204376 323.556610 408.522797 478.312103 479.211151 413.777008 331.319733 236.884949 269.477753 322.425598 383.146637 415.105408 395.779388 341.366760 223.071182 236.023071 259.067322 295.308289 329.846619 339.794373 318.366180,
 272.367737 311.022308 366.241852 394.680237 360.994354 287.372467 229.793060 278.538940 335.917267 415.326080 455.178406 409.236115 315.781586 245.800659 279.109863 353.779388 457.988525 511.426636 453.638245 342.006866 261.649963 273.611115 357.021210 474.514130 536.328430 474.514130 357.021210 273.611115 261.649963 342.006866 453.638245 511.426636 457.988525 353.779388 279.109863 245.800659 315.781586 409.236115 455.178406 415.326080 335.917267 278.538940 229.793060 287.372467 360.994354 394.680237 366.241852 311.022308 272.367737,
 208.658722 225.541168 253.874741 291.320129 325.304932 338.916351 324.146088 223.424850 258.008636 311.789978 369.914093 402.155212 390.157684 346.545227 255.010223 314.873291 395.668518 461.426025 465.093994 409.656006 338.014923 300.166290 378.160400 464.308197 506.323181 464.308197 378.160400 300.166290 338.014923 409.656006 465.093994 461.426025 395.668518 314.873291 255.010223 346.545227 390.157684 402.155212 369.914093 311.789978 258.008636 223.424850 324.146088 338.916351 325.304932 291.320129 253.874741 225.541168 208.658722,
 200.382690 228.552643 237.896088 230.232651 220.671539 219.949188 223.389282 200.811569 242.394394 272.107635 281.219849 271.611115 256.473877 247.618607 236.771759 305.032257 375.822754 411.295715 387.774414 330.903412 282.597137 279.429626 360.971985 455.572144 501.088135 455.572144 360.971985 279.429626 282.597137 330.903412 387.774414 411.295715 375.822754 305.032257 236.771759 247.618607 256.473877 271.611115 281.219849 272.107635 242.394394 200.811569 223.389282 219.949188 220.671539 230.232651 237.896088 228.552643 200.382690,
 187.733582 211.886353 224.695053 220.790665 214.144730 214.092102 217.717407 223.889099 278.002808 309.668365 284.182678 235.995270 209.775986 207.527954 233.058395 326.496460 420.755341 416.767029 317.927094 229.659317 194.007889 207.692108 292.243713 425.771545 503.220367 425.771545 292.243713 207.692108 194.007889 229.659317 317.927094 416.767029 420.755341 326.496460 233.058395 207.527954 209.775986 235.995270 284.182678 309.668365 278.002808 223.889099 217.717407 214.092102 214.144730 220.790665 224.695053 211.886353 187.733582,
 200.136871 220.044800 280.946503 354.499237 357.405792 312.292480 268.316528 225.190918 275.761139 383.391602 477.061554 432.645752 332.501678 273.131226 243.516495 319.448792 474.227600 591.876221 497.535095 344.582581 268.956940 257.892822 342.160645 517.552002 641.509766 517.552002 342.160645 257.892822 268.956940 344.582581 497.535095 591.876221 474.227600 319.448792 243.516495 273.131226 332.501678 432.645752 477.061554 383.391602 275.761139 225.190918 268.316528 312.292480 357.405792 354.499237 280.946503 220.044800 200.136871,
 189.311829 211.877319 226.590073 242.301636 254.548508 253.859528 241.195282 208.874115 242.371338 284.984314 334.442596 358.200989 338.093994 294.053009 232.883850 295.611633 385.651245 472.162323 474.174255 393.799377 305.916321 272.229370 364.270447 484.869507 552.529846 484.869507 364.270447 272.229370 305.916321 393.799377 474.174255 472.162323 385.651245 295.611633 232.883850 294.053009 338.093994 358.200989 334.442596 284.984314 242.371338 208.874115 241.195282 253.859528 254.548508 242.301636 226.590073 211.877319 189.311829,
 9.318579 15.468412 19.105679 18.088413 13.132641 5.684985 -3.554879 20.675179 28.427658 33.447124 32.086769 24.628382 14.746422 5.037898 39.657421 56.284779 70.091469 71.827881 59.269619 40.473530 23.977692 42.964920 66.573074 91.187050 102.441467 91.187050 66.573074 42.964920 23.977692 40.473530 59.269619 71.827881 70.091469 56.284779 39.657421 5.037898 14.746422 24.628382 32.086769 33.447124 28.427658 20.675179 -3.554879 5.684985 13.132641 18.088413 19.105679 15.468412 9.318579,
 28.641579 31.132915 25.699671 13.855312 1.950745 -4.749486 -7.938521 44.620781 63.112022 69.664642 57.825775 37.782547 21.965799 11.273645 51.164150 85.089874 115.852745 115.236473 85.314308 53.613922 32.759724 47.253799 80.206474 123.356331 146.731018 123.356331 80.206474 47.253799 32.759724 53.613922 85.314308 115.236473 115.852745 85.089874 51.164150 11.273645 21.965799 37.782547 57.825775 69.664642 63.112022 44.620781 -7.938521 -4.749486 1.950745 13.855312 25.699671 31.132915 28.641579,
 -5.769575 5.387697 16.079943 18.031002 9.705210 4.289645 3.916563 -4.791598 5.593495 27.359871 39.933647 23.612896 7.011996 6.259519 3.300444 11.357558 46.103592 72.791580 44.536057 12.295735 9.893616 9.881137 15.034910 55.653076 90.182114 55.653076 15.034910 9.881137 9.893616 12.295735 44.536057 72.791580 46.103592 11.357558 3.300444 6.259519 7.011996 23.612896 39.933647 27.359871 5.593495 -4.791598 3.916563 4.289645 9.705210 18.031002 16.079943 5.387697 -5.769575,
 -3.334109 11.931751 24.280439 26.721323 20.187716 5.157858 -13.205099 -3.268734 14.014286 32.521645 43.788586 37.792603 13.199833 -11.198561 -0.256731 19.959757 49.234772 71.372612 61.197037 25.219206 -2.761790 1.442909 27.264557 67.767426 90.522186 67.767426 27.264557 1.442909 -2.761790 25.219206 61.197037 71.372612 49.234772 19.959757 -0.256731 -11.198561 13.199833 37.792603 43.788586 32.521645 14.014286 -3.268734 -13.205099 5.157858 20.187716 26.721323 24.280439 11.931751 -3.334109,

Pairwise cross-correlations of the modulus of all oriented sub-bands at the same scale (size QxQ)
 176.125946 116.095413 65.649185 117.512665,
 116.095413 177.255417 120.920807 74.171936,
 65.649185 120.920807 184.599365 118.956306,
 117.512665 74.171936 118.956306 177.897034,
 589.665527 446.242493 392.294586 428.056519,
 446.242493 523.152649 419.852295 352.488647,
 392.294586 419.852295 536.328491 399.974518,
 428.056519 352.488647 399.974518 506.323242,
 501.088135 348.505493 361.207092 410.608215,
 348.505493 503.220459 430.344757 318.393097,
 361.207092 430.344757 641.509766 416.631561,
 410.608215 318.393097 416.631561 552.529907,
 102.441475 80.065926 38.091457 48.633411,
 80.065926 146.731033 62.812202 31.225586,
 38.091457 62.812202 90.182114 56.511391,
 48.633411 31.225586 56.511391 90.522194,

Cross-correlations of the modulus of all oriented sub-bands with all oriented sub-bands at the coarser scale (size QxQ)
 275.615204 211.064316 169.926651 202.472977,
 232.198212 258.623108 224.335556 170.277023,
 186.028458 216.250092 268.113708 210.529419,
 233.001617 180.515610 220.365265 256.226318,
 411.865234 391.366425 410.828156 390.639679,
 370.220459 385.914978 405.047760 346.810028,
 339.672577 360.172455 454.470398 359.174683,
 349.223145 313.040863 398.498108 390.566681,
 141.297668 124.914078 78.439148 94.699883,
 112.533882 113.118965 71.465286 93.301727,
 148.482986 132.683472 99.791245 111.506462,
 136.706833 128.421494 106.215485 119.453239,

Cross-correlations of the real part of each oriented sub-band with both the real and imaginary part of all phase-doubled oriented sub-bands at the next coarser scale (Q matrices of size 1x2Q, which are computed and stored in a matrix of size Qx2Q)
 118.479599 45.783268 3.828118 47.815487 2.302585 -3.383927 0.076462 -1.434462,
 49.578621 95.992599 44.908905 5.628752 1.823987 -2.575369 0.653768 -0.447759,
 3.651830 45.541470 96.009201 40.666828 -0.097246 0.141122 0.742311 0.220615,
 51.604393 6.199044 39.582649 96.232422 -0.139558 -0.467098 0.592255 -0.522433,
 -135.256332 -47.826424 -5.008784 -56.605961 12.500731 -1.099776 -1.369227 3.732581,
 -49.868786 -130.124893 -75.788986 -12.434184 5.025523 -4.974203 8.060049 0.319518,
 -5.566973 -76.775146 -173.992661 -69.452667 -1.780579 5.727940 1.740186 -8.659100,
 -65.907364 -10.896264 -72.319794 -125.693481 -1.349484 3.893107 -14.554142 -7.103608,
 -104.347763 -22.866127 -0.897532 -16.379738 -21.604805 0.452275 -1.619004 0.221708,
 -54.847763 -23.689476 -25.760130 -5.525242 -18.090710 -24.622952 17.799177 -1.099972,
 -1.438167 -8.642966 -51.441719 -14.779284 -4.221761 -2.051242 30.645025 -22.618464,
 -27.892994 -4.356312 -16.440063 -25.487860 -5.911164 6.166879 4.195357 -25.133015,
