Low-band skewness and kurtosis
 -2.083752 5.681467,
 -2.153176 6.458310,
 -1.560134 4.503090,
 -1.195960 3.843769,
 -1.205739 3.904171,

High-band variance
 161.140076,

Skewness, kurtosis, variance, mean, maximum and minimum of the reconstructed texture
 -2.070718 5.435860 6998.218262 219.754578 255.000000 0.000000,

Auto-correlations of the low-frequency bands at each scale
 2789.090332 3414.746826 3816.376709 3881.854980 3603.976807 3081.492432 2434.438965 3282.448486 4135.203125 4829.252441 5051.300781 4647.949707 3855.837402 2992.891846 3594.712158 4709.741699 5799.763184 6251.418945 5691.386230 4547.275879 3431.054932 3653.623535 4895.291504 6199.710449 6802.586914 6199.710449 4895.291504 3653.623535 3431.054932 4547.275879 5691.386230 6251.418945 5799.763184 4709.741699 3594.712158 2992.891846 3855.837402 4647.949707 5051.300781 4829.252441 4135.203125 3282.448486 2434.438965 3081.492432 3603.976807 3881.854980 3816.376709 3414.746826 2789.090332,
 1163.130005 1278.309570 1467.074707 1443.498779 1150.662109 981.211853 1175.725464 1215.644043 1726.399902 2598.348389 2914.329590 2232.079834 1360.907715 1154.608398 1289.444092 2388.314209 4255.824707 5136.611816 4001.521973 2119.808838 1202.668701 1294.280029 2639.002930 5014.178711 6272.982910 5014.178711 2639.002930 1294.280029 1202.668701 2119.808838 4001.521973 5136.611816 4255.824707 2388.314209 1289.444092 1154.608398 1360.907715 2232.079834 2914.329590 2598.348389 1726.399902 1215.644043 1175.725464 981.211853 1150.662109 1443.498779 1467.074707 1278.309570 1163.130005,
 870.438965 1015.457520 953.942139 946.346313 1102.059082 1311.438477 1340.747314 814.227661 903.968872 1092.354614 1220.304565 1029.687378 956.786987 1026.066162 951.942932 1181.203857 2221.340820 2935.599365 2105.072266 1104.407959 923.611267 1038.393066 1418.666748 3017.439453 4164.882812 3017.439453 1418.666748 1038.393066 923.611267 1104.407959 2105.072266 2935.599365 2221.340820 1181.203857 951.942932 1026.066162 956.786987 1029.687378 1220.304565 1092.354614 903.968872 814.227661 1340.747314 1311.438477 1102.059082 946.346313 953.942139 1015.457520 870.438965,
 7.657928 326.970367 558.085510 736.723572 836.158875 802.303589 619.899780 72.177216 423.998566 750.930176 1044.382935 1096.291504 914.222168 612.980225 149.393021 605.354614 1264.530151 1749.006836 1517.264282 940.007446 483.917419 300.796143 842.235229 1696.994263 2205.278320 1696.994263 842.235229 300.796143 483.917419 940.007446 1517.264282 1749.006836 1264.530151 605.354614 149.393021 612.980225 914.222168 1096.291504 1044.382935 750.930176 423.998566 72.177216 619.899780 802.303589 836.158875 736.723572 558.085510 326.970367 7.657928,
 -519.202942 -362.464905 -158.435638 80.792786 324.958649 321.880432 -37.998611 -688.935913 -447.982727 74.147797 565.210022 692.594727 407.086609 -102.665619 -759.344299 -318.780914 567.136353 1204.948730 975.995483 231.555878 -393.109070 -676.299805 -58.534508 968.241333 1529.228516 968.241333 -58.534508 -676.299805 -393.109070 231.555878 975.995483 1204.948730 567.136353 -318.780914 -759.344299 -102.665619 407.086609 692.594727 565.210022 74.147797 -447.982727 -688.935913 -37.998611 321.880432 324.958649 80.792786 -158.435638 -362.464905 -519.202942,

Auto-correlations of the modulus of each oriented sub-band
 80.898178 88.872223 96.013573 98.512749 94.664101 86.345581 77.555984 101.176041 113.845657 125.020370 129.046829 123.494766 111.175705 97.937576 122.185677 140.044128 155.978394 162.137970 154.983704 138.339783 120.156853 130.875214 151.439514 170.209000 177.989136 170.209000 151.439514 130.875214 120.156853 138.339783 154.983704 162.137970 155.978394 140.044128 122.185677 97.937576 111.175705 123.494766 129.046829 125.020370 113.845657 101.176041 77.555984 86.345581 94.664101 98.512749 96.013573 88.872223 80.898178,
 99.317329 105.887505 108.457855 104.698662 95.314148 82.602669 68.819023 103.594276 120.344673 132.376144 132.682495 120.751907 101.469475 80.493324 104.462425 130.183990 151.747101 157.529190 144.055359 118.905090 91.619423 100.274765 129.857239 156.595840 168.010895 156.595840 129.857239 100.274765 91.619423 118.905090 144.055359 157.529190 151.747101 130.183990 104.462425 80.493324 101.469475 120.751907 132.682495 132.376144 120.344673 103.594276 68.819023 82.602669 95.314148 104.698662 108.457855 105.887505 99.317329,
 72.913002 90.721603 107.846352 115.247528 107.114861 88.477524 69.292244 78.398232 101.333900 124.289856 134.546997 123.578217 99.265800 75.109642 83.539238 111.100449 139.386414 152.473816 138.965149 109.863693 81.583504 85.036835 114.700172 145.441803 159.910522 145.441803 114.700172 85.036835 81.583504 109.863693 138.965149 152.473816 139.386414 111.100449 83.539238 75.109642 99.265800 123.578217 134.546997 124.289856 101.333900 78.398232 69.292244 88.477524 107.114861 115.247528 107.846352 90.721603 72.913002,
 88.223755 100.384132 111.906593 120.407684 124.420006 123.925606 120.272034 99.835571 120.446976 139.676590 151.423828 151.333206 140.319901 124.749496 111.216675 139.242828 165.299728 179.151932 173.184952 151.221527 124.992218 120.211021 150.971619 178.916824 190.879852 178.916824 150.971619 120.211021 124.992218 151.221527 173.184952 179.151932 165.299728 139.242828 111.216675 124.749496 140.319901 151.333206 151.423828 139.676590 120.446976 99.835571 120.272034 123.925606 124.420006 120.407684 111.906593 100.384132 88.223755,
 248.786331 268.812988 286.651367 298.814026 302.111877 296.185791 282.334808 317.048676 352.118988 382.556519 399.345886 396.021118 374.839813 342.701752 394.452728 451.953644 501.422058 524.785522 510.773560 467.058807 410.206879 435.916138 505.827942 564.545227 588.666687 564.545227 505.827942 435.916138 410.206879 467.058807 510.773560 524.785522 501.422058 451.953644 394.452728 342.701752 374.839813 396.021118 399.345886 382.556519 352.118988 317.048676 282.334808 296.185791 302.111877 298.814026 286.651367 268.812988 248.786331,
 254.606491 276.013062 273.618286 249.425720 215.740097 185.565903 164.523758 284.516235 331.586731 348.451538 322.923767 268.557068 213.876663 176.210754 281.758881 357.712555 413.131134 410.423767 348.139740 267.140350 203.397064 245.967773 329.182312 414.740356 454.175201 414.740356 329.182312 245.967773 203.397064 267.140350 348.139740 410.423767 413.131134 357.712555 281.758881 176.210754 213.876663 268.557068 322.923767 348.451538 331.586731 284.516235 164.523758 185.565903 215.740097 249.425720 273.618286 276.013062 254.606491,
 159.587906 214.697235 284.171875 319.975281 289.382263 227.236603 181.408554 170.762085 237.319641 326.603333 374.193420 331.325256 248.784515 189.383575 180.800140 256.680054 364.042175 423.228333 367.002136 263.827881 191.702728 188.394882 267.065674 380.970459 444.788177 380.970459 267.065674 188.394882 191.702728 263.827881 367.002136 423.228333 364.042175 256.680054 180.800140 189.383575 248.784515 331.325256 374.193420 326.603333 237.319641 170.762085 181.408554 227.236603 289.382263 319.975281 284.171875 214.697235 159.587906,
 248.143921 280.008850 318.754486 360.317413 393.769562 404.102356 382.856873 275.318024 325.356812 388.248199 448.258179 478.211761 461.650940 407.434296 316.930206 392.436920 480.714172 545.614136 546.883240 485.909271 400.189301 364.539581 458.013489 550.245300 591.820740 550.245300 458.013489 364.539581 400.189301 485.909271 546.883240 545.614136 480.714172 392.436920 316.930206 407.434296 461.650940 478.211761 448.258179 388.248199 325.356812 275.318024 382.856873 404.102356 393.769562 360.317413 318.754486 280.008850 248.143921,
 107.376526 130.363953 143.587082 150.582321 154.098373 151.227295 136.601471 138.508453 177.463425 206.943024 220.717346 212.678558 184.486862 148.698334 193.130753 265.827637 334.520416 363.069153 328.149506 251.701920 178.124954 217.367294 313.828613 416.512146 464.012085 416.512146 313.828613 217.367294 178.124954 251.701920 328.149506 363.069153 334.520416 265.827637 193.130753 148.698334 184.486862 212.678558 220.717346 206.943024 177.463425 138.508453 136.601471 151.227295 154.098373 150.582321 143.587082 130.363953 107.376526,
 132.200897 161.885117 167.978638 144.382004 119.125130 106.126663 99.336029 171.112076 230.017029 265.431213 238.642410 179.626282 134.542725 106.489120 175.618988 264.553009 354.936127 360.134766 272.333771 181.440796 125.569679 152.647339 237.669189 357.535461 425.035034 357.535461 237.669189 152.647339 125.569679 181.440796 272.333771 360.134766 354.936127 264.553009 175.618988 106.489120 134.542725 179.626282 238.642410 265.431213 230.017029 171.112076 99.336029 106.126663 119.125130 144.382004 167.978638 161.885117 132.200897,
 148.471359 196.369736 272.985901 333.784790 316.423645 268.369293 235.508621 191.507950 249.506729 356.564667 436.549988 391.279816 298.417480 241.878036 222.911514 293.645996 432.971985 530.521912 452.780212 317.797363 244.109177 239.462372 317.839783 471.061096 570.638977 471.061096 317.839783 239.462372 244.109177 317.797363 452.780212 530.521912 432.971985 293.645996 222.911514 241.878036 298.417480 391.279816 436.549988 356.564667 249.506729 191.507950 235.508621 268.369293 316.423645 333.784790 272.985901 196.369736 148.471359,
 176.477905 201.657211 239.635223 293.409729 323.923126 296.547058 240.458282 212.099899 241.830841 303.131958 386.516174 404.761475 330.821320 244.152634 235.716476 286.746552 400.319031 513.533020 487.960266 355.130951 250.454391 248.456696 335.869324 490.138367 582.998047 490.138367 335.869324 248.456696 250.454391 355.130951 487.960266 513.533020 400.319031 286.746552 235.716476 244.152634 330.821320 404.761475 386.516174 303.131958 241.830841 212.099899 240.458282 296.547058 323.923126 293.409729 239.635223 201.657211 176.477905,
 -10.061627 -11.448150 -10.362318 -10.463677 -13.436735 -15.822360 -14.125781 -13.214174 -4.936558 5.825747 11.719172 8.374850 -0.029033 -7.494486 -2.657869 18.314388 42.616451 55.303688 46.450748 23.940296 1.203503 7.903820 38.079418 71.182434 86.873978 71.182434 38.079418 7.903820 1.203503 23.940296 46.450748 55.303688 42.616451 18.314388 -2.657869 -7.494486 -0.029033 8.374850 11.719172 5.825747 -4.936558 -13.214174 -14.125781 -15.822360 -13.436735 -10.463677 -10.362318 -11.448150 -10.061627,
 0.012566 13.449801 29.550629 37.066441 33.737396 24.372639 13.987103 10.602001 37.152687 66.871292 75.424324 61.879333 41.887093 25.518585 21.560452 58.922779 107.895782 123.522415 94.456696 54.513943 28.698376 27.245871 63.579975 118.875046 149.740417 118.875046 63.579975 27.245871 28.698376 54.513943 94.456696 123.522415 107.895782 58.922779 21.560452 25.518585 41.887093 61.879333 75.424324 66.871292 37.152687 10.602001 13.987103 24.372639 33.737396 37.066441 29.550629 13.449801 0.012566,
 0.393909 23.389259 35.510227 44.937923 44.064945 29.762764 18.446350 3.052093 31.631693 57.859261 72.962128 58.026573 32.951111 20.132111 5.155661 34.940971 79.226952 107.746132 76.955208 36.073402 17.482630 10.441485 36.896626 88.271782 126.434486 88.271782 36.896626 10.441485 17.482630 36.073402 76.955208 107.746132 79.226952 34.940971 5.155661 20.132111 32.951111 58.026573 72.962128 57.859261 31.631693 3.052093 18.446350 29.762764 44.064945 44.937923 35.510227 23.389259 0.393909,
 12.265416 21.995125 23.434788 22.063072 15.071255 3.622378 -4.229684 10.158466 23.672838 35.218346 44.254528 37.784050 16.605921 0.772435 9.215637 33.444527 63.946739 86.606079 72.919823 35.307625 8.803066 12.242485 43.720490 88.764473 114.930145 88.764473 43.720490 12.242485 8.803066 35.307625 72.919823 86.606079 63.946739 33.444527 9.215637 0.772435 16.605921 37.784050 44.254528 35.218346 23.672838 10.158466 -4.229684 3.622378 15.071255 22.063072 23.434788 21.995125 12.265416,

Pairwise cross-correlations of the modulus of all oriented sub-bands at the same scale (size QxQ)
 177.989182 113.557747 67.616241 128.354279,
 113.557747 168.010895 108.570251 75.330833,
 67.616241 108.570251 159.910538 116.364639,
 128.354279 75.330833 116.364639 190.879852,
 588.666687 403.267151 360.488098 470.687012,
 403.267151 454.175262 351.390625 369.062042,
 360.488098 351.390625 444.788177 407.602875,
 470.687012 369.062042 407.602875 591.820801,
 464.012146 323.877991 312.021484 379.917572,
 323.877991 425.035065 358.113220 316.499695,
 312.021484 358.113220 570.639038 441.427277,
 379.917572 316.499695 441.427277 582.998047,
 86.873978 41.312866 19.017754 45.525517,
 41.312866 149.740433 64.960999 13.628170,
 19.017754 64.960999 126.434509 54.722649,
 45.525517 13.628170 54.722649 114.930145,

Cross-correlations of the modulus of all oriented sub-bands with all oriented sub-bands at the coarser scale (size QxQ)
 273.227936 195.388489 156.380844 233.861633,
 223.806030 236.728882 191.136414 189.382370,
 177.816101 188.253082 227.357651 220.663452,
 239.442749 168.276047 204.355896 285.673309,
 369.080627 322.437897 340.109711 382.367584,
 300.447327 331.474396 335.924042 321.517700,
 264.789062 279.407318 362.200745 342.768066,
 332.790070 287.764191 381.383698 412.007080,
 107.089333 101.670174 95.940842 112.177292,
 93.612663 120.419701 107.425430 93.943283,
 75.056915 78.009354 130.877563 110.094055,
 88.815445 69.037743 118.794060 126.366127,

Cross-correlations of the real part of each oriented sub-band with both the real and imaginary part of all phase-doubled oriented sub-bands at the next coarser scale (Q matrices of size 1x2Q, which are computed and stored in a matrix of size Qx2Q)
 131.112732 45.590038 4.187291 65.108147 4.125347 -0.503674 -0.018497 -0.691110,
 48.016830 88.254326 33.765221 6.200942 0.364374 0.349731 -0.064312 0.793755,
 5.727606 35.620880 81.676422 45.262768 -0.579490 0.529262 1.667418 2.852589,
 68.344696 5.481295 40.458477 121.633743 1.900491 -0.401320 2.060856 1.186940,
 -165.330780 -55.582489 -5.947286 -65.373711 20.808203 -2.585702 0.493284 -13.948656,
 -64.298943 -97.144257 -42.659546 -9.876331 -1.234711 4.083718 6.473754 -0.788666,
 -9.997902 -43.824936 -111.077278 -60.305069 0.635353 8.131894 11.773954 -0.001863,
 -87.353638 -10.142756 -56.291306 -132.500870 20.689693 3.356627 4.144135 -13.372269,
 -72.851707 -39.651863 -3.803112 -32.630783 -2.873751 9.982961 -4.490386 -8.737099,
 -38.016949 -63.244469 -6.841710 -4.038297 -1.665992 3.882851 8.803520 -0.455621,
 -3.075078 -15.810869 -35.413105 -39.192978 -1.629987 -5.558399 36.504768 -17.607128,
 -29.047010 -1.057961 -29.614702 -77.088120 -2.365250 1.510806 9.074830 -34.113285,
