Low-band skewness and kurtosis
 -2.339993 6.798862,
 -2.381794 7.408178,
 -1.959334 5.889689,
 -1.728620 5.153965,
 -1.635355 5.012280,

High-band variance
 127.641823,

Skewness, kurtosis, variance, mean, maximum and minimum of the reconstructed texture
 -2.325492 6.549656 6263.604980 224.600342 255.000000 0.000000,

Auto-correlations of the low-frequency bands at each scale
 2935.630859 3417.154053 3815.234131 4001.882568 3901.464600 3569.598877 3109.882324 3362.838867 3990.379150 4566.896484 4833.799805 4617.875000 4079.901611 3461.303711 3665.806396 4479.199707 5312.761230 5703.506836 5334.898926 4519.517090 3712.006104 3790.561523 4695.155762 5656.985840 6107.619141 5656.985840 4695.155762 3790.561523 3712.006104 4519.517090 5334.898926 5703.506836 5312.761230 4479.199707 3665.806396 3461.303711 4079.901611 4617.875000 4833.799805 4566.896484 3990.379150 3362.838867 3109.882324 3569.598877 3901.464600 4001.882568 3815.234131 3417.154053 2935.630859,
 1662.428955 1710.386108 1991.475830 2243.559814 2260.597412 2154.653320 2124.265381 1813.789062 2101.130371 2822.763184 3301.769531 3032.302246 2388.922363 2027.173828 1951.504028 2711.824219 4105.849609 4881.477539 4191.397461 2800.751465 1966.137085 1989.572998 3035.889160 4785.647461 5696.664062 4785.647461 3035.889160 1989.572998 1966.137085 2800.751465 4191.397461 4881.477539 4105.849609 2711.824219 1951.504028 2027.173828 2388.922363 3032.302246 3301.769531 2822.763184 2101.130371 1813.789062 2124.265381 2154.653320 2260.597412 2243.559814 1991.475830 1710.386108 1662.428955,
 1147.218018 1197.402954 1236.831299 1379.368652 1523.422119 1722.347046 1777.354248 1518.731323 1516.813477 1647.482544 1942.401855 1917.207397 1889.657471 1974.083618 1706.911743 1865.687988 2612.868896 3303.148926 2794.683838 2075.304443 1973.919556 1836.537842 2122.263672 3292.530518 4164.408203 3292.530518 2122.263672 1836.537842 1973.919556 2075.304443 2794.683838 3303.148926 2612.868896 1865.687988 1706.911743 1974.083618 1889.657471 1917.207397 1942.401855 1647.482544 1516.813477 1518.731323 1777.354248 1722.347046 1523.422119 1379.368652 1236.831299 1197.402954 1147.218018,
 -392.039337 -130.744202 210.040192 687.992249 1156.154175 1412.718018 1371.993774 51.563293 393.779541 785.556030 1208.698975 1479.608765 1505.124390 1290.630615 514.366577 1073.166382 1764.757568 2234.154053 2110.960693 1613.608276 1114.544556 892.259399 1577.010010 2430.513184 2864.819092 2430.513184 1577.010010 892.259399 1114.544556 1613.608276 2110.960693 2234.154053 1764.757568 1073.166382 514.366577 1290.630615 1505.124390 1479.608765 1208.698975 785.556030 393.779541 51.563293 1371.993774 1412.718018 1156.154175 687.992249 210.040192 -130.744202 -392.039337,
 -522.469360 -846.937500 -989.949707 -680.832214 -82.182129 276.459869 158.832306 -745.190186 -857.834534 -531.317261 226.954803 868.334717 848.703308 269.657776 -758.405884 -349.865387 577.916443 1497.146240 1635.222900 919.780762 -18.964447 -481.079987 412.823761 1576.340942 2145.365723 1576.340942 412.823761 -481.079987 -18.964447 919.780762 1635.222900 1497.146240 577.916443 -349.865387 -758.405884 269.657776 848.703308 868.334717 226.954803 -531.317261 -857.834534 -745.190186 158.832306 276.459869 -82.182129 -680.832214 -989.949707 -846.937500 -522.469360,

Auto-correlations of the modulus of each oriented sub-band
 89.341232 95.728790 101.255836 103.295479 100.668831 94.627289 87.905991 102.067101 113.075409 122.814926 126.726654 122.807388 113.111633 102.157478 116.039757 132.032669 146.323364 152.178665 146.519897 132.470139 116.651802 122.751846 141.079437 157.595871 164.410690 157.595871 141.079437 122.751846 116.651802 132.470139 146.519897 152.178665 146.323364 132.032669 116.039757 102.157478 113.111633 122.807388 126.726654 122.814926 113.075409 102.067101 87.905991 94.627289 100.668831 103.295479 101.255836 95.728790 89.341232,
 91.161926 94.671127 96.349388 94.578331 89.368996 82.104340 74.613983 96.839684 108.165810 116.608757 116.841797 108.331291 95.101891 81.908699 99.401115 117.930527 134.093948 138.297791 127.652908 108.907120 90.210884 96.936310 118.190987 138.732468 147.841217 138.732468 118.190987 96.936310 90.210884 108.907120 127.652908 138.297791 134.093948 117.930527 99.401115 81.908699 95.101891 108.331291 116.841797 116.608757 108.165810 96.839684 74.613983 82.104340 89.368996 94.578331 96.349388 94.671127 91.161926,
 67.772064 79.241798 91.454872 97.397514 92.289482 80.656090 69.201752 74.309433 89.371605 105.832085 114.000084 106.723381 90.483742 75.057938 80.308357 98.684998 119.003593 129.145691 119.626976 99.347244 80.628075 82.851685 102.724686 124.636795 135.423660 124.636795 102.724686 82.851685 80.628075 99.347244 119.626976 129.145691 119.003593 98.684998 80.308357 75.057938 90.483742 106.723381 114.000084 105.832085 89.371605 74.309433 69.201752 80.656090 92.289482 97.397514 91.454872 79.241798 67.772064,
 77.176605 85.839012 93.092316 97.889305 99.271347 97.271461 93.289948 84.959221 99.182709 112.015892 119.697220 118.914635 110.212769 98.189369 92.269333 112.052422 130.482346 140.365814 135.900314 119.687508 100.176605 97.909851 120.304184 140.704025 149.461304 140.704025 120.304184 97.909851 100.176605 119.687508 135.900314 140.365814 130.482346 112.052422 92.269333 98.189369 110.212769 118.914635 119.697220 112.015892 99.182709 84.959221 93.289948 97.271461 99.271347 97.889305 93.092316 85.839012 77.176605,
 271.322754 286.914856 296.710785 299.383484 295.226959 286.108459 273.971375 320.571289 346.634918 366.030518 372.147400 362.729919 342.789886 319.057007 373.089783 413.494568 447.226868 459.586395 443.660339 408.947693 369.659851 395.487915 443.416687 485.872925 503.897827 485.872925 443.416687 395.487915 369.659851 408.947693 443.660339 459.586395 447.226868 413.494568 373.089783 319.057007 342.789886 362.729919 372.147400 366.030518 346.634918 320.571289 273.971375 286.108459 295.226959 299.383484 296.710785 286.914856 271.322754,
 275.883942 298.182220 301.714264 284.738098 255.568451 225.600861 201.019196 303.358032 342.652191 361.455078 348.237427 309.203613 263.263580 224.184814 309.923035 367.485229 410.791718 413.943298 372.632355 312.337280 257.114685 291.432739 355.536377 417.180298 444.894073 417.180298 355.536377 291.432739 257.114685 312.337280 372.632355 413.943298 410.791718 367.485229 309.923035 224.184814 263.263580 309.203613 348.237427 361.455078 342.652191 303.358032 201.019196 225.600861 255.568451 284.738098 301.714264 298.182220 275.883942,
 160.220993 200.436340 248.984436 267.211548 239.767700 194.166229 159.354477 165.644730 217.545609 284.189178 313.522217 277.393219 214.117142 166.771744 169.983063 231.519211 313.707397 353.963135 309.990356 230.051712 171.239655 172.226593 236.724823 324.539307 370.837616 324.539307 236.724823 172.226593 171.239655 230.051712 309.990356 353.963135 313.707397 231.519211 169.983063 166.771744 214.117142 277.393219 313.522217 284.189178 217.545609 165.644730 159.354477 194.166229 239.767700 267.211548 248.984436 200.436340 160.220993,
 190.707397 200.406311 220.148392 247.489670 273.655273 287.265839 281.016022 202.917038 230.402267 273.389557 318.292938 343.524628 336.170013 302.595520 227.670380 279.258484 344.979584 395.854309 399.627411 356.205139 295.498688 264.001862 331.439758 400.654358 432.359497 400.654358 331.439758 264.001862 295.498688 356.205139 399.627411 395.854309 344.979584 279.258484 227.670380 302.595520 336.170013 343.524628 318.292938 273.389557 230.402267 202.917038 281.016022 287.265839 273.655273 247.489670 220.148392 200.406311 190.707397,
 139.262146 164.778091 182.641663 199.185654 215.319397 226.047226 227.288849 198.887589 238.508636 264.117249 277.469574 280.151428 271.727509 251.540848 251.381332 318.715332 372.886780 394.236115 375.960510 330.022339 275.387543 278.085693 358.016846 431.374237 462.982605 431.374237 358.016846 278.085693 275.387543 330.022339 375.960510 394.236115 372.886780 318.715332 251.381332 251.540848 271.727509 280.151428 277.469574 264.117249 238.508636 198.887589 227.288849 226.047226 215.319397 199.185654 182.641663 164.778091 139.262146,
 146.738419 161.783981 171.522369 172.029938 166.756073 165.174362 164.089340 195.448303 237.034332 267.347260 261.558563 224.356094 188.408600 164.712830 217.883545 287.205383 357.688080 370.904175 309.512421 234.605850 183.061951 208.344086 280.674377 374.508118 425.320465 374.508118 280.674377 208.344086 183.061951 234.605850 309.512421 370.904175 357.688080 287.205383 217.883545 164.712830 188.408600 224.356094 261.558563 267.347260 237.034332 195.448303 164.089340 165.174362 166.756073 172.029938 171.522369 161.783981 146.738419,
 95.183929 115.753632 148.690277 173.043732 161.915588 142.839478 143.081116 115.359123 155.621597 216.623932 253.126343 216.902191 165.884811 143.637604 128.855133 184.094833 272.449982 326.349426 267.876556 184.986374 140.819031 136.239670 193.429382 291.882629 357.477997 291.882629 193.429382 136.239670 140.819031 184.986374 267.876556 326.349426 272.449982 184.094833 128.855133 143.637604 165.884811 216.902191 253.126343 216.623932 155.621597 115.359123 143.081116 142.839478 161.915588 173.043732 148.690277 115.753632 95.183929,
 69.047058 91.508507 119.889374 162.501846 206.468475 226.711151 217.661743 96.667694 132.233643 182.085693 245.491425 286.445251 277.750854 238.980042 140.028229 197.579895 275.744354 351.021301 360.843719 306.111816 238.075928 196.965500 272.419281 360.660858 407.781311 360.660858 272.419281 196.965500 238.075928 306.111816 360.843719 351.021301 275.744354 197.579895 140.028229 238.980042 277.750854 286.445251 245.491425 182.085693 132.233643 96.667694 217.661743 226.711151 206.468475 162.501846 119.889374 91.508507 69.047058,
 -22.322670 -8.654416 5.880571 18.237858 26.618528 29.926044 27.940731 -13.942538 3.333157 22.081020 36.587120 42.417225 38.994884 28.476944 1.872821 24.707245 48.985188 63.842613 61.580555 45.563309 24.845917 18.300611 45.180817 71.991280 83.987740 71.991280 45.180817 18.300611 24.845917 45.563309 61.580555 63.842613 48.985188 24.707245 1.872821 28.476944 38.994884 42.417225 36.587120 22.081020 3.333157 -13.942538 27.940731 29.926044 26.618528 18.237858 5.880571 -8.654416 -22.322670,
 -14.481718 0.830841 12.959775 21.897583 28.140888 33.183426 35.962051 -0.087105 28.954262 51.574787 58.825287 55.306179 50.093987 44.530491 16.218897 54.149857 91.832985 103.646408 85.542107 62.393936 43.884041 32.571812 64.846848 104.508224 126.301704 104.508224 64.846848 32.571812 43.884041 62.393936 85.542107 103.646408 91.832985 54.149857 16.218897 44.530491 50.093987 55.306179 58.825287 51.574787 28.954262 -0.087105 35.962051 33.183426 28.140888 21.897583 12.959775 0.830841 -14.481718,
 -42.257027 -5.009125 38.767128 75.081741 86.505608 80.021423 65.509544 -18.562441 25.283726 81.571716 126.614494 127.242371 99.684814 66.824478 7.745544 58.707420 126.587891 174.619278 155.392639 102.312538 53.967400 32.966583 87.095993 156.078705 195.683929 156.078705 87.095993 32.966583 53.967400 102.312538 155.392639 174.619278 126.587891 58.707420 7.745544 66.824478 99.684814 127.242371 126.614494 81.571716 25.283726 -18.562441 65.509544 80.021423 86.505608 75.081741 38.767128 -5.009125 -42.257027,
 -25.458769 -7.035482 15.722890 33.625603 42.009460 43.850052 41.154465 -5.303181 21.733891 54.339119 79.306473 83.955711 72.826523 54.643421 16.057909 53.514412 98.329132 128.563873 121.530441 90.246254 55.453918 39.579075 82.006561 128.574097 152.227509 128.574097 82.006561 39.579075 55.453918 90.246254 121.530441 128.563873 98.329132 53.514412 16.057909 54.643421 72.826523 83.955711 79.306473 54.339119 21.733891 -5.303181 41.154465 43.850052 42.009460 33.625603 15.722890 -7.035482 -25.458769,

Pairwise cross-correlations of the modulus of all oriented sub-bands at the same scale (size QxQ)
 164.410690 109.284004 71.358398 112.824532,
 109.284004 147.841248 101.234436 74.282593,
 71.358398 101.234436 135.423676 100.359802,
 112.824532 74.282593 100.359802 149.461319,
 503.897888 386.390564 311.346802 385.677551,
 386.390564 444.894104 333.299194 316.428680,
 311.346802 333.299194 370.837585 323.860352,
 385.677551 316.428680 323.860352 432.359558,
 462.982666 356.638428 254.154449 318.544495,
 356.638428 425.320496 269.970825 253.394562,
 254.154449 269.970825 357.478027 292.981323,
 318.544495 253.394562 292.981323 407.781342,
 83.987747 65.085236 56.934700 70.647263,
 65.085236 126.301720 86.764381 54.583122,
 56.934700 86.764381 195.683929 113.673264,
 70.647263 54.583122 113.673264 152.227509,

Cross-correlations of the modulus of all oriented sub-bands with all oriented sub-bands at the coarser scale (size QxQ)
 247.941864 189.885284 145.342316 193.065430,
 205.133072 218.226990 171.263260 160.231064,
 161.587280 179.718079 192.671509 176.837555,
 199.973694 160.009186 169.582764 220.343445,
 369.191406 355.615356 252.945282 293.407043,
 332.103943 343.508179 276.833649 272.074005,
 275.164581 287.500519 283.338470 279.617218,
 322.377502 297.250153 272.973389 327.040771,
 108.672089 84.586182 145.615341 158.023956,
 108.726555 123.216309 181.361313 149.485291,
 97.724182 106.911644 179.110580 151.540192,
 103.130928 89.346237 161.067230 139.180496,

Cross-correlations of the real part of each oriented sub-band with both the real and imaginary part of all phase-doubled oriented sub-bands at the next coarser scale (Q matrices of size 1x2Q, which are computed and stored in a matrix of size Qx2Q)
 88.919243 36.441132 2.536719 37.661461 0.099206 -2.414606 -0.614218 0.638404,
 39.547810 70.155769 26.361544 4.547822 -1.020935 -7.844536 -1.390296 0.224742,
 4.180293 27.231920 64.121605 30.798967 -0.718675 -3.578799 1.215157 2.264302,
 40.602730 3.903587 30.262402 73.959328 -0.107114 -0.270278 1.038635 3.285722,
 -74.008408 -28.677221 -0.831770 -30.861399 7.301513 15.118291 1.434944 -11.367049,
 -33.926678 -55.211864 -17.700089 -1.966922 12.115123 9.009037 -1.479274 -0.519016,
 -1.764289 -16.598883 -44.750175 -35.167610 1.237623 -6.460893 4.083481 7.032071,
 -32.275146 -0.539021 -23.047972 -75.933075 0.070082 1.398387 6.879158 -7.985347,
 -27.661320 -25.779263 -3.945029 -4.790108 5.171449 1.997501 -2.627799 -14.229830,
 -24.839613 -59.916897 -41.197792 1.240476 7.906456 23.571613 13.826040 5.367386,
 -2.769996 -30.675385 -67.139618 -15.736906 3.412721 14.358506 51.861969 9.170735,
 -2.490910 -3.177745 -21.331711 -28.051155 6.438697 0.865053 18.134985 -20.920403,
