Low-band skewness and kurtosis
 -2.207597 6.208610,
 -2.265019 6.935831,
 -1.693952 4.816381,
 -1.280000 3.805684,
 -1.054202 2.996585,

High-band variance
 146.729416,

Skewness, kurtosis, variance, mean, maximum and minimum of the reconstructed texture
 -2.194102 5.958825 6636.167969 222.215210 255.000000 0.000000,

Auto-correlations of the low-frequency bands at each scale
 2660.791504 3299.593018 3775.902832 3954.208984 3786.679199 3347.096436 2732.440918 3126.498291 3932.791992 4647.116699 4955.853516 4665.283691 3973.278809 3166.634521 3468.729736 4485.009766 5511.440918 5983.810547 5522.430176 4504.185547 3480.829834 3600.462402 4725.875977 5907.371582 6457.424805 5907.371582 4725.875977 3600.462402 3480.829834 4504.185547 5522.430176 5983.810547 5511.440918 4485.009766 3468.729736 3166.634521 3973.278809 4665.283691 4955.853516 4647.116699 3932.791992 3126.498291 2732.440918 3347.096436 3786.679199 3954.208984 3775.902832 3299.593018 2660.791504,
 934.139893 1204.104736 1590.960205 1786.551392 1620.035156 1294.065430 1060.702637 992.510925 1612.228516 2605.981689 3130.102539 2644.887451 1685.742676 1075.816284 1121.996582 2267.463135 4077.054199 5014.501953 4101.295898 2306.227295 1162.959717 1212.116577 2629.346680 4838.550781 5968.587891 4838.550781 2629.346680 1212.116577 1162.959717 2306.227295 4101.295898 5014.501953 4077.054199 2267.463135 1121.996582 1075.816284 1685.742676 2644.887451 3130.102539 2605.981689 1612.228516 992.510925 1060.702637 1294.065430 1620.035156 1786.551392 1590.960205 1204.104736 934.139893,
 1075.250000 784.354431 446.872833 609.314026 958.678467 1063.664795 999.667236 1201.478394 801.326050 930.977905 1353.731934 1164.187134 819.566895 996.008667 1181.635254 966.802490 2130.230713 3154.788086 2176.484619 851.808228 954.354065 1053.861084 1062.724365 2901.299072 4283.284668 2901.299072 1062.724365 1053.861084 954.354065 851.808228 2176.484619 3154.788086 2130.230713 966.802490 1181.635254 996.008667 819.566895 1164.187134 1353.731934 930.977905 801.326050 1201.478394 999.667236 1063.664795 958.678467 609.314026 446.872833 784.354431 1075.250000,
 -53.422089 239.253815 408.813934 490.452637 606.267212 746.628784 794.220093 221.672363 489.474823 691.923706 768.364685 721.530029 733.141113 816.897461 529.780945 863.516418 1304.360474 1564.442749 1346.959351 1054.040771 940.301819 866.452271 1221.885864 1788.531494 2143.703125 1788.531494 1221.885864 866.452271 940.301819 1054.040771 1346.959351 1564.442749 1304.360474 863.516418 529.780945 816.897461 733.141113 721.530029 768.364685 691.923706 489.474823 221.672363 794.220093 746.628784 606.267212 490.452637 408.813934 239.253815 -53.422089,
 -504.219238 -739.143677 -748.721130 -522.817200 -208.896790 -2.614960 -1.679932 -526.205444 -556.909912 -272.917999 153.355225 489.265228 543.773682 268.613312 -387.099792 -52.417145 563.493774 1036.495361 1077.144409 733.120483 209.978699 -103.103836 481.743073 1164.276245 1479.222412 1164.276245 481.743073 -103.103836 209.978699 733.120483 1077.144409 1036.495361 563.493774 -52.417145 -387.099792 268.613312 543.773682 489.265228 153.355225 -272.917999 -556.909912 -526.205444 -1.679932 -2.614960 -208.896790 -522.817200 -748.721130 -739.143677 -504.219238,

Auto-correlations of the modulus of each oriented sub-band
 90.762398 98.778465 106.755417 110.401093 107.772141 100.688637 93.132408 110.036346 122.493782 134.091705 138.796738 133.986115 122.439262 110.093048 128.487656 145.968796 161.886520 168.174133 161.269058 145.032669 127.528404 135.936691 155.959381 174.427338 182.067368 174.427338 155.959381 135.936691 127.528404 145.032669 161.269058 168.174133 161.886520 145.968796 128.487656 110.093048 122.439262 133.986115 138.796738 134.091705 122.493782 110.036346 93.132408 100.688637 107.772141 110.401093 106.755417 98.778465 90.762398,
 102.257996 109.155434 112.542686 110.006783 101.747475 89.855675 77.061981 106.454292 122.589798 134.393433 135.265305 124.380310 106.250168 86.748665 107.561859 131.887543 152.311050 157.948853 145.385117 121.699310 96.219452 103.886612 131.688080 156.941666 167.745987 156.941666 131.688080 103.886612 96.219452 121.699310 145.385117 157.948853 152.311050 131.887543 107.561859 86.748665 106.250168 124.380310 135.265305 134.393433 122.589798 106.454292 77.061981 89.855675 101.747475 110.006783 112.542686 109.155434 102.257996,
 68.757561 83.592148 97.645210 103.393066 95.823082 80.026093 64.557793 75.940353 95.576950 115.051262 123.504379 113.535851 92.660599 72.424774 82.148682 106.076630 130.532959 141.742905 129.699554 104.473206 80.172607 84.024658 109.815598 136.570007 149.267944 136.570007 109.815598 84.024658 80.172607 104.473206 129.699554 141.742905 130.532959 106.076630 82.148682 72.424774 92.660599 113.535851 123.504379 115.051262 95.576950 75.940353 64.557793 80.026093 95.823082 103.393066 97.645210 83.592148 68.757561,
 74.492355 86.139259 97.607399 106.300598 109.937767 107.963112 102.391922 84.535751 102.792801 120.680382 132.151794 132.181335 121.151611 105.547104 93.861923 118.668495 142.603088 155.777893 150.465393 129.951309 105.535507 101.346947 129.113617 154.814987 165.894775 154.814987 129.113617 101.346947 105.535507 129.951309 150.465393 155.777893 142.603088 118.668495 93.861923 105.547104 121.151611 132.181335 132.151794 120.680382 102.792801 84.535751 102.391922 107.963112 109.937767 106.300598 97.607399 86.139259 74.492355,
 210.740616 222.178528 232.810318 240.180756 242.698715 241.545166 238.560135 260.749176 284.076019 305.903412 319.039795 318.535492 307.304901 291.428558 328.630066 367.487183 403.194763 421.311340 412.281982 383.332642 348.131531 368.346527 415.074799 456.892517 474.892273 456.892517 415.074799 368.346527 348.131531 383.332642 412.281982 421.311340 403.194763 367.487183 328.630066 291.428558 307.304901 318.535492 319.039795 305.903412 284.076019 260.749176 238.560135 241.545166 242.698715 240.180756 232.810318 222.178528 210.740616,
 239.796249 266.191345 267.707245 244.215881 209.043732 178.780518 162.671646 256.076233 305.232452 329.861267 313.498657 266.684143 216.415497 182.451172 253.190872 321.762146 378.355682 383.561157 332.260773 261.567200 207.150253 233.366455 303.639374 380.483765 416.397156 380.483765 303.639374 233.366455 207.150253 261.567200 332.260773 383.561157 378.355682 321.762146 253.190872 182.451172 216.415497 266.684143 313.498657 329.861267 305.232452 256.076233 162.671646 178.780518 209.043732 244.215881 267.707245 266.191345 239.796249,
 144.954193 194.634232 245.843933 266.559540 240.964905 191.635300 153.486969 154.360962 215.663300 284.370148 313.811584 278.086578 211.053528 160.142334 160.820679 230.748138 316.220459 356.423523 311.762390 227.651398 163.927917 164.113968 235.395004 327.500671 374.585114 327.500671 235.395004 164.113968 163.927917 227.651398 311.762390 356.423523 316.220459 230.748138 160.820679 160.142334 211.053528 278.086578 313.811584 284.370148 215.663300 154.360962 153.486969 191.635300 240.964905 266.559540 245.843933 194.634232 144.954193,
 155.095734 174.557953 204.313553 238.639954 265.670105 274.841095 263.580872 183.162689 217.636520 264.328918 309.939117 333.261414 324.657715 293.416534 223.292053 276.137329 340.082855 388.533508 391.100861 350.855713 295.982605 267.220215 331.077026 396.550507 426.885925 396.550507 331.077026 267.220215 295.982605 350.855713 391.100861 388.533508 340.082855 276.137329 223.292053 293.416534 324.657715 333.261414 309.939117 264.328918 217.636520 183.162689 263.580872 274.841095 265.670105 238.639954 204.313553 174.557953 155.095734,
 240.236786 286.574219 322.916870 352.114746 373.036011 379.944702 366.755341 314.941345 370.847137 415.171967 438.813538 439.542633 421.526337 389.935486 404.244690 492.120544 567.956970 597.775391 568.975891 503.149475 429.790955 452.323242 558.974121 658.136475 700.874390 658.136475 558.974121 452.323242 429.790955 503.149475 568.975891 597.775391 567.956970 492.120544 404.244690 389.935486 421.526337 439.542633 438.813538 415.171967 370.847137 314.941345 366.755341 379.944702 373.036011 352.114746 322.916870 286.574219 240.236786,
 182.274765 214.098663 233.085876 237.645340 240.335571 251.366486 264.720032 236.737930 301.215515 342.792389 330.550873 288.119476 262.244568 261.509247 266.394836 359.966888 453.705017 463.127563 383.231628 299.402191 261.377747 268.560272 349.930664 470.132507 534.696960 470.132507 349.930664 268.560272 261.377747 299.402191 383.231628 463.127563 453.705017 359.966888 266.394836 261.509247 262.244568 288.119476 330.550873 342.792389 301.215515 236.737930 264.720032 251.366486 240.335571 237.645340 233.085876 214.098663 182.274765,
 82.596909 110.458359 151.863159 185.798935 194.517456 193.803970 190.384048 98.466263 142.801758 222.020950 276.563049 257.959991 213.190796 184.747116 115.148056 179.651535 298.406799 374.963196 319.974548 220.481644 163.102798 137.408737 209.461166 340.158264 420.689453 340.158264 209.461166 137.408737 163.102798 220.481644 319.974548 374.963196 298.406799 179.651535 115.148056 184.747116 213.190796 257.959991 276.563049 222.020950 142.801758 98.466263 190.384048 193.803970 194.517456 185.798935 151.863159 110.458359 82.596909,
 85.462860 110.104805 156.526413 228.432663 289.636719 307.419220 288.701813 128.293488 169.474365 251.876556 354.016052 404.887909 376.071838 313.079254 187.587830 259.199890 382.033752 493.437927 495.743347 401.808228 303.715576 254.718201 354.146973 489.409821 560.818176 489.409821 354.146973 254.718201 303.715576 401.808228 495.743347 493.437927 382.033752 259.199890 187.587830 313.079254 376.071838 404.887909 354.016052 251.876556 169.474365 128.293488 288.701813 307.419220 289.636719 228.432663 156.526413 110.104805 85.462860,
 -6.631592 3.382253 9.876575 13.005194 16.525854 21.628387 24.618494 -2.082201 4.122454 10.977884 20.848181 31.297285 35.971725 30.112890 1.799838 17.715219 41.309937 62.682693 67.198654 50.750893 23.637226 10.050119 42.578125 79.206291 96.780655 79.206291 42.578125 10.050119 23.637226 50.750893 67.198654 62.682693 41.309937 17.715219 1.799838 30.112890 35.971725 31.297285 20.848181 10.977884 4.122454 -2.082201 24.618494 21.628387 16.525854 13.005194 9.876575 3.382253 -6.631592,
 -0.357981 3.819692 2.729395 3.538264 10.048372 17.456673 21.066950 3.237261 21.053375 32.739735 23.752457 14.763351 16.743645 16.582098 1.954213 24.448215 59.569496 61.641838 30.478584 14.972507 11.313081 4.543400 17.718683 54.765610 85.061920 54.765610 17.718683 4.543400 11.313081 14.972507 30.478584 61.641838 59.569496 24.448215 1.954213 16.582098 16.743645 14.763351 23.752457 32.739735 21.053375 3.237261 21.066950 17.456673 10.048372 3.538264 2.729395 3.819692 -0.357981,
 -39.674580 -26.452948 6.780983 47.006691 77.256912 85.076767 60.645916 -20.673849 11.071213 65.879501 116.491745 130.169846 106.859650 59.907272 5.037224 54.721340 126.805313 180.469421 166.899796 111.364197 50.551525 31.232588 92.543839 167.179565 208.634262 167.179565 92.543839 31.232588 50.551525 111.364197 166.899796 180.469421 126.805313 54.721340 5.037224 59.907272 106.859650 130.169846 116.491745 65.879501 11.071213 -20.673849 60.645916 85.076767 77.256912 47.006691 6.780983 -26.452948 -39.674580,
 -33.893730 -15.179565 16.107731 49.215080 72.989929 77.411652 63.320671 -15.406801 12.080330 50.236450 87.090958 100.931061 85.683105 60.108665 2.577713 43.427399 95.696381 137.542633 130.540497 88.040054 47.390251 25.269444 73.375374 132.329865 165.472809 132.329865 73.375374 25.269444 47.390251 88.040054 130.540497 137.542633 95.696381 43.427399 2.577713 60.108665 85.683105 100.931061 87.090958 50.236450 12.080330 -15.406801 63.320671 77.411652 72.989929 49.215080 16.107731 -15.179565 -33.893730,

Pairwise cross-correlations of the modulus of all oriented sub-bands at the same scale (size QxQ)
 182.067383 117.703552 69.261635 122.724823,
 117.703552 167.746002 105.665794 74.236618,
 69.261635 105.665794 149.267929 107.278351,
 122.724823 74.236618 107.278351 165.894775,
 474.892334 331.130615 285.336700 360.740936,
 331.130615 416.397217 315.273865 284.269745,
 285.336700 315.273865 374.585144 316.176147,
 360.740936 284.269745 316.176147 426.885925,
 700.874451 486.858673 309.560913 465.269775,
 486.858673 534.696960 327.355865 342.014771,
 309.560913 327.355865 420.689514 368.331421,
 465.269775 342.014771 368.331421 560.818237,
 96.780663 30.736031 33.018280 86.560532,
 30.736031 85.061928 71.016380 39.517258,
 33.018280 71.016380 208.634277 104.872742,
 86.560532 39.517258 104.872742 165.472839,

Cross-correlations of the modulus of all oriented sub-bands with all oriented sub-bands at the coarser scale (size QxQ)
 251.867142 187.192947 147.459167 197.126434,
 194.630585 229.476227 175.791595 149.620575,
 147.741837 176.837082 203.531769 174.347946,
 203.830338 154.622955 177.256012 226.250137,
 452.509766 370.178284 274.969330 360.325073,
 400.827789 374.032806 279.843719 303.999908,
 342.301422 303.791138 312.615540 348.685608,
 366.284973 306.449371 304.159363 375.317993,
 135.624451 141.935760 171.974976 195.924957,
 92.855942 120.247185 165.901474 165.833130,
 57.813728 80.085892 164.223083 131.157745,
 89.511169 103.590958 200.553131 166.919037,

Cross-correlations of the real part of each oriented sub-band with both the real and imaginary part of all phase-doubled oriented sub-bands at the next coarser scale (Q matrices of size 1x2Q, which are computed and stored in a matrix of size Qx2Q)
 105.830467 50.125027 4.828107 49.355473 3.803588 0.792905 -0.184577 2.172548,
 48.742188 99.670959 34.487469 4.294703 0.838987 0.681759 0.592567 -0.161613,
 5.368872 37.847160 74.334702 36.371048 -0.200313 0.796563 -2.138722 -1.034936,
 47.622993 4.475653 34.965168 94.872070 0.376978 0.370904 -2.716349 2.805806,
 -205.051468 -109.644005 -9.155019 -76.988770 -22.689999 21.483944 0.696343 15.614920,
 -101.909927 -176.534302 -45.095097 -9.438723 8.219006 37.853920 0.835001 3.526346,
 -9.119123 -50.449879 -117.135162 -73.423813 3.410471 8.413598 -25.751444 -17.288717,
 -82.352783 -8.739333 -69.396194 -161.945724 -18.386690 1.120848 -21.323790 -13.480999,
 -65.130646 -21.612549 -4.058807 -57.022995 9.510579 1.146960 3.204539 8.702540,
 -19.106329 -35.584969 -32.061466 -6.489932 7.902271 3.455885 -2.504453 -5.898502,
 -6.889552 -18.023256 -92.563034 -53.506348 -2.196283 -11.579456 5.508226 24.723579,
 -50.203987 -5.203654 -51.665787 -116.835953 -4.759198 -6.174892 17.117767 53.644363,
