Low-band skewness and kurtosis
 -2.115950 5.808973,
 -2.160501 6.451468,
 -1.655896 4.850288,
 -1.518101 5.375380,
 -1.174018 3.696508,

High-band variance
 153.973267,

Skewness, kurtosis, variance, mean, maximum and minimum of the reconstructed texture
 -2.102770 5.567414 6906.900391 220.423828 255.000000 0.000000,

Auto-correlations of the low-frequency bands at each scale
 2917.996338 3437.536133 3793.636719 3881.489258 3654.983398 3185.916504 2590.803467 3450.306885 4181.414551 4790.710449 5010.483887 4675.889160 3980.139404 3198.894287 3789.764160 4787.216797 5761.028809 6180.188477 5694.713379 4675.910156 3658.746582 3869.633057 5003.732422 6177.312500 6719.867188 6177.312500 5003.732422 3869.633057 3658.746582 4675.910156 5694.713379 6180.188477 5761.028809 4787.216797 3789.764160 3198.894287 3980.139404 4675.889160 5010.483887 4790.710449 4181.414551 3450.306885 2590.803467 3185.916504 3654.983398 3881.489258 3793.636719 3437.536133 2917.996338,
 1401.000977 1381.231445 1420.850708 1400.985840 1250.418335 1179.117676 1262.312744 1463.752441 1917.319946 2632.607910 2917.816162 2354.817871 1542.000366 1150.298828 1536.677246 2642.189697 4311.837891 5104.661133 4108.768555 2351.156982 1270.087158 1483.689941 2913.162354 5092.580078 6215.623047 5092.580078 2913.162354 1483.689941 1270.087158 2351.156982 4108.768555 5104.661133 4311.837891 2642.189697 1536.677246 1150.298828 1542.000366 2354.817871 2917.816162 2632.607910 1917.319946 1463.752441 1262.312744 1179.117676 1250.418335 1400.985840 1420.850708 1381.231445 1401.000977,
 960.026489 831.271362 693.722412 813.713623 1056.213745 1084.532715 951.736572 1112.831177 1012.840698 1026.813110 1175.960815 1075.347046 916.475708 1021.474060 1081.401733 1316.544312 2350.987549 3053.237793 2160.970459 1032.991333 999.521362 997.606201 1346.665771 3098.440918 4321.975586 3098.440918 1346.665771 997.606201 999.521362 1032.991333 2160.970459 3053.237793 2350.987549 1316.544312 1081.401733 1021.474060 916.475708 1075.347046 1175.960815 1026.813110 1012.840698 1112.831177 951.736572 1084.532715 1056.213745 813.713623 693.722412 831.271362 960.026489,
 89.452820 310.270569 554.082214 755.415466 799.135925 741.673157 623.355652 351.531494 530.846130 795.872375 1023.180420 966.077087 811.673767 709.861084 574.123535 823.810974 1372.733032 1759.007812 1419.256226 889.672668 668.561768 640.049683 969.240356 1747.197510 2258.264160 1747.197510 969.240356 640.049683 668.561768 889.672668 1419.256226 1759.007812 1372.733032 823.810974 574.123535 709.861084 811.673767 966.077087 1023.180420 795.872375 530.846130 351.531494 623.355652 741.673157 799.135925 755.415466 554.082214 310.270569 89.452820,
 -640.690918 -383.769470 -69.643730 94.244751 -32.942513 -360.541199 -641.122192 -430.615967 -220.732910 188.535309 507.479645 419.108307 41.431671 -285.902954 -251.041855 62.969086 703.599243 1176.724731 985.244263 399.763580 -53.402359 -95.580231 376.007721 1130.129395 1539.421509 1130.129395 376.007721 -95.580231 -53.402359 399.763580 985.244263 1176.724731 703.599243 62.969086 -251.041855 -285.902954 41.431671 419.108307 507.479645 188.535309 -220.732910 -430.615967 -641.122192 -360.541199 -32.942513 94.244751 -69.643730 -383.769470 -640.690918,

Auto-correlations of the modulus of each oriented sub-band
 71.045853 78.939217 86.063713 88.374359 84.246117 75.759209 67.076874 90.861481 103.688095 115.299767 119.592079 113.985435 101.379440 87.888794 109.512848 127.678673 144.185257 150.708130 143.543869 126.546135 108.001312 117.126160 137.994324 157.156204 165.081940 157.156204 137.994324 117.126160 108.001312 126.546135 143.543869 150.708130 144.185257 127.678673 109.512848 87.888794 101.379440 113.985435 119.592079 115.299767 103.688095 90.861481 67.076874 75.759209 84.246117 88.374359 86.063713 78.939217 71.045853,
 95.752480 101.104225 102.933861 99.891914 92.051857 80.748924 67.829231 101.229942 117.382355 128.753922 129.449295 118.766037 100.798248 80.742531 103.309608 128.865143 150.044342 155.894440 143.098846 118.750793 92.126610 100.183655 129.512939 155.900803 167.116577 155.900803 129.512939 100.183655 92.126610 118.750793 143.098846 155.894440 150.044342 128.865143 103.309608 80.742531 100.798248 118.766037 129.449295 128.753922 117.382355 101.229942 67.829231 80.748924 92.051857 99.891914 102.933861 101.104225 95.752480,
 68.608925 85.828079 104.557663 114.260887 107.236282 88.293655 68.382637 76.613503 99.300468 123.591225 135.589905 125.326622 100.670845 76.014091 83.938385 111.503799 140.695496 154.780182 141.532898 112.073044 83.483002 86.768730 116.604134 147.879669 162.639648 147.879669 116.604134 86.768730 83.483002 112.073044 141.532898 154.780182 140.695496 111.503799 83.938385 76.014091 100.670845 125.326622 135.589905 123.591225 99.300468 76.613503 68.382637 88.293655 107.236282 114.260887 104.557663 85.828079 68.608925,
 73.096527 85.741661 97.601509 106.346375 110.289116 109.111061 103.977402 84.604187 104.344261 122.697868 134.032166 134.089981 123.444466 107.818146 95.185219 121.573120 146.037598 159.175064 153.843750 133.274048 108.150398 103.620117 132.719040 158.875168 170.023346 158.875168 132.719040 103.620117 108.150398 133.274048 153.843750 159.175064 146.037598 121.573120 95.185219 107.818146 123.444466 134.089981 134.032166 122.697868 104.344261 84.604187 103.977402 109.111061 110.289116 106.346375 97.601509 85.741661 73.096527,
 175.362747 178.098022 180.221924 181.435287 180.498413 177.048523 171.592392 224.403778 241.933182 257.558044 265.110840 259.246765 242.417892 221.353943 281.199097 322.472595 360.178253 377.705444 363.408783 325.941101 282.436035 309.579895 365.112366 415.812897 437.803802 415.812897 365.112366 309.579895 282.436035 325.941101 363.408783 377.705444 360.178253 322.472595 281.199097 221.353943 242.417892 259.246765 265.110840 257.558044 241.933182 224.403778 171.592392 177.048523 180.498413 181.435287 180.221924 178.098022 175.362747,
 230.684723 253.190552 246.146561 215.764160 182.072708 160.491302 151.910248 257.946899 307.251312 325.715637 298.827118 245.217712 195.538666 166.037842 259.201294 332.497192 388.853088 387.688782 328.127258 251.677002 194.164062 231.786255 308.994965 391.091248 429.079773 391.091248 308.994965 231.786255 194.164062 251.677002 328.127258 387.688782 388.853088 332.497192 259.201294 166.037842 195.538666 245.217712 298.827118 325.715637 307.251312 257.946899 151.910248 160.491302 182.072708 215.764160 246.146561 253.190552 230.684723,
 161.358185 211.021652 267.289032 294.781830 270.729156 218.919266 174.315582 170.699692 233.639786 311.220581 351.286682 316.286255 242.480179 182.587631 179.316467 253.860657 350.534576 401.518219 354.132294 259.457092 186.228210 185.055725 264.075134 368.296753 422.886597 368.296753 264.075134 185.055725 186.228210 259.457092 354.132294 401.518219 350.534576 253.860657 179.316467 182.587631 242.480179 316.286255 351.286682 311.220581 233.639786 170.699692 174.315582 218.919266 270.729156 294.781830 267.289032 211.021652 161.358185,
 188.800049 195.605377 225.683182 273.117371 314.675476 323.735199 292.368469 205.682037 240.493896 302.807587 369.633270 402.636505 378.934937 315.391876 237.179916 304.496277 394.044464 462.923737 463.815887 397.174744 309.086334 277.503418 367.105896 461.156281 504.155762 461.156281 367.105896 277.503418 309.086334 397.174744 463.815887 462.923737 394.044464 304.496277 237.179916 315.391876 378.934937 402.636505 369.633270 302.807587 240.493896 205.682037 292.368469 323.735199 314.675476 273.117371 225.683182 195.605377 188.800049,
 77.209167 96.230522 109.965118 119.507278 125.453278 126.746773 124.236542 114.134277 146.152374 172.956345 190.811493 194.834854 185.712708 172.052002 195.706879 260.736115 319.778320 349.514923 334.146484 285.222504 231.557526 255.494049 343.716187 428.223236 465.657349 428.223236 343.716187 255.494049 231.557526 285.222504 334.146484 349.514923 319.778320 260.736115 195.706879 172.052002 185.712708 194.834854 190.811493 172.956345 146.152374 114.134277 124.236542 126.746773 125.453278 119.507278 109.965118 96.230522 77.209167,
 132.938583 154.449631 168.955383 160.309525 143.206665 135.057632 135.940109 171.208191 223.631500 273.478729 260.245789 202.261505 160.724518 148.752319 190.856506 270.779144 376.259583 395.125793 301.116638 205.548004 165.259949 184.010788 257.813049 388.070129 466.321472 388.070129 257.813049 184.010788 165.259949 205.548004 301.116638 395.125793 376.259583 270.779144 190.856506 148.752319 160.724518 202.261505 260.245789 273.478729 223.631500 171.208191 135.940109 135.057632 143.206665 160.309525 168.955383 154.449631 132.938583,
 127.900185 161.104614 243.059708 285.450134 242.332718 177.267700 151.242279 148.871918 196.149338 308.928558 374.990692 307.152130 208.840988 170.088104 169.068649 230.302658 372.808868 464.577881 371.750397 237.665878 181.741928 181.912994 247.641693 400.503418 504.608521 400.503418 247.641693 181.912994 181.741928 237.665878 371.750397 464.577881 372.808868 230.302658 169.068649 170.088104 208.840988 307.152130 374.990692 308.928558 196.149338 148.871918 151.242279 177.267700 242.332718 285.450134 243.059708 161.104614 127.900185,
 205.337433 230.527161 265.261749 292.581360 282.289764 231.079834 176.637604 206.405640 253.934250 331.835205 399.928436 390.988342 305.814667 219.319183 225.207413 311.529785 443.898529 542.129639 503.661652 370.200684 255.059280 254.152802 370.745178 529.861572 615.475586 529.861572 370.745178 254.152802 255.059280 370.200684 503.661652 542.129639 443.898529 311.529785 225.207413 219.319183 305.814667 390.988342 399.928436 331.835205 253.934250 206.405640 176.637604 231.079834 282.289764 292.581360 265.261749 230.527161 205.337433,
 9.797344 35.382019 56.071442 68.479103 70.678116 61.003052 41.589405 16.645317 47.876900 72.405891 85.313858 85.735802 72.919182 49.097145 27.678621 70.859436 109.394325 127.461945 119.309776 91.768280 56.184364 49.766899 97.807571 142.058533 161.148590 142.058533 97.807571 49.766899 56.184364 91.768280 119.309776 127.461945 109.394325 70.859436 27.678621 49.097145 72.919182 85.735802 85.313858 72.405891 47.876900 16.645317 41.589405 61.003052 70.678116 68.479103 56.071442 35.382019 9.797344,
 -1.502965 3.913358 17.819363 29.524120 31.732559 25.647003 18.816219 21.517115 30.130669 43.286438 51.009830 50.477219 45.451324 38.993553 38.084625 59.298965 83.240097 88.206245 71.509003 54.634964 46.357307 43.243576 62.915619 94.982971 113.744431 94.982971 62.915619 43.243576 46.357307 54.634964 71.509003 88.206245 83.240097 59.298965 38.084625 38.993553 45.451324 50.477219 51.009830 43.286438 30.130669 21.517115 18.816219 25.647003 31.732559 29.524120 17.819363 3.913358 -1.502965,
 11.098019 14.519434 23.440353 36.675732 43.983994 41.873627 34.044277 12.592745 25.835091 58.451714 88.726143 86.628288 66.682884 45.172897 18.086897 43.406792 97.447899 139.504150 117.721657 73.543610 41.556480 29.383255 62.684002 122.078468 161.691711 122.078468 62.684002 29.383255 41.556480 73.543610 117.721657 139.504150 97.447899 43.406792 18.086897 45.172897 66.682884 86.628288 88.726143 58.451714 25.835091 12.592745 34.044277 41.873627 43.983994 36.675732 23.440353 14.519434 11.098019,
 11.000475 20.399113 27.469963 31.936310 32.989792 31.017681 28.807936 27.701839 42.741512 56.139839 63.632317 58.686501 45.171436 35.428616 40.314400 64.192177 93.300781 112.617683 100.995300 69.698906 45.589546 47.586998 78.464447 119.710373 141.974945 119.710373 78.464447 47.586998 45.589546 69.698906 100.995300 112.617683 93.300781 64.192177 40.314400 35.428616 45.171436 58.686501 63.632317 56.139839 42.741512 27.701839 28.807936 31.017681 32.989792 31.936310 27.469963 20.399113 11.000475,

Pairwise cross-correlations of the modulus of all oriented sub-bands at the same scale (size QxQ)
 165.081940 109.553169 66.589195 110.938126,
 109.553169 167.116592 111.452156 68.319351,
 66.589195 111.452156 162.639679 112.876289,
 110.938126 68.319351 112.876289 170.023376,
 437.803802 339.167542 305.367676 376.450378,
 339.167542 429.079803 334.731018 329.122864,
 305.367676 334.731018 422.886597 376.016968,
 376.450378 329.122864 376.016968 504.155792,
 465.657410 348.372986 311.772400 372.787140,
 348.372986 466.321503 333.241180 338.859863,
 311.772400 333.241180 504.608582 445.591949,
 372.787140 338.859863 445.591949 615.475708,
 161.148605 92.441971 43.486473 109.977432,
 92.441971 113.744431 78.739441 84.775574,
 43.486473 78.739441 161.691711 90.091904,
 109.977432 84.775574 90.091904 141.974960,

Cross-correlations of the modulus of all oriented sub-bands with all oriented sub-bands at the coarser scale (size QxQ)
 231.051208 182.229034 146.131592 201.390091,
 187.705093 228.249557 185.337173 171.148544,
 150.161880 184.519989 220.521683 202.562500,
 193.503952 153.913086 190.133179 253.771835,
 332.624146 321.058014 284.208893 366.028900,
 312.526306 348.705292 311.143860 322.072296,
 276.246002 305.285248 325.452179 338.952728,
 348.925690 320.497070 339.298981 415.681824,
 125.775887 124.086388 105.957352 114.498802,
 133.096619 143.909363 100.824348 128.585083,
 117.349403 106.537338 110.817200 121.290565,
 163.214783 132.408401 111.398186 157.073273,

Cross-correlations of the real part of each oriented sub-band with both the real and imaginary part of all phase-doubled oriented sub-bands at the next coarser scale (Q matrices of size 1x2Q, which are computed and stored in a matrix of size Qx2Q)
 92.281387 39.047424 3.730810 39.801376 -2.505457 -0.174184 -0.127609 -1.001796,
 38.036922 86.183304 36.815300 4.083692 -0.878694 3.307304 1.752730 0.419382,
 3.049919 37.293358 88.717529 42.125862 -0.048146 2.532461 0.616012 -0.431771,
 39.958557 3.918567 42.131683 92.382088 -0.808899 -0.117349 -1.486793 -3.362910,
 -145.824188 -60.523483 -8.577983 -57.810459 -21.609961 -6.442570 0.987074 -0.455098,
 -67.159111 -142.463470 -63.284325 -9.002235 -10.042755 5.223895 18.308819 0.534981,
 -8.111439 -65.550903 -150.865829 -75.422302 -0.972474 15.652470 41.669617 5.395073,
 -60.996799 -6.951428 -76.554611 -146.093246 -9.121084 0.757402 20.501102 3.332476,
 -47.298309 -16.400505 -6.941674 -13.893270 -6.626227 -42.320740 0.867796 5.692029,
 -26.419687 -38.490005 -36.318996 -6.000265 -14.789111 -42.259457 13.034564 -0.174412,
 2.629581 -32.001366 -93.532181 -40.535873 0.429941 11.209992 27.937397 -0.255301,
 -5.751778 -3.845457 -53.878918 -53.882904 4.492693 1.827158 10.050725 2.545767,
