Low-band skewness and kurtosis
 -2.153147 5.983579,
 -2.209060 6.717461,
 -1.642628 4.797636,
 -1.404307 4.992216,
 -1.290308 3.965630,

High-band variance
 157.231277,

Skewness, kurtosis, variance, mean, maximum and minimum of the reconstructed texture
 -2.134740 5.706350 6791.551758 221.073975 255.000000 0.000000,

Auto-correlations of the low-frequency bands at each scale
 2582.060059 3149.432861 3583.523682 3782.679199 3661.803467 3250.865967 2656.227051 3130.190674 3888.478760 4564.700684 4886.572266 4638.912598 3975.365967 3174.320068 3538.821533 4546.833496 5567.078613 6055.255859 5614.103027 4595.581543 3549.680908 3693.884033 4844.716797 6042.889648 6599.571289 6042.889648 4844.716797 3693.884033 3549.680908 4595.581543 5614.103027 6055.255859 5567.078613 4546.833496 3538.821533 3174.320068 3975.365967 4638.912598 4886.572266 4564.700684 3888.478760 3130.190674 2656.227051 3250.865967 3661.803467 3782.679199 3583.523682 3149.432861 2582.060059,
 1073.399536 1180.186035 1407.295410 1625.683228 1566.844727 1279.663330 1016.535278 1103.817017 1556.782227 2360.598389 2873.836670 2484.048096 1585.866455 945.258606 1198.948486 2308.589844 4034.334961 4975.732422 4097.803711 2295.659180 1052.826904 1202.011230 2713.049805 4943.799316 6084.019531 4943.799316 2713.049805 1202.011230 1052.826904 2295.659180 4097.803711 4975.732422 4034.334961 2308.589844 1198.948486 945.258606 1585.866455 2484.048096 2873.836670 2360.598389 1556.782227 1103.817017 1016.535278 1279.663330 1566.844727 1625.683228 1407.295410 1180.186035 1073.399536,
 774.019653 824.553467 879.467834 1020.494202 1106.875000 1087.917603 930.083618 734.644714 700.645996 1081.456909 1486.479004 1257.664185 891.021729 805.972229 567.716614 807.875671 2142.486328 3100.765381 2123.199219 761.450134 503.995422 413.034119 879.790771 2842.813965 4193.596680 2842.813965 879.790771 413.034119 503.995422 761.450134 2123.199219 3100.765381 2142.486328 807.875671 567.716614 805.972229 891.021729 1257.664185 1486.479004 1081.456909 700.645996 734.644714 930.083618 1087.917603 1106.875000 1020.494202 879.467834 824.553467 774.019653,
 82.723633 328.193573 645.800110 813.390503 821.031555 739.736694 551.850830 297.794006 449.161255 846.488831 1089.817871 897.748474 689.196899 667.700134 340.325226 439.126526 1201.694214 1743.645386 1201.453247 541.995300 543.893311 373.678253 450.777313 1445.852783 2189.652832 1445.852783 450.777313 373.678253 543.893311 541.995300 1201.453247 1743.645386 1201.694214 439.126526 340.325226 667.700134 689.196899 897.748474 1089.817871 846.488831 449.161255 297.794006 551.850830 739.736694 821.031555 813.390503 645.800110 328.193573 82.723633,
 -600.488953 -445.742065 -177.832153 72.885193 91.804749 -144.763718 -434.926117 -460.763611 -247.443848 153.335373 527.393921 516.046997 155.213654 -240.234070 -269.475189 68.372192 637.134460 1057.794434 878.735413 334.359772 -124.952370 -139.071915 304.065887 949.339966 1303.374512 949.339966 304.065887 -139.071915 -124.952370 334.359772 878.735413 1057.794434 637.134460 68.372192 -269.475189 -240.234070 155.213654 516.046997 527.393921 153.335373 -247.443848 -460.763611 -434.926117 -144.763718 91.804749 72.885193 -177.832153 -445.742065 -600.488953,

Auto-correlations of the modulus of each oriented sub-band
 73.536438 84.060982 94.136093 98.526825 94.778641 84.926567 73.799255 92.831245 108.191910 122.313995 128.136063 122.471619 108.299026 92.406349 111.067932 131.311798 149.605560 157.006271 149.466064 131.013947 110.452454 118.699097 141.387360 161.913208 170.321365 161.913208 141.387360 118.699097 110.452454 131.013947 149.466064 157.006271 149.605560 131.311798 111.067932 92.406349 108.299026 122.471619 128.136063 122.313995 108.191910 92.831245 73.799255 84.926567 94.778641 98.526825 94.136093 84.060982 73.536438,
 108.665344 113.363464 115.365295 112.426552 104.029724 91.473755 77.254486 113.900940 130.454178 142.536865 143.710526 132.594055 113.024460 90.779022 115.722427 142.890549 165.176498 171.637665 158.585587 132.694351 103.372513 112.256599 144.063568 171.809677 183.418243 171.809677 144.063568 112.256599 103.372513 132.694351 158.585587 171.637665 165.176498 142.890549 115.722427 90.779022 113.024460 132.594055 143.710526 142.536865 130.454178 113.900940 77.254486 91.473755 104.029724 112.426552 115.365295 113.363464 108.665344,
 70.690117 92.089241 111.645485 119.521103 111.102043 92.506706 73.453804 78.441742 105.042633 130.100494 140.452118 129.015106 104.479980 79.891754 85.561668 116.473900 146.495544 159.593994 145.639954 115.837151 86.087685 88.572800 120.807648 152.814514 167.512131 152.814514 120.807648 88.572800 86.087685 115.837151 145.639954 159.593994 146.495544 116.473900 85.561668 79.891754 104.479980 129.015106 140.452118 130.100494 105.042633 78.441742 73.453804 92.506706 111.102043 119.521103 111.645485 92.089241 70.690117,
 64.769257 78.192078 90.771378 99.900719 103.508743 101.384949 95.577560 76.718994 97.470383 116.386116 127.726273 127.187096 115.642868 99.265808 87.928467 115.314194 140.022125 152.836487 147.017395 125.911819 100.037964 96.227203 126.135765 152.465332 163.516541 152.465332 126.135765 96.227203 100.037964 125.911819 147.017395 152.836487 140.022125 115.314194 87.928467 99.265808 115.642868 127.187096 127.726273 116.386116 97.470383 76.718994 95.577560 101.384949 103.508743 99.900719 90.771378 78.192078 64.769257,
 190.181503 197.945053 204.203400 204.715729 197.560638 185.094193 170.829239 233.665375 254.600250 271.719910 276.378845 264.199036 240.760651 214.457855 285.136078 328.140289 365.531952 379.715820 360.859100 319.852142 274.246613 306.269165 362.169617 412.857941 434.845398 412.857941 362.169617 306.269165 274.246613 319.852142 360.859100 379.715820 365.531952 328.140289 285.136078 214.457855 240.760651 264.199036 276.378845 271.719910 254.600250 233.665375 170.829239 185.094193 197.560638 204.715729 204.203400 197.945053 190.181503,
 285.564209 314.875946 312.939117 281.281128 236.882050 196.413055 164.662323 306.711609 364.866150 388.261780 361.662048 300.931824 237.706787 189.519455 297.403595 382.680176 446.798706 447.437439 382.479614 295.153442 222.867523 263.481628 353.529205 445.290039 487.450836 445.290039 353.529205 263.481628 222.867523 295.153442 382.479614 447.437439 446.798706 382.680176 297.403595 189.519455 237.706787 300.931824 361.662048 388.261780 364.866150 306.711609 164.662323 196.413055 236.882050 281.281128 312.939117 314.875946 285.564209,
 170.834900 244.750244 320.746735 354.168640 315.694244 232.292664 155.262634 175.835892 266.555817 367.599365 415.708588 367.585266 263.362701 169.691086 180.346588 284.915527 406.814636 466.928894 408.267090 285.544189 179.255707 182.425934 293.065186 423.437317 487.813782 423.437317 293.065186 182.425934 179.255707 285.544189 408.267090 466.928894 406.814636 284.915527 180.346588 169.691086 263.362701 367.585266 415.708588 367.599365 266.555817 175.835892 155.262634 232.292664 315.694244 354.168640 320.746735 244.750244 170.834900,
 150.184418 167.606354 198.302063 234.894852 259.275055 256.264374 226.069885 161.374802 201.017258 259.363220 314.836975 335.953918 310.131195 253.621506 185.895813 253.542023 337.832489 399.073364 395.957428 333.052704 251.052063 221.478455 308.280579 397.570129 438.285767 397.570129 308.280579 221.478455 251.052063 333.052704 395.957428 399.073364 337.832489 253.542023 185.895813 253.621506 310.131195 335.953918 314.836975 259.363220 201.017258 161.374802 226.069885 256.264374 259.275055 234.894852 198.302063 167.606354 150.184418,
 121.258347 131.737244 140.596130 145.370911 144.515656 140.156342 137.520798 171.882996 204.016098 233.312454 245.915405 234.763840 206.825699 178.360870 239.387772 312.166321 381.974274 412.254639 383.364471 315.097229 245.520554 279.247009 375.196350 470.607666 513.014954 470.607666 375.196350 279.247009 245.520554 315.097229 383.364471 412.254639 381.974274 312.166321 239.387772 178.360870 206.825699 234.763840 245.915405 233.312454 204.016098 171.882996 137.520798 140.156342 144.515656 145.370911 140.596130 131.737244 121.258347,
 163.535538 201.614120 211.045273 174.913635 115.631119 65.621414 40.374893 183.467712 260.048279 311.793823 284.129395 194.353516 106.209244 54.637451 173.715225 286.665863 400.498962 414.437439 307.301025 176.161407 91.899979 136.559357 250.812271 402.303833 481.593475 402.303833 250.812271 136.559357 91.899979 176.161407 307.301025 414.437439 400.498962 286.665863 173.715225 54.637451 106.209244 194.353516 284.129395 311.793823 260.048279 183.467712 40.374893 65.621414 115.631119 174.913635 211.045273 201.614120 163.535538,
 85.835480 126.019096 167.601089 182.658325 145.709061 87.146523 55.625351 95.804932 155.755356 238.780167 278.328857 214.191360 113.974075 62.812862 98.637573 174.137100 302.791748 375.630432 285.642700 146.233170 76.217133 91.284912 170.758301 323.701599 420.046722 323.701599 170.758301 91.284912 76.217133 146.233170 285.642700 375.630432 302.791748 174.137100 98.637573 62.812862 113.974075 214.191360 278.328857 238.780167 155.755356 95.804932 55.625351 87.146523 145.709061 182.658325 167.601089 126.019096 85.835480,
 134.774139 155.110199 156.851151 160.014969 167.882065 154.052399 117.016251 166.843323 194.363220 223.324814 264.684113 276.444733 222.605011 151.076721 202.552094 250.684418 332.873016 412.094238 393.700958 285.657745 193.192169 215.640961 294.787231 419.749756 491.046539 419.749756 294.787231 215.640961 193.192169 285.657745 393.700958 412.094238 332.873016 250.684418 202.552094 151.076721 222.605011 276.444733 264.684113 223.324814 194.363220 166.843323 117.016251 154.052399 167.882065 160.014969 156.851151 155.110199 134.774139,
 40.961998 57.510365 65.573296 69.242783 70.871468 66.736359 50.111412 40.458549 70.854378 92.855988 101.094025 94.799789 77.924751 54.051079 63.400558 113.985458 156.757568 172.338654 153.364838 112.737625 68.769211 83.741173 143.224930 198.610458 222.332855 198.610458 143.224930 83.741173 68.769211 112.737625 153.364838 172.338654 156.757568 113.985458 63.400558 54.051079 77.924751 94.799789 101.094025 92.855988 70.854378 40.458549 50.111412 66.736359 70.871468 69.242783 65.573296 57.510365 40.961998,
 15.719648 31.532898 43.990456 56.881638 70.698494 76.145645 61.517067 27.239399 52.924374 70.267181 70.691383 62.050400 51.427189 36.320782 39.792828 83.873726 124.641266 130.200394 96.818939 55.845936 23.449688 33.949745 82.799057 140.940857 171.592773 140.940857 82.799057 33.949745 23.449688 55.845936 96.818939 130.200394 124.641266 83.873726 39.792828 36.320782 51.427189 62.050400 70.691383 70.267181 52.924374 27.239399 61.517067 76.145645 70.698494 56.881638 43.990456 31.532898 15.719648,
 -2.670172 -0.903937 11.161615 32.602566 23.110548 5.379849 0.538017 -2.985634 -3.092617 20.177412 51.597610 31.662558 7.180865 3.425145 -1.472254 -0.755072 34.680428 76.295532 41.771988 6.766115 3.295228 1.103009 3.620611 44.257889 88.639656 44.257889 3.620611 1.103009 3.295228 6.766115 41.771988 76.295532 34.680428 -0.755072 -1.472254 3.425145 7.180865 31.662558 51.597610 20.177412 -3.092617 -2.985634 0.538017 5.379849 23.110548 32.602566 11.161615 -0.903937 -2.670172,
 24.190121 31.816259 33.012260 33.157761 38.107162 42.094833 36.553875 10.224089 20.575956 36.812340 60.838722 79.989021 76.108047 50.287750 11.637047 43.412212 87.600410 129.637939 137.548676 103.812637 53.582703 35.531963 88.827332 145.433319 172.973495 145.433319 88.827332 35.531963 53.582703 103.812637 137.548676 129.637939 87.600410 43.412212 11.637047 50.287750 76.108047 79.989021 60.838722 36.812340 20.575956 10.224089 36.553875 42.094833 38.107162 33.157761 33.012260 31.816259 24.190121,

Pairwise cross-correlations of the modulus of all oriented sub-bands at the same scale (size QxQ)
 170.321396 120.925888 64.320503 107.837204,
 120.925888 183.418213 114.638779 69.518387,
 64.320503 114.638779 167.512161 111.536552,
 107.837204 69.518387 111.536552 163.516586,
 434.845428 367.350586 321.746094 338.848358,
 367.350586 487.450867 394.893768 326.023468,
 321.746094 394.893768 487.813751 377.373871,
 338.848358 326.023468 377.373871 438.285858,
 513.014954 365.009552 257.414551 332.450409,
 365.009552 481.593506 303.137451 267.282867,
 257.414551 303.137451 420.046753 342.425232,
 332.450409 267.282867 342.425232 491.046570,
 222.332870 140.932800 49.259663 118.969742,
 140.932800 171.592773 63.541180 86.962891,
 49.259663 63.541180 88.639664 64.335213,
 118.969742 86.962891 64.335213 172.973511,

Cross-correlations of the modulus of all oriented sub-bands with all oriented sub-bands at the coarser scale (size QxQ)
 234.302719 204.303894 167.444321 186.218353,
 197.177383 257.942871 213.707947 166.786499,
 145.873901 198.078278 246.479996 193.301712,
 183.608826 163.553146 207.217758 230.126465,
 355.375275 295.094940 257.799866 327.345367,
 321.225891 342.332794 312.718323 321.018799,
 318.054138 325.160706 329.112000 324.530609,
 322.231232 272.609497 304.915100 352.277130,
 172.888000 149.236176 84.792847 108.232697,
 182.648743 175.624786 88.586662 117.888969,
 142.117172 123.585854 84.255615 108.242157,
 162.778381 117.959694 83.708191 122.338730,

Cross-correlations of the real part of each oriented sub-band with both the real and imaginary part of all phase-doubled oriented sub-bands at the next coarser scale (Q matrices of size 1x2Q, which are computed and stored in a matrix of size Qx2Q)
 96.854958 52.886032 4.127507 34.546501 5.765161 2.041669 -0.597608 3.197599,
 51.704876 115.252068 45.228088 4.331832 2.595594 -1.067883 -2.044379 0.378651,
 4.757123 49.526161 101.564217 45.140488 -0.232662 -1.503186 2.031301 1.011416,
 34.777184 5.188941 44.973076 89.374557 0.563555 0.826722 1.425423 4.012628,
 -163.427216 -70.064232 -9.631686 -67.166885 6.178886 -8.430591 0.562690 -2.757293,
 -75.884354 -123.822952 -47.357983 -9.873080 5.271345 -13.223629 2.786589 -0.268472,
 -8.923112 -52.950439 -106.803993 -72.919167 0.230747 -3.746508 8.384137 -0.033867,
 -69.337296 -11.322448 -59.245289 -151.870163 2.633621 -0.545194 4.308867 -2.322921,
 -99.464890 -66.727798 -5.294200 -49.811443 -13.174667 -26.187153 1.348061 8.681564,
 -63.271996 -113.594177 -29.107759 -3.636418 -16.963608 -8.584585 19.712973 1.256498,
 -9.491869 -36.681778 -75.568787 -52.144562 1.226450 12.577031 31.018236 -0.151789,
 -37.455605 -4.980120 -42.487789 -125.791267 1.911626 -1.357110 9.593403 6.381445,
