Low-band skewness and kurtosis
 -2.219054 6.252036,
 -2.274714 6.951774,
 -1.764513 5.293430,
 -1.275323 3.937485,
 -1.110777 3.362184,

High-band variance
 138.243210,

Skewness, kurtosis, variance, mean, maximum and minimum of the reconstructed texture
 -2.209210 6.024210 6600.176270 222.457947 255.000000 0.000000,

Auto-correlations of the low-frequency bands at each scale
 2583.447021 3153.007080 3584.137207 3775.890381 3666.937988 3276.681396 2683.035400 3196.406250 3927.368652 4553.395996 4833.278320 4603.777832 3991.974121 3224.081055 3645.025635 4595.192383 5511.467773 5927.963867 5530.534180 4613.934570 3637.902588 3804.946533 4876.255859 5946.255371 6431.839844 5946.255371 4876.255859 3804.946533 3637.902588 4613.934570 5530.534180 5927.963867 5511.467773 4595.192383 3645.025635 3224.081055 3991.974121 4603.777832 4833.278320 4553.395996 3927.368652 3196.406250 2683.035400 3276.681396 3666.937988 3775.890381 3584.137207 3153.007080 2583.447021,
 842.758362 986.253418 1341.468018 1642.237305 1565.874512 1165.632812 778.774475 987.009521 1487.474243 2359.201416 2901.759277 2515.765381 1569.947632 882.244873 1301.315918 2407.656738 4053.789062 4926.884766 4106.994141 2391.071289 1191.135742 1425.732666 2874.799072 4945.422852 5981.678223 4945.422852 2874.799072 1425.732666 1191.135742 2391.071289 4106.994141 4926.884766 4053.789062 2407.656738 1301.315918 882.244873 1569.947632 2515.765381 2901.759277 2359.201416 1487.474243 987.009521 778.774475 1165.632812 1565.874512 1642.237305 1341.468018 986.253418 842.758362,
 1146.177124 881.193481 640.429443 864.432312 1079.850098 977.609497 966.806274 1057.399658 740.391174 909.482422 1392.086182 1124.324829 591.223450 746.998291 999.561157 956.154785 2098.618652 3095.713867 2115.154785 741.599976 747.517822 936.681885 1113.229492 2919.525635 4249.848145 2919.525635 1113.229492 936.681885 747.517822 741.599976 2115.154785 3095.713867 2098.618652 956.154785 999.561157 746.998291 591.223450 1124.324829 1392.086182 909.482422 740.391174 1057.399658 966.806274 977.609497 1079.850098 864.432312 640.429443 881.193481 1146.177124,
 366.449951 553.481323 621.517334 576.851196 470.171112 438.295868 465.657715 576.483093 696.617859 828.550476 885.268799 751.705383 643.084045 661.278503 607.948730 800.450928 1292.381104 1628.602417 1316.334229 866.522095 751.343140 685.248047 936.790161 1650.648193 2124.796875 1650.648193 936.790161 685.248047 751.343140 866.522095 1316.334229 1628.602417 1292.381104 800.450928 607.948730 661.278503 643.084045 751.705383 885.268799 828.550476 696.617859 576.483093 465.657715 438.295868 470.171112 576.851196 621.517334 553.481323 366.449951,
 -691.697021 -641.768860 -517.646667 -423.719788 -387.148132 -400.534607 -486.883514 -326.582153 -213.396606 64.165237 240.317215 201.783615 86.234398 -49.597534 140.302612 332.220215 778.680725 1038.786133 840.163147 510.756714 324.228882 418.240967 637.927551 1125.389893 1418.797363 1125.389893 637.927551 418.240967 324.228882 510.756714 840.163147 1038.786133 778.680725 332.220215 140.302612 -49.597534 86.234398 201.783615 240.317215 64.165237 -213.396606 -326.582153 -486.883514 -400.534607 -387.148132 -423.719788 -517.646667 -641.768860 -691.697021,

Auto-correlations of the modulus of each oriented sub-band
 65.084030 71.025932 76.711678 79.254097 77.224480 71.789543 65.702255 82.282310 92.442711 101.452652 104.961243 101.045090 91.751167 81.471809 98.660355 113.660637 126.773720 131.806107 126.041969 112.509773 97.503738 105.145935 122.542870 138.159561 144.579376 138.159561 122.542870 105.145935 97.503738 112.509773 126.041969 131.806107 126.773720 113.660637 98.660355 81.471809 91.751167 101.045090 104.961243 101.452652 92.442711 82.282310 65.702255 71.789543 77.224480 79.254097 76.711678 71.025932 65.084030,
 94.374466 99.578156 102.092651 99.984756 93.331879 83.670105 72.807877 99.822510 113.448448 123.617470 124.757339 115.846443 100.485146 83.426849 102.213043 123.621765 141.739487 147.126755 136.523148 115.859879 93.194748 100.001953 124.770348 147.131836 156.673279 147.131836 124.770348 100.001953 93.194748 115.859879 136.523148 147.126755 141.739487 123.621765 102.213043 83.426849 100.485146 115.846443 124.757339 123.617470 113.448448 99.822510 72.807877 83.670105 93.331879 99.984756 102.092651 99.578156 94.374466,
 72.133484 89.979042 107.784615 116.157028 109.071007 91.121071 71.317215 80.200928 102.347031 124.757698 135.198746 125.494118 102.677872 78.660736 86.834656 113.020973 139.696701 152.200287 140.036484 113.054817 85.701523 89.031364 117.276596 145.829041 159.176971 145.829041 117.276596 89.031364 85.701523 113.054817 140.036484 152.200287 139.696701 113.020973 86.834656 78.660736 102.677872 125.494118 135.198746 124.757698 102.347031 80.200928 71.317215 91.121071 109.071007 116.157028 107.784615 89.979042 72.133484,
 74.079628 82.260330 90.259125 96.286179 98.366013 95.757065 89.812279 83.806686 98.440269 112.687950 121.519585 120.481026 109.782600 94.985413 91.818298 112.908150 133.243134 144.144318 138.669159 119.823006 97.660950 96.696144 121.120667 143.859528 153.701309 143.859528 121.120667 96.696144 97.660950 119.823006 138.669159 144.144318 133.243134 112.908150 91.818298 94.985413 109.782600 120.481026 121.519585 112.687950 98.440269 83.806686 89.812279 95.757065 98.366013 96.286179 90.259125 82.260330 74.079628,
 199.078796 208.435150 214.991409 216.049088 211.804367 205.376801 199.571320 238.800751 262.102417 281.880310 290.031067 283.493652 267.526245 249.005035 288.581329 328.960815 365.426880 381.816956 369.207886 337.013000 300.145355 317.919434 365.817902 409.396667 428.251038 409.396667 365.817902 317.919434 300.145355 337.013000 369.207886 381.816956 365.426880 328.960815 288.581329 249.005035 267.526245 283.493652 290.031067 281.880310 262.102417 238.800751 199.571320 205.376801 211.804367 216.049088 214.991409 208.435150 199.078796,
 266.124603 280.549164 268.866455 234.526642 195.470474 168.062134 156.431366 284.188019 327.268860 340.954285 310.484863 252.928879 200.436279 169.884811 270.549377 340.660767 395.063110 392.302643 329.881104 252.369202 195.838486 234.145767 309.303497 391.612305 431.015747 391.612305 309.303497 234.145767 195.838486 252.369202 329.881104 392.302643 395.063110 340.660767 270.549377 169.884811 200.436279 252.928879 310.484863 340.954285 327.268860 284.188019 156.431366 168.062134 195.470474 234.526642 268.866455 280.549164 266.124603,
 220.077164 281.416748 346.162720 372.006042 337.116150 268.585449 212.486496 236.476944 310.099609 393.107971 427.856689 383.036926 298.044800 230.992233 248.107117 330.699097 430.355377 475.685669 422.985260 322.883667 245.059265 251.490173 335.703735 442.291473 495.670898 442.291473 335.703735 251.490173 245.059265 322.883667 422.985260 475.685669 430.355377 330.699097 248.107117 230.992233 298.044800 383.036926 427.856689 393.107971 310.099609 236.476944 212.486496 268.585449 337.116150 372.006042 346.162720 281.416748 220.077164,
 148.993500 164.859772 188.907761 217.713257 240.543045 246.373474 234.268036 176.943024 206.024628 248.289154 291.094421 311.424835 298.854034 264.914154 209.573181 257.893005 320.117249 368.271179 368.495178 324.199768 268.059326 244.549469 306.291779 372.682312 404.385925 372.682312 306.291779 244.549469 268.059326 324.199768 368.495178 368.271179 320.117249 257.893005 209.573181 264.914154 298.854034 311.424835 291.094421 248.289154 206.024628 176.943024 234.268036 246.373474 240.543045 217.713257 188.907761 164.859772 148.993500,
 290.802155 302.759827 307.939484 312.292969 315.362579 312.149353 305.416840 340.997772 371.581299 399.643524 419.108795 422.617645 409.288940 387.351471 390.556702 464.615326 541.603882 584.723877 568.484009 509.117523 441.630920 437.655457 536.453491 636.749146 682.211853 636.749146 536.453491 437.655457 441.630920 509.117523 568.484009 584.723877 541.603882 464.615326 390.556702 387.351471 409.288940 422.617645 419.108795 399.643524 371.581299 340.997772 305.416840 312.149353 315.362579 312.292969 307.939484 302.759827 290.802155,
 217.996918 242.811844 240.528351 223.798615 218.633453 212.475723 188.269714 268.189392 327.374084 350.622345 314.211365 271.087372 249.907700 225.203796 293.926239 380.198303 466.438477 457.465088 371.263306 300.636780 256.827057 285.055237 360.703461 472.598694 539.752563 472.598694 360.703461 285.055237 256.827057 300.636780 371.263306 457.465088 466.438477 380.198303 293.926239 225.203796 249.907700 271.087372 314.211365 350.622345 327.374084 268.189392 188.269714 212.475723 218.633453 223.798615 240.528351 242.811844 217.996918,
 181.012299 197.575363 233.282990 267.011841 263.919037 230.158218 184.967133 199.909454 230.051697 304.731445 368.795654 347.041260 272.667969 204.856445 211.758789 263.925934 382.299896 471.340424 413.457489 294.039948 213.972687 216.060486 289.322876 428.282654 517.138184 428.282654 289.322876 216.060486 213.972687 294.039948 413.457489 471.340424 382.299896 263.925934 211.758789 204.856445 272.667969 347.041260 368.795654 304.731445 230.051697 199.909454 184.967133 230.158218 263.919037 267.011841 233.282990 197.575363 181.012299,
 173.575867 179.774506 199.583115 235.008484 258.506622 242.871002 199.475342 173.624100 197.320099 256.325775 333.333801 365.592621 318.804047 238.587021 188.620819 251.173798 363.842194 469.197174 466.250702 359.093658 247.437073 222.316803 326.125092 467.482697 543.020264 467.482697 326.125092 222.316803 247.437073 359.093658 466.250702 469.197174 363.842194 251.173798 188.620819 238.587021 318.804047 365.592621 333.333801 256.325775 197.320099 173.624100 199.475342 242.871002 258.506622 235.008484 199.583115 179.774506 173.575867,
 0.258924 -2.265105 4.154016 17.131393 27.702473 29.155823 22.867100 21.303745 23.691271 31.855228 43.036510 47.780056 42.262375 32.561291 42.935593 56.244938 77.267296 93.017853 87.347572 64.889191 43.717957 49.642616 75.718292 110.548233 128.840240 110.548233 75.718292 49.642616 43.717957 64.889191 87.347572 93.017853 77.267296 56.244938 42.935593 32.561291 42.262375 47.780056 43.036510 31.855228 23.691271 21.303745 22.867100 29.155823 27.702473 17.131393 4.154016 -2.265105 0.258924,
 17.874254 20.962055 16.256969 11.675724 15.037050 19.844368 16.314566 41.598072 59.073555 67.095726 51.247849 29.345276 25.653822 32.126034 49.222271 77.434593 113.913368 112.681824 69.663139 37.757339 35.877048 42.405182 63.187275 113.345108 145.556610 113.345108 63.187275 42.405182 35.877048 37.757339 69.663139 112.681824 113.913368 77.434593 49.222271 32.126034 25.653822 29.345276 51.247849 67.095726 59.073555 41.598072 16.314566 19.844368 15.037050 11.675724 16.256969 20.962055 17.874254,
 12.097572 -0.787280 10.275605 28.806086 24.830711 16.066563 16.712147 22.665405 20.441458 45.290272 65.991287 47.297092 27.591486 30.104259 28.764908 34.338486 74.837631 103.496864 71.364548 35.619057 34.998680 33.119118 38.883369 84.630219 120.502380 84.630219 38.883369 33.119118 34.998680 35.619057 71.364548 103.496864 74.837631 34.338486 28.764908 30.104259 27.591486 47.297092 65.991287 45.290272 20.441458 22.665405 16.712147 16.066563 24.830711 28.806086 10.275605 -0.787280 12.097572,
 18.080120 28.057774 38.390663 44.600739 38.882126 31.491123 31.916008 24.818787 36.580463 55.603039 69.212456 61.316181 48.487377 46.924637 39.325737 58.483799 93.619072 121.222130 107.982094 79.971481 67.147781 63.378574 86.123352 128.329727 155.812897 128.329727 86.123352 63.378574 67.147781 79.971481 107.982094 121.222130 93.619072 58.483799 39.325737 46.924637 48.487377 61.316181 69.212456 55.603039 36.580463 24.818787 31.916008 31.491123 38.882126 44.600739 38.390663 28.057774 18.080120,

Pairwise cross-correlations of the modulus of all oriented sub-bands at the same scale (size QxQ)
 144.579376 102.941566 59.616058 98.777931,
 102.941566 156.673294 104.654488 68.620369,
 59.616058 104.654488 159.176971 108.753914,
 98.777931 68.620369 108.753914 153.701324,
 428.251068 333.326416 331.012787 334.269073,
 333.326416 431.015808 359.288910 272.515442,
 331.012787 359.288910 495.670929 361.306030,
 334.269073 272.515442 361.306030 404.385956,
 682.211853 472.405304 369.002533 424.356628,
 472.405304 539.752563 376.560913 335.244385,
 369.002533 376.560913 517.138245 404.076965,
 424.356628 335.244385 404.076965 543.020386,
 128.840240 89.908226 69.290955 91.122894,
 89.908226 145.556625 95.860565 49.675499,
 69.290955 95.860565 120.502388 76.952423,
 91.122894 49.675499 76.952423 155.812927,

Cross-correlations of the modulus of all oriented sub-bands with all oriented sub-bands at the coarser scale (size QxQ)
 207.963364 172.353653 151.596375 164.684265,
 185.546432 222.431259 198.792587 144.109985,
 144.740067 174.165710 237.565521 170.961929,
 181.299713 143.676926 199.917862 211.486557,
 417.782318 337.072052 287.915222 321.781097,
 388.352722 378.872223 321.808319 296.337616,
 349.084656 338.434906 372.153687 347.569366,
 350.527252 276.499023 317.564423 351.763275,
 182.572159 164.172256 149.790787 199.088837,
 140.681778 169.130646 147.891800 143.296661,
 148.040497 165.562805 154.124664 158.522095,
 164.626709 144.518265 127.920685 177.017181,

Cross-correlations of the real part of each oriented sub-band with both the real and imaginary part of all phase-doubled oriented sub-bands at the next coarser scale (Q matrices of size 1x2Q, which are computed and stored in a matrix of size Qx2Q)
 68.797188 30.712379 3.651452 30.660633 1.070303 1.483458 -0.250774 0.080889,
 32.111782 73.477478 42.455311 5.518265 1.395302 2.561462 -2.465852 0.013255,
 3.223714 36.909081 105.539314 48.288689 0.016670 0.844894 -4.066803 0.536481,
 28.787128 4.410487 48.056969 83.790466 0.195875 0.757344 -1.419657 0.894308,
 -132.787689 -61.346127 -7.280976 -66.064301 -32.002991 -8.065429 4.623950 10.306592,
 -57.654133 -130.526596 -59.283768 -9.335828 -20.229321 14.349666 11.572845 -0.315476,
 -7.927919 -56.526081 -141.895294 -73.364311 -2.098366 18.711651 12.820889 15.727110,
 -61.882027 -6.165806 -66.500496 -148.667648 -7.928497 -1.135578 6.421069 40.831360,
 -70.392586 -23.040642 -1.575840 -21.027723 -33.564938 -12.795290 -1.128405 -28.135691,
 -36.603065 -39.498253 -43.138706 -10.837811 -19.477453 -9.272008 15.068736 1.315296,
 -0.002747 -18.546711 -92.851562 -35.152195 4.351925 4.112309 35.635269 -15.122070,
 -16.697613 -3.386075 -35.236797 -47.517990 6.059952 -0.030809 12.564148 -67.279915,
