Low-band skewness and kurtosis
 -2.085897 5.696373,
 -2.156000 6.500950,
 -1.520985 4.245662,
 -1.237564 3.711364,
 -0.988651 3.024536,

High-band variance
 164.138824,

Skewness, kurtosis, variance, mean, maximum and minimum of the reconstructed texture
 -2.069710 5.432608 6984.581543 219.769958 255.000000 0.000000,

Auto-correlations of the low-frequency bands at each scale
 2697.081787 3245.938721 3640.887939 3778.430176 3624.869873 3246.343506 2732.459229 3265.920898 4030.091553 4693.393066 4956.244141 4646.299316 3971.603760 3220.740234 3662.640869 4698.957031 5743.818359 6203.011719 5696.962891 4632.183594 3598.285400 3778.071777 4951.738281 6202.415039 6784.659180 6202.415039 4951.738281 3778.071777 3598.285400 4632.183594 5696.962891 6203.011719 5743.818359 4698.957031 3662.640869 3220.740234 3971.603760 4646.299316 4956.244141 4693.393066 4030.091553 3265.920898 2732.459229 3246.343506 3624.869873 3778.430176 3640.887939 3245.938721 2697.081787,
 1221.842651 1252.468750 1350.720093 1425.916138 1469.121704 1582.632324 1685.256714 1324.019165 1684.000977 2415.458008 2810.313232 2436.486328 1822.875000 1542.154175 1506.639893 2465.982422 4170.230469 5058.657227 4120.759766 2435.783203 1498.219482 1562.271362 2845.443848 5054.304688 6229.098633 5054.304688 2845.443848 1562.271362 1498.219482 2435.783203 4120.759766 5058.657227 4170.230469 2465.982422 1506.639893 1542.154175 1822.875000 2436.486328 2810.313232 2415.458008 1684.000977 1324.019165 1685.256714 1582.632324 1469.121704 1425.916138 1350.720093 1252.468750 1221.842651,
 1052.237549 1102.581055 1081.541382 1027.236328 1033.319946 1181.482666 1368.977783 1339.814697 1109.566650 1197.864258 1401.495728 1305.982422 1321.479248 1571.821045 1318.445679 1292.505127 2246.984863 3057.412109 2373.826660 1441.642822 1378.473267 1221.815918 1498.508423 3072.113281 4199.710449 3072.113281 1498.508423 1221.815918 1378.473267 1441.642822 2373.826660 3057.412109 2246.984863 1292.505127 1318.445679 1571.821045 1321.479248 1305.982422 1401.495728 1197.864258 1109.566650 1339.814697 1368.977783 1181.482666 1033.319946 1027.236328 1081.541382 1102.581055 1052.237549,
 234.659973 480.819153 625.027832 785.312378 960.814453 1023.681824 856.361267 403.023224 727.188660 929.940552 1053.821533 1070.381226 1033.968140 908.400269 573.420044 1040.468506 1540.427246 1811.950684 1585.118164 1207.862549 965.270630 876.132202 1335.389771 1986.530762 2359.532227 1986.530762 1335.389771 876.132202 965.270630 1207.862549 1585.118164 1811.950684 1540.427246 1040.468506 573.420044 908.400269 1033.968140 1070.381226 1053.821533 929.940552 727.188660 403.023224 856.361267 1023.681824 960.814453 785.312378 625.027832 480.819153 234.659973,
 -672.256226 -795.944336 -640.705933 -330.006561 -99.037140 -24.274811 -122.729736 -658.237000 -549.106018 -102.666870 381.221069 582.786621 448.672974 66.616028 -468.054749 12.589691 783.822998 1311.808960 1211.694336 651.931396 7.266418 -213.714752 497.603607 1355.751709 1762.754150 1355.751709 497.603607 -213.714752 7.266418 651.931396 1211.694336 1311.808960 783.822998 12.589691 -468.054749 66.616028 448.672974 582.786621 381.221069 -102.666870 -549.106018 -658.237000 -122.729736 -24.274811 -99.037140 -330.006561 -640.705933 -795.944336 -672.256226,

Auto-correlations of the modulus of each oriented sub-band
 87.204132 95.104340 101.840805 103.204086 97.745682 88.275116 79.873688 105.283775 118.006554 129.305252 132.870926 126.132263 112.599892 99.270576 123.738037 141.931717 158.548904 164.819901 156.781662 138.882278 120.255188 130.982605 152.073410 171.912201 180.227814 171.912201 152.073410 130.982605 120.255188 138.882278 156.781662 164.819901 158.548904 141.931717 123.738037 99.270576 112.599892 126.132263 132.870926 129.305252 118.006554 105.283775 79.873688 88.275116 97.745682 103.204086 101.840805 95.104340 87.204132,
 108.860519 113.056084 114.098175 110.059532 101.551300 91.299965 81.748062 114.208084 129.583206 140.565979 140.426880 128.703674 110.899994 93.156082 115.819504 141.063812 162.440567 168.017731 154.246689 129.435150 103.934509 112.137039 141.129181 168.106537 179.792953 168.106537 141.129181 112.137039 103.934509 129.435150 154.246689 168.017731 162.440567 141.063812 115.819504 93.156082 110.899994 128.703674 140.426880 140.565979 129.583206 114.208084 81.748062 91.299965 101.551300 110.059532 114.098175 113.056084 108.860519,
 89.074120 106.902969 125.514450 134.338348 126.739136 108.957428 91.402382 98.013283 120.448936 144.123627 155.284439 144.584167 121.155403 98.751808 106.410721 132.995834 161.311234 174.853882 161.384811 133.073135 106.451248 109.807251 138.095413 168.352112 182.980331 168.352112 138.095413 109.807251 106.451248 133.073135 161.384811 174.853882 161.311234 132.995834 106.410721 98.751808 121.155403 144.584167 155.284439 144.123627 120.448936 98.013283 91.402382 108.957428 126.739136 134.338348 125.514450 106.902969 89.074120,
 86.654694 99.325928 112.871246 124.827179 132.610413 134.488510 130.751251 98.305954 120.495934 142.663300 158.029144 160.741119 150.259491 132.584091 111.298523 141.937057 171.211838 187.875854 183.076431 159.758163 130.261414 122.820229 156.901672 187.583740 200.603607 187.583740 156.901672 122.820229 130.261414 159.758163 183.076431 187.875854 171.211838 141.937057 111.298523 132.584091 150.259491 160.741119 158.029144 142.663300 120.495934 98.305954 130.751251 134.488510 132.610413 124.827179 112.871246 99.325928 86.654694,
 230.170532 243.366180 251.770935 254.239670 250.637085 241.744751 229.122192 278.145721 305.086334 323.782928 328.306702 317.148102 294.474457 266.796295 334.345825 384.918488 425.011017 438.383118 417.850983 373.767303 322.765686 357.639526 422.089630 477.667969 500.922729 477.667969 422.089630 357.639526 322.765686 373.767303 417.850983 438.383118 425.011017 384.918488 334.345825 266.796295 294.474457 317.148102 328.306702 323.782928 305.086334 278.145721 229.122192 241.744751 250.637085 254.239670 251.770935 243.366180 230.170532,
 300.183105 326.604248 332.622833 313.684204 283.217316 255.568604 234.770386 330.620148 377.704651 402.590515 386.396179 339.280212 289.816101 252.061127 336.051025 404.426758 460.055786 464.246338 410.568542 338.975830 279.872009 313.889587 387.328705 464.428497 501.228943 464.428497 387.328705 313.889587 279.872009 338.975830 410.568542 464.246338 460.055786 404.426758 336.051025 252.061127 289.816101 339.280212 386.396179 402.590515 377.704651 330.620148 234.770386 255.568604 283.217316 313.684204 332.622833 326.604248 300.183105,
 238.445541 290.950745 355.739563 388.118164 363.253357 315.104797 277.281128 251.772461 314.279694 397.948914 442.403290 404.156555 332.883331 280.225281 265.050079 335.482849 435.476807 491.325531 439.260681 345.814697 279.850433 275.104492 347.632080 452.717072 512.643921 452.717072 347.632080 275.104492 279.850433 345.814697 439.260681 491.325531 435.476807 335.482849 265.050079 280.225281 332.883331 404.156555 442.403290 397.948914 314.279694 251.772461 277.281128 315.104797 363.253357 388.118164 355.739563 290.950745 238.445541,
 244.836838 274.078949 318.153259 367.355286 399.800842 396.636749 360.239166 259.520569 306.569458 376.895508 444.831970 469.632324 436.618652 370.668762 285.708099 358.167114 454.358185 526.122681 519.898193 444.882202 354.747650 321.204163 413.290405 515.126831 563.735840 515.126831 413.290405 321.204163 354.747650 444.882202 519.898193 526.122681 454.358185 358.167114 285.708099 370.668762 436.618652 469.632324 444.831970 376.895508 306.569458 259.520569 360.239166 396.636749 399.800842 367.355286 318.153259 274.078949 244.836838,
 141.220764 158.692337 171.115784 182.479568 192.762787 198.115646 194.219666 206.520401 233.715942 253.962708 264.814331 262.874512 244.956970 213.135300 267.224518 333.107300 390.191772 412.413940 386.764648 324.945435 251.792938 282.952820 378.501495 467.976959 506.864532 467.976959 378.501495 282.952820 251.792938 324.945435 386.764648 412.413940 390.191772 333.107300 267.224518 213.135300 244.956970 262.874512 264.814331 253.962708 233.715942 206.520401 194.219666 198.115646 192.762787 182.479568 171.115784 158.692337 141.220764,
 211.595947 246.185883 253.151917 244.456100 243.284363 255.027313 262.727722 276.562958 340.406464 368.138458 343.294922 298.327972 272.010651 265.113678 301.790466 396.611237 476.195679 475.691437 396.672668 314.796112 269.610107 287.322479 375.343567 486.839264 545.572388 486.839264 375.343567 287.322479 269.610107 314.796112 396.672668 475.691437 476.195679 396.611237 301.790466 265.113678 272.010651 298.327972 343.294922 368.138458 340.406464 276.562958 262.727722 255.027313 243.284363 244.456100 253.151917 246.185883 211.595947,
 136.031464 165.177582 219.685501 267.129578 264.972321 243.614471 221.802826 166.219009 199.217697 284.868896 348.933472 304.747009 245.500076 217.913223 186.956573 225.325043 342.399628 431.239807 345.979706 244.374115 209.697235 199.943634 239.544586 365.038696 468.126648 365.038696 239.544586 199.943634 209.697235 244.374115 345.979706 431.239807 342.399628 225.325043 186.956573 217.913223 245.500076 304.747009 348.933472 284.868896 199.217697 166.219009 221.802826 243.614471 264.972321 267.129578 219.685501 165.177582 136.031464,
 132.170792 158.548859 181.152069 211.298798 237.264496 240.940247 218.689438 150.024597 174.884659 221.762604 284.234741 318.577240 293.749390 232.085052 162.789642 213.208755 308.942871 403.150085 409.224548 319.390259 218.781769 186.691574 277.907501 406.455750 475.680786 406.455750 277.907501 186.691574 218.781769 319.390259 409.224548 403.150085 308.942871 213.208755 162.789642 232.085052 293.749390 318.577240 284.234741 221.762604 174.884659 150.024597 218.689438 240.940247 237.264496 211.298798 181.152069 158.548859 132.170792,
 -9.743028 -10.670650 -11.172082 -10.349336 -5.960895 -0.478300 4.451875 -4.952820 -0.081829 4.487166 8.892561 10.980260 9.981874 10.816191 2.408509 18.835045 38.516590 49.849342 41.613491 22.866226 10.694932 7.930338 30.052217 61.454990 78.398369 61.454990 30.052217 7.930338 10.694932 22.866226 41.613491 49.849342 38.516590 18.835045 2.408509 10.816191 9.981874 10.980260 8.892561 4.487166 -0.081829 -4.952820 4.451875 -0.478300 -5.960895 -10.349336 -11.172082 -10.670650 -9.743028,
 6.797970 16.217178 21.211033 15.483173 6.759079 7.689026 11.147068 12.688641 31.499224 48.529030 43.893097 23.166077 11.630445 10.863241 16.547829 40.720448 74.240768 80.599144 50.348320 21.688923 11.271017 14.778588 35.573025 75.813347 101.216835 75.813347 35.573025 14.778588 11.271017 21.688923 50.348320 80.599144 74.240768 40.720448 16.547829 10.863241 11.630445 23.166077 43.893097 48.529030 31.499224 12.688641 11.147068 7.689026 6.759079 15.483173 21.211033 16.217178 6.797970,
 22.518047 40.166874 64.316528 92.000504 100.940399 80.338699 46.117435 38.415863 68.070755 108.510216 140.385254 134.491791 94.788284 52.691795 48.900913 89.507439 147.248199 184.145859 160.763092 102.192253 55.230129 54.120667 100.899521 167.083038 203.058792 167.083038 100.899521 54.120667 55.230129 102.192253 160.763092 184.145859 147.248199 89.507439 48.900913 52.691795 94.788284 134.491791 140.385254 108.510216 68.070755 38.415863 46.117435 80.338699 100.940399 92.000504 64.316528 40.166874 22.518047,
 19.381620 20.483456 30.052759 50.331696 64.851082 53.413166 25.494692 34.245895 39.412872 57.627399 85.476768 95.079117 70.388184 38.741898 43.638817 56.046143 88.294319 121.683624 116.796532 77.950500 46.326485 47.244503 71.220467 114.449409 139.796524 114.449409 71.220467 47.244503 46.326485 77.950500 116.796532 121.683624 88.294319 56.046143 43.638817 38.741898 70.388184 95.079117 85.476768 57.627399 39.412872 34.245895 25.494692 53.413166 64.851082 50.331696 30.052759 20.483456 19.381620,

Pairwise cross-correlations of the modulus of all oriented sub-bands at the same scale (size QxQ)
 180.227844 123.493607 77.015465 127.117783,
 123.493607 179.792969 119.448822 80.745712,
 77.015465 119.448822 182.980377 132.303238,
 127.117783 80.745712 132.303238 200.603607,
 500.922760 401.994629 344.905609 419.484894,
 401.994629 501.228943 399.033234 405.180328,
 344.905609 399.033234 512.643982 422.823608,
 419.484894 405.180328 422.823608 563.735901,
 506.864563 395.331604 295.045654 371.529388,
 395.331604 545.572388 367.515106 328.435669,
 295.045654 367.515106 468.126648 351.844330,
 371.529388 328.435669 351.844330 475.680847,
 78.398384 35.549553 27.622126 51.602058,
 35.549553 101.216843 97.049103 51.243469,
 27.622126 97.049103 203.058838 128.192841,
 51.602058 51.243469 128.192841 139.796539,

Cross-correlations of the modulus of all oriented sub-bands with all oriented sub-bands at the coarser scale (size QxQ)
 255.571869 218.379272 171.177521 229.884430,
 217.831421 255.112244 215.098557 193.262787,
 174.006775 213.215363 262.419556 233.428299,
 217.128952 196.216995 222.013702 286.033447,
 357.311798 365.336151 297.377106 342.394257,
 321.268982 377.385468 320.074677 302.385498,
 309.991852 363.981110 353.968140 309.490967,
 344.043915 363.553162 322.536865 357.002014,
 96.090843 95.913513 155.836884 145.598206,
 80.061745 118.596329 187.370407 152.421646,
 61.668320 85.696243 159.354034 140.210495,
 74.031624 66.080330 148.092682 142.389023,

Cross-correlations of the real part of each oriented sub-band with both the real and imaginary part of all phase-doubled oriented sub-bands at the next coarser scale (Q matrices of size 1x2Q, which are computed and stored in a matrix of size Qx2Q)
 116.158409 48.837135 5.749185 64.179604 4.117258 -0.492451 -0.227285 0.662153,
 46.412750 102.225342 42.187771 5.792385 2.612156 -2.240843 -1.673312 0.437864,
 6.752901 42.825401 109.795082 62.653816 0.232595 -2.319465 0.629101 2.020416,
 61.320137 5.512107 58.411774 142.212936 -0.003015 -0.302836 1.411200 0.874579,
 -152.960876 -50.269367 -8.360412 -75.938652 51.286095 3.947271 0.449245 -3.214742,
 -60.562973 -116.875099 -52.737770 -10.254580 19.086182 -1.593330 -12.264065 -3.689618,
 -10.636300 -58.348022 -115.789253 -63.978451 -0.465891 -8.594069 -26.907305 -1.710844,
 -83.261032 -7.967359 -55.657623 -146.358826 22.719982 -1.929046 -8.500854 11.411924,
 -34.006680 -9.267879 -0.021157 -22.972691 -42.280434 -20.263458 -1.057747 3.503434,
 -5.574756 -21.544298 -8.993725 -3.699593 -23.630444 -10.566010 11.845708 -0.069202,
 0.871746 -13.023982 -11.798978 4.931509 -2.845957 14.652487 19.406582 -31.262302,
 -21.249216 -1.361429 0.718221 -11.802052 -17.123404 2.818552 -1.579064 -29.205114,
