Low-band skewness and kurtosis
 -2.117596 5.799889,
 -2.169050 6.459801,
 -1.679903 4.872465,
 -1.453226 4.866746,
 -0.982858 2.947912,

High-band variance
 146.795502,

Skewness, kurtosis, variance, mean, maximum and minimum of the reconstructed texture
 -2.104883 5.569695 6933.859863 220.447876 255.000000 0.000000,

Auto-correlations of the low-frequency bands at each scale
 2653.450195 3277.450439 3748.757812 3949.566406 3832.165039 3463.790283 2947.299316 3249.340332 4047.696533 4752.447266 5078.798828 4845.738281 4232.160645 3507.207520 3729.452148 4737.357422 5748.497559 6227.534180 5812.281738 4856.545898 3885.304688 3972.297363 5075.136719 6222.842773 6754.788086 6222.842773 5075.136719 3972.297363 3885.304688 4856.545898 5812.281738 6227.534180 5748.497559 4737.357422 3729.452148 3507.207520 4232.160645 4845.738281 5078.798828 4752.447266 4047.696533 3249.340332 2947.299316 3463.790283 3832.165039 3949.566406 3748.757812 3277.450439 2653.450195,
 964.650208 1031.980469 1257.246582 1440.346680 1425.963379 1364.438965 1350.166748 1010.230774 1535.164185 2440.653809 2976.214844 2629.161621 1917.197144 1491.303467 1275.698853 2431.872559 4200.149414 5158.439453 4351.335938 2725.923828 1645.550415 1577.874146 3025.077637 5159.924316 6257.333984 5159.924316 3025.077637 1577.874146 1645.550415 2725.923828 4351.335938 5158.439453 4200.149414 2431.872559 1275.698853 1491.303467 1917.197144 2629.161621 2976.214844 2440.653809 1535.164185 1010.230774 1350.166748 1364.438965 1425.963379 1440.346680 1257.246582 1031.980469 964.650208,
 1089.466309 960.969727 818.503357 844.154663 967.316833 1244.227539 1516.340576 925.473877 775.335327 948.518066 1246.341064 1202.974121 1209.671387 1426.649658 644.324097 853.488831 2130.576660 3115.669189 2394.682617 1234.840576 974.391602 623.247009 1181.684937 3150.536133 4436.477539 3150.536133 1181.684937 623.247009 974.391602 1234.840576 2394.682617 3115.669189 2130.576660 853.488831 644.324097 1426.649658 1209.671387 1202.974121 1246.341064 948.518066 775.335327 925.473877 1516.340576 1244.227539 967.316833 844.154663 818.503357 960.969727 1089.466309,
 -122.617249 67.862915 179.914734 399.820374 796.027527 932.505249 742.089905 262.689697 479.070312 685.399109 902.989807 1049.963135 985.459717 756.665649 540.989685 776.369141 1306.122925 1726.411743 1486.428833 1006.154907 737.378479 677.881592 963.323242 1706.015625 2214.951172 1706.015625 963.323242 677.881592 737.378479 1006.154907 1486.428833 1726.411743 1306.122925 776.369141 540.989685 756.665649 985.459717 1049.963135 902.989807 685.399109 479.070312 262.689697 742.089905 932.505249 796.027527 399.820374 179.914734 67.862915 -122.617249,
 -505.020294 -651.172363 -713.234436 -475.447693 -94.398621 40.715851 -134.150238 -452.005310 -480.716949 -279.277039 201.353073 573.721558 485.407562 77.632645 -266.178589 -17.011810 532.952942 1073.282715 1094.266602 620.366211 85.762650 -70.797821 423.704834 1135.224976 1508.253906 1135.224976 423.704834 -70.797821 85.762650 620.366211 1094.266602 1073.282715 532.952942 -17.011810 -266.178589 77.632645 485.407562 573.721558 201.353073 -279.277039 -480.716949 -452.005310 -134.150238 40.715851 -94.398621 -475.447693 -713.234436 -651.172363 -505.020294,

Auto-correlations of the modulus of each oriented sub-band
 70.909103 80.628120 90.028084 94.971268 93.478371 87.204369 80.016708 88.945435 103.661118 117.260262 123.687004 120.092247 108.933670 95.965240 107.369431 127.161751 144.970840 152.630722 146.375168 129.814560 110.890030 116.417526 138.368134 158.010742 166.056335 158.010742 138.368134 116.417526 110.890030 129.814560 146.375168 152.630722 144.970840 127.161751 107.369431 95.965240 108.933670 120.092247 123.687004 117.260262 103.661118 88.945435 80.016708 87.204369 93.478371 94.971268 90.028084 80.628120 70.909103,
 100.920464 108.148697 112.235733 110.046585 100.982819 87.426865 73.068001 105.994682 123.073914 136.062805 137.659576 126.120972 106.186340 84.721413 107.663109 133.498764 155.483047 162.068512 148.975357 123.520638 95.937996 104.238785 133.929108 160.811371 172.304901 160.811371 133.929108 104.238785 95.937996 123.520638 148.975357 162.068512 155.483047 133.498764 107.663109 84.721413 106.186340 126.120972 137.659576 136.062805 123.073914 105.994682 73.068001 87.426865 100.982819 110.046585 112.235733 108.148697 100.920464,
 71.570961 90.426880 107.388687 113.866371 106.311905 90.519928 74.939308 80.257050 103.964890 126.210098 135.201050 125.014420 103.780640 82.934372 88.360466 115.867546 142.725433 154.393890 141.867462 115.632729 89.832176 92.138763 120.536819 149.046875 162.272827 149.046875 120.536819 92.138763 89.832176 115.632729 141.867462 154.393890 142.725433 115.867546 88.360466 82.934372 103.780640 125.014420 135.201050 126.210098 103.964890 80.257050 74.939308 90.519928 106.311905 113.866371 107.388687 90.426880 71.570961,
 66.162575 78.161530 88.524109 95.608597 97.966217 95.755066 91.125084 77.712868 95.774826 112.076797 121.868011 121.123306 110.721878 96.758492 88.344437 112.208328 134.376373 146.274261 140.898163 121.618088 99.023941 96.099648 122.319160 146.425705 156.869339 146.425705 122.319160 96.099648 99.023941 121.618088 140.898163 146.274261 134.376373 112.208328 88.344437 96.758492 110.721878 121.123306 121.868011 112.076797 95.774826 77.712868 91.125084 95.755066 97.966217 95.608597 88.524109 78.161530 66.162575,
 167.270264 178.030258 186.262558 192.593109 197.797379 201.401932 201.370605 222.954758 249.063095 268.813263 277.178131 273.185944 260.758881 244.549911 284.229584 331.666199 370.599548 385.890198 370.931946 335.407593 294.659821 315.261902 371.723083 421.235199 442.086426 421.235199 371.723083 315.261902 294.659821 335.407593 370.931946 385.890198 370.599548 331.666199 284.229584 244.549911 260.758881 273.185944 277.178131 268.813263 249.063095 222.954758 201.370605 201.401932 197.797379 192.593109 186.262558 178.030258 167.270264,
 270.180817 291.091064 281.061646 247.948730 212.737167 188.170959 173.008820 288.920013 337.548462 354.809692 327.192810 273.327637 222.406570 187.547211 282.029846 356.238586 414.095642 413.892822 353.875488 276.628845 215.687683 252.474457 331.535645 415.411011 454.956421 415.411011 331.535645 252.474457 215.687683 276.628845 353.875488 413.892822 414.095642 356.238586 282.029846 187.547211 222.406570 273.327637 327.192810 354.809692 337.548462 288.920013 173.008820 188.170959 212.737167 247.948730 281.061646 291.091064 270.180817,
 162.150604 210.833908 269.366119 302.035950 284.217377 234.853561 188.606995 176.067871 239.998322 318.910706 361.381439 330.152649 257.841644 195.854340 188.574890 266.137756 364.521820 416.291229 369.988678 275.212708 199.267029 197.036789 279.559753 385.392883 440.451294 385.392883 279.559753 197.036789 199.267029 275.212708 369.988678 416.291229 364.521820 266.137756 188.574890 195.854340 257.841644 330.152649 361.381439 318.910706 239.998322 176.067871 188.606995 234.853561 284.217377 302.035950 269.366119 210.833908 162.150604,
 110.087334 139.853989 184.871124 237.507187 279.117096 290.174316 268.645477 142.924469 190.421432 255.752243 320.563293 352.305359 334.905396 285.292023 187.925461 254.861816 338.041077 401.857788 404.005798 347.686646 273.868164 236.672943 316.316162 399.676819 438.488892 399.676819 316.316162 236.672943 273.868164 347.686646 404.005798 401.857788 338.041077 254.861816 187.925461 285.292023 334.905396 352.305359 320.563293 255.752243 190.421432 142.924469 268.645477 290.174316 279.117096 237.507187 184.871124 139.853989 110.087334,
 167.331406 185.116852 196.726486 205.485733 217.163406 230.475739 235.950821 184.529327 213.933090 246.222870 271.863617 285.243073 286.016174 273.415253 225.944427 293.449463 369.591766 415.115845 403.900055 351.826904 290.950348 273.944580 366.881073 465.736816 511.973389 465.736816 366.881073 273.944580 290.950348 351.826904 403.900055 415.115845 369.591766 293.449463 225.944427 273.415253 286.016174 285.243073 271.863617 246.222870 213.933090 184.529327 235.950821 230.475739 217.163406 205.485733 196.726486 185.116852 167.331406,
 200.907043 263.881531 295.339996 284.223846 253.409576 237.380020 242.829712 253.937439 350.027039 417.844360 409.191956 343.620422 283.789612 261.023499 298.354279 421.698364 543.499878 564.313782 470.029785 354.216858 286.933319 306.753906 418.792938 568.320435 644.997742 568.320435 418.792938 306.753906 286.933319 354.216858 470.029785 564.313782 543.499878 421.698364 298.354279 261.023499 283.789612 343.620422 409.191956 417.844360 350.027039 253.937439 242.829712 237.380020 253.409576 284.223846 295.339996 263.881531 200.907043,
 141.770035 195.918274 258.953827 272.045593 234.161621 215.561584 226.412491 153.889938 225.226715 338.783051 385.306793 312.409943 236.763062 213.854874 167.251724 251.367645 412.754181 500.794495 394.508392 256.471283 197.423874 181.773972 263.576599 437.467438 552.781372 437.467438 263.576599 181.773972 197.423874 256.471283 394.508392 500.794495 412.754181 251.367645 167.251724 213.854874 236.763062 312.409943 385.306793 338.783051 225.226715 153.889938 226.412491 215.561584 234.161621 272.045593 258.953827 195.918274 141.770035,
 185.039932 186.702850 202.305588 231.988922 262.642609 276.193756 267.148621 194.881897 223.297852 275.445923 339.425903 377.962402 365.412720 319.761597 231.654175 303.775482 403.694275 491.060669 497.022034 423.250397 330.026733 287.885437 393.404236 511.798279 570.963501 511.798279 393.404236 287.885437 330.026733 423.250397 497.022034 491.060669 403.694275 303.775482 231.654175 319.761597 365.412720 377.962402 339.425903 275.445923 223.297852 194.881897 267.148621 276.193756 262.642609 231.988922 202.305588 186.702850 185.039932,
 6.524300 15.554053 23.174658 29.735062 36.413773 41.955894 41.295784 17.625225 28.714802 36.813034 40.997814 43.970070 46.852352 45.482388 31.396341 59.385731 83.446365 92.141937 84.548050 69.761314 55.580864 52.041119 88.527802 125.880157 142.830963 125.880157 88.527802 52.041119 55.580864 69.761314 84.548050 92.141937 83.446365 59.385731 31.396341 45.482388 46.852352 43.970070 40.997814 36.813034 28.714802 17.625225 41.295784 41.955894 36.413773 29.735062 23.174658 15.554053 6.524300,
 3.892196 3.094112 19.189373 43.471733 55.013195 41.750301 16.876781 25.080357 34.111473 52.921646 69.003441 68.176071 52.250183 31.747997 34.494461 66.729897 106.780113 122.891304 98.693184 60.528316 36.075554 34.211006 72.189880 128.253693 158.261383 128.253693 72.189880 34.211006 36.075554 60.528316 98.693184 122.891304 106.780113 66.729897 34.494461 31.747997 52.250183 68.176071 69.003441 52.921646 34.111473 25.080357 16.876781 41.750301 55.013195 43.471733 19.189373 3.094112 3.892196,
 10.968672 19.304672 17.516930 25.289688 36.207645 33.847542 25.732634 20.778587 24.620321 29.059429 53.730145 59.510777 41.604286 27.871712 22.861595 29.571888 54.861332 95.353119 79.909416 42.799427 25.510429 23.230789 37.233685 78.835663 117.348289 78.835663 37.233685 23.230789 25.510429 42.799427 79.909416 95.353119 54.861332 29.571888 22.861595 27.871712 41.604286 59.510777 53.730145 29.059429 24.620321 20.778587 25.732634 33.847542 36.207645 25.289688 17.516930 19.304672 10.968672,
 -41.139130 -16.374771 20.907669 53.181923 63.157814 52.838127 41.311264 -15.645922 13.184343 57.897888 96.797234 96.735077 64.675117 40.846626 7.725175 38.981380 96.466400 142.235764 122.783890 67.780441 36.345200 25.660807 58.750187 123.836540 163.883255 123.836540 58.750187 25.660807 36.345200 67.780441 122.783890 142.235764 96.466400 38.981380 7.725175 40.846626 64.675117 96.735077 96.797234 57.897888 13.184343 -15.645922 41.311264 52.838127 63.157814 53.181923 20.907669 -16.374771 -41.139130,

Pairwise cross-correlations of the modulus of all oriented sub-bands at the same scale (size QxQ)
 166.056366 114.047203 66.312897 111.463539,
 114.047203 172.304916 112.735710 67.695541,
 66.312897 112.735710 162.272827 103.062599,
 111.463539 67.695541 103.062599 156.869339,
 442.086456 347.994110 304.071075 352.272400,
 347.994110 454.956482 340.762238 306.512695,
 304.071075 340.762238 440.451355 358.988037,
 352.272400 306.512695 358.988037 438.488922,
 511.973389 418.423645 339.695496 438.970886,
 418.423645 644.997803 444.903381 359.943604,
 339.695496 444.903381 552.781372 404.314331,
 438.970886 359.943604 404.314331 570.963562,
 142.830963 94.443405 62.102470 89.761467,
 94.443405 158.261398 87.586670 71.238724,
 62.102470 87.586670 117.348282 84.819489,
 89.761467 71.238724 84.819489 163.883270,

Cross-correlations of the modulus of all oriented sub-bands with all oriented sub-bands at the coarser scale (size QxQ)
 231.992249 183.760818 151.513321 190.456985,
 192.069153 240.405197 189.974823 162.348068,
 149.641632 189.305908 229.583542 189.350479,
 191.593582 145.859848 185.697876 222.354630,
 359.458374 364.929260 327.931976 369.496552,
 319.240082 417.959503 356.721069 323.518036,
 302.263916 378.344940 377.494873 346.491974,
 331.248383 359.316101 346.118164 379.201080,
 148.576599 160.750275 114.780472 167.923676,
 174.859726 164.934280 121.554161 171.653656,
 134.855408 144.470856 124.361748 164.936218,
 121.756973 153.386032 125.710861 182.222244,

Cross-correlations of the real part of each oriented sub-band with both the real and imaginary part of all phase-doubled oriented sub-bands at the next coarser scale (Q matrices of size 1x2Q, which are computed and stored in a matrix of size Qx2Q)
 93.307114 38.165302 4.923694 41.063675 1.886652 -1.215961 0.911298 -1.167096,
 38.936707 95.833511 44.951790 4.340861 -0.003533 -3.724957 2.094282 0.713128,
 4.290932 46.651112 87.559937 30.570774 0.254151 -2.050104 6.347689 3.504798,
 43.930912 4.169215 34.251965 77.970741 2.133279 -0.082010 3.754114 0.962195,
 -129.338898 -72.117027 -8.509988 -60.997047 14.976012 5.881975 -0.353583 -18.406342,
 -71.723701 -182.827606 -82.112976 -8.760448 5.857419 1.839087 -4.314213 2.081347,
 -16.184666 -90.469917 -146.064056 -38.394379 1.028336 -1.465086 24.543877 12.857948,
 -65.632317 -9.258038 -51.158398 -101.534523 13.769141 2.635960 25.249537 -12.302607,
 -50.506905 -32.506844 -5.690434 12.620062 54.966373 30.263546 -0.731308 17.041573,
 -42.414001 -74.116051 -29.648312 -1.629192 38.817898 34.529163 -8.735511 -0.222943,
 0.608488 -31.793709 -85.532364 -22.965919 3.668319 -6.328423 -3.762090 17.244545,
 1.889605 -0.611317 -47.239685 -8.797306 15.207912 -2.961888 5.740948 57.368969,
