Low-band skewness and kurtosis
 -2.153052 5.975960,
 -2.209953 6.685794,
 -1.622092 4.654154,
 -1.368310 4.307716,
 -0.934361 2.692671,

High-band variance
 153.512573,

Skewness, kurtosis, variance, mean, maximum and minimum of the reconstructed texture
 -2.140008 5.728480 6785.548828 221.161743 255.000000 0.000000,

Auto-correlations of the low-frequency bands at each scale
 2602.018066 3123.920166 3493.693848 3640.447510 3516.795898 3156.079346 2648.036133 3235.668701 3959.188232 4569.264160 4829.212891 4576.239746 3962.017334 3237.032471 3695.693359 4660.644531 5611.246582 6041.517578 5608.604980 4648.887695 3675.433105 3856.573486 4946.347656 6076.718750 6598.231445 6076.718750 4946.347656 3856.573486 3675.433105 4648.887695 5608.604980 6041.517578 5611.246582 4660.644531 3695.693359 3237.032471 3962.017334 4576.239746 4829.212891 4569.264160 3959.188232 3235.668701 2648.036133 3156.079346 3516.795898 3640.447510 3493.693848 3123.920166 2602.018066,
 1051.941650 984.428955 1000.266479 1066.062378 1083.514771 1140.345459 1332.499756 1159.028564 1524.769287 2223.837646 2623.735840 2264.543213 1639.487549 1438.456787 1429.471436 2440.171875 4079.371582 4936.394531 4083.980469 2493.249023 1607.806885 1647.310303 2939.607910 5025.817383 6112.025391 5025.817383 2939.607910 1647.310303 1607.806885 2493.249023 4083.980469 4936.394531 4079.371582 2440.171875 1429.471436 1438.456787 1639.487549 2264.543213 2623.735840 2223.837646 1524.769287 1159.028564 1332.499756 1140.345459 1083.514771 1066.062378 1000.266479 984.428955 1051.941650,
 699.043762 765.476318 750.789307 635.218567 600.450317 810.237671 976.193542 867.125305 792.861450 849.034546 963.178345 958.202515 1096.590210 1214.587280 977.219238 1111.295410 2051.770020 2807.754639 2276.039062 1450.873047 1159.265137 1059.598145 1538.039551 3083.920410 4124.032227 3083.920410 1538.039551 1059.598145 1159.265137 1450.873047 2276.039062 2807.754639 2051.770020 1111.295410 977.219238 1214.587280 1096.590210 958.202515 963.178345 849.034546 792.861450 867.125305 976.193542 810.237671 600.450317 635.218567 750.789307 765.476318 699.043762,
 -159.472809 130.375519 367.864960 578.518616 748.322388 818.589355 760.358521 340.820831 434.531860 565.916016 709.996216 732.750854 720.468262 735.122803 591.648804 761.926208 1229.479492 1576.336060 1280.174072 785.763000 604.683105 585.424072 940.340698 1752.399414 2261.551514 1752.399414 940.340698 585.424072 604.683105 785.763000 1280.174072 1576.336060 1229.479492 761.926208 591.648804 735.122803 720.468262 732.750854 709.996216 565.916016 434.531860 340.820831 760.358521 818.589355 748.322388 578.518616 367.864960 130.375519 -159.472809,
 -553.042114 -784.621338 -762.175842 -547.437378 -313.705627 -155.644775 -115.000397 -418.989288 -519.248474 -244.980835 158.336243 351.258545 328.911377 180.661346 -86.080597 49.925720 558.909729 1005.878052 949.734680 615.856140 321.360199 217.994537 525.445068 1081.180542 1404.669312 1081.180542 525.445068 217.994537 321.360199 615.856140 949.734680 1005.878052 558.909729 49.925720 -86.080597 180.661346 328.911377 351.258545 158.336243 -244.980835 -519.248474 -418.989288 -115.000397 -155.644775 -313.705627 -547.437378 -762.175842 -784.621338 -553.042114,

Auto-correlations of the modulus of each oriented sub-band
 65.832428 72.582603 79.120148 81.907677 79.425552 73.348488 67.042923 83.835983 94.899460 105.103592 109.288055 105.239838 95.437271 84.986618 101.958786 117.852554 132.266113 138.063141 132.112457 117.870438 102.428543 110.044449 128.210938 144.903534 151.824158 144.903534 128.210938 110.044449 102.428543 117.870438 132.112457 138.063141 132.266113 117.852554 101.958786 84.986618 95.437271 105.239838 109.288055 105.103592 94.899460 83.835983 67.042923 73.348488 79.425552 81.907677 79.120148 72.582603 65.832428,
 100.383591 104.170456 104.503662 100.122665 91.767136 81.441666 71.012924 105.709366 119.306770 128.621613 128.273788 117.792053 101.344887 83.955917 108.151237 130.520554 148.924408 153.726471 141.924744 119.980423 96.298561 105.086922 131.189713 154.614960 164.580353 154.614960 131.189713 105.086922 96.298561 119.980423 141.924744 153.726471 148.924408 130.520554 108.151237 83.955917 101.344887 117.792053 128.273788 128.621613 119.306770 105.709366 71.012924 81.441666 91.767136 100.122665 104.503662 104.170456 100.383591,
 76.481468 93.212547 110.222282 117.835167 110.336250 93.409706 76.587120 85.184364 106.461868 128.437500 138.362488 128.299500 106.468170 85.314049 93.239838 118.592613 145.172989 157.521271 144.939407 118.466133 93.260406 96.516853 123.459396 151.922394 165.521790 151.922394 123.459396 96.516853 93.260406 118.466133 144.939407 157.521271 145.172989 118.592613 93.239838 85.314049 106.468170 128.299500 138.362488 128.437500 106.461868 85.184364 76.587120 93.409706 110.336250 117.835167 110.222282 93.212547 76.481468,
 67.839005 79.755890 92.136971 102.384789 107.789177 107.619736 103.979645 81.810432 100.790527 119.612823 132.101318 132.909958 122.811310 108.699074 95.103600 120.353859 144.784821 158.388672 153.094940 132.915375 109.506783 104.956123 132.441956 158.190109 169.465271 158.190109 132.441956 104.956123 109.506783 132.915375 153.094940 158.388672 144.784821 120.353859 95.103600 108.699074 122.811310 132.909958 132.101318 119.612823 100.790527 81.810432 103.979645 107.619736 107.789177 102.384789 92.136971 79.755890 67.839005,
 168.276886 180.824600 190.443588 196.012955 196.984787 194.449081 190.402344 232.436508 257.777771 279.264130 291.447266 290.097870 276.866516 257.603760 311.980347 356.593628 395.231323 414.167358 404.109192 371.298340 329.637817 356.259369 411.030212 457.891266 477.448486 457.891266 411.030212 356.259369 329.637817 371.298340 404.109192 414.167358 395.231323 356.593628 311.980347 257.603760 276.866516 290.097870 291.447266 279.264130 257.777771 232.436508 190.402344 194.449081 196.984787 196.012955 190.443588 180.824600 168.276886,
 269.502136 294.981659 282.635773 240.742584 193.594147 161.606140 153.437317 288.993317 349.486450 370.439697 335.001831 265.067017 199.325195 163.858276 275.431183 363.600342 431.158691 429.649658 356.017090 261.681580 193.609222 236.970718 327.707703 425.902924 472.093018 425.902924 327.707703 236.970718 193.609222 261.681580 356.017090 429.649658 431.158691 363.600342 275.431183 163.858276 199.325195 265.067017 335.001831 370.439697 349.486450 288.993317 153.437317 161.606140 193.594147 240.742584 282.635773 294.981659 269.502136,
 220.502686 270.922974 321.456940 339.999817 306.870331 247.029114 200.573395 231.780579 294.328979 366.575684 398.587891 356.474548 278.471313 219.184937 241.127457 313.433746 405.346069 450.901855 400.150757 305.736176 235.384323 243.471680 319.091675 419.913666 473.183472 419.913666 319.091675 243.471680 235.384323 305.736176 400.150757 450.901855 405.346069 313.433746 241.127457 219.184937 278.471313 356.474548 398.587891 366.575684 294.328979 231.780579 200.573395 247.029114 306.870331 339.999817 321.456940 270.922974 220.502686,
 191.399628 217.086258 252.116348 292.735321 325.564697 334.146912 316.062744 231.019684 274.331268 332.274689 388.926025 415.952362 398.189423 351.434601 280.078461 345.115295 424.336823 483.275909 483.157257 426.988708 354.619720 326.728638 405.740753 487.542297 524.992737 487.542297 405.740753 326.728638 354.619720 426.988708 483.157257 483.275909 424.336823 345.115295 280.078461 351.434601 398.189423 415.952362 388.926025 332.274689 274.331268 231.019684 316.062744 334.146912 325.564697 292.735321 252.116348 217.086258 191.399628,
 78.228836 96.560242 109.507126 116.716896 121.103760 125.314575 129.041946 108.571793 138.313248 164.881790 179.111115 177.721817 164.804581 148.102310 159.786789 220.083084 280.071320 305.883423 280.862091 225.334641 171.807053 188.690948 266.378906 350.980560 390.976685 350.980560 266.378906 188.690948 171.807053 225.334641 280.862091 305.883423 280.071320 220.083084 159.786789 148.102310 164.804581 177.721817 179.111115 164.881790 138.313248 108.571793 129.041946 125.314575 121.103760 116.716896 109.507126 96.560242 78.228836,
 145.730148 176.259933 211.146576 229.632141 227.370667 215.195267 198.922501 194.205475 255.645874 316.934753 326.188141 288.734131 251.679321 225.189941 238.446457 325.831299 432.775177 461.703796 386.440033 298.062378 248.048019 256.541443 336.578064 462.554321 533.264404 462.554321 336.578064 256.541443 248.048019 298.062378 386.440033 461.703796 432.775177 325.831299 238.446457 225.189941 251.679321 288.734131 326.188141 316.934753 255.645874 194.205475 198.922501 215.195267 227.370667 229.632141 211.146576 176.259933 145.730148,
 109.932915 156.413055 225.701080 238.892303 186.057404 152.111237 143.867706 149.294037 206.800827 312.364319 356.914246 277.163025 203.078690 178.380035 187.088531 254.356171 394.547882 477.031097 372.820221 251.801056 204.498871 209.201462 273.818909 422.778961 530.881348 422.778961 273.818909 209.201462 204.498871 251.801056 372.820221 477.031097 394.547882 254.356171 187.088531 178.380035 203.078690 277.163025 356.914246 312.364319 206.800827 149.294037 143.867706 152.111237 186.057404 238.892303 225.701080 156.413055 109.932915,
 64.781517 68.362366 79.786514 105.761070 130.538651 143.475510 156.277618 86.607178 113.358101 162.392838 225.754318 256.687592 242.096619 217.378387 138.340057 193.938965 288.448486 378.015198 376.859619 303.494781 234.890991 198.547363 277.060242 390.928528 455.655060 390.928528 277.060242 198.547363 234.890991 303.494781 376.859619 378.015198 288.448486 193.938965 138.340057 217.378387 242.096619 256.687592 225.754318 162.392838 113.358101 86.607178 156.277618 143.475510 130.538651 105.761070 79.786514 68.362366 64.781517,
 -0.093983 19.078644 36.311737 48.328377 53.508057 53.425194 49.864208 22.500959 43.969482 64.288353 77.347191 78.419548 69.633133 56.518967 49.422581 76.307678 103.414192 118.362320 111.168297 88.161469 63.457371 67.137268 98.256706 130.134842 144.867401 130.134842 98.256706 67.137268 63.457371 88.161469 111.168297 118.362320 103.414192 76.307678 49.422581 56.518967 69.633133 78.419548 77.347191 64.288353 43.969482 22.500959 49.864208 53.425194 53.508057 48.328377 36.311737 19.078644 -0.093983,
 -3.765595 11.758436 22.988346 31.828871 37.315891 37.787834 35.460617 45.346420 72.208595 88.124611 86.362305 77.239830 70.073799 64.404930 86.632317 124.389297 160.268799 161.469528 132.658966 105.154434 91.269371 101.417938 132.531921 178.889069 204.704819 178.889069 132.531921 101.417938 91.269371 105.154434 132.658966 161.469528 160.268799 124.389297 86.632317 64.404930 70.073799 77.239830 86.362305 88.124611 72.208595 45.346420 35.460617 37.787834 37.315891 31.828871 22.988346 11.758436 -3.765595,
 10.329115 16.222078 28.977654 55.310543 70.546822 53.247665 36.515121 39.687752 46.999428 76.976181 120.720741 118.028137 72.218834 47.186668 57.032906 70.508873 122.466255 177.678360 148.482071 82.623009 56.197289 61.157860 82.634155 150.182770 201.474670 150.182770 82.634155 61.157860 56.197289 82.623009 148.482071 177.678360 122.466255 70.508873 57.032906 47.186668 72.218834 118.028137 120.720741 76.976181 46.999428 39.687752 36.515121 53.247665 70.546822 55.310543 28.977654 16.222078 10.329115,
 -14.204636 -7.641117 18.899326 55.793427 79.177322 71.945419 50.795029 8.657701 25.144814 60.963322 102.817413 118.478546 96.736549 68.367424 39.080414 65.676666 113.571411 158.785522 156.767639 114.982483 79.603073 68.350937 103.258827 157.334854 188.603851 157.334854 103.258827 68.350937 79.603073 114.982483 156.767639 158.785522 113.571411 65.676666 39.080414 68.367424 96.736549 118.478546 102.817413 60.963322 25.144814 8.657701 50.795029 71.945419 79.177322 55.793427 18.899326 -7.641117 -14.204636,

Pairwise cross-correlations of the modulus of all oriented sub-bands at the same scale (size QxQ)
 151.824158 107.948250 63.607903 109.014702,
 107.948250 164.580368 109.127052 70.598282,
 63.607903 109.127052 165.521820 114.122169,
 109.014702 70.598282 114.122169 169.465302,
 477.448517 369.230927 336.028625 405.236176,
 369.230927 472.092987 373.196930 347.402740,
 336.028625 373.196930 473.183502 398.780640,
 405.236176 347.402740 398.780640 524.992798,
 390.976685 347.553192 287.637817 304.619537,
 347.553192 533.264526 405.939575 310.702911,
 287.637817 405.939575 530.881348 355.849609,
 304.619537 310.702911 355.849609 455.655090,
 144.867401 112.210083 68.657738 91.658997,
 112.210083 204.704834 113.483871 58.524239,
 68.657738 113.483871 201.474670 107.879868,
 91.658997 58.524239 107.879868 188.603851,

Cross-correlations of the modulus of all oriented sub-bands with all oriented sub-bands at the coarser scale (size QxQ)
 232.090836 188.361542 156.361603 201.278488,
 203.177841 239.483765 198.264664 172.566589,
 159.571701 194.541977 240.730057 208.522964,
 204.452194 161.539276 201.666565 254.846481,
 323.256317 360.938507 320.478882 330.875488,
 301.379883 378.087067 334.540039 289.442902,
 265.370880 364.226074 391.362915 320.946259,
 307.041992 352.967682 368.801758 375.630676,
 110.378174 124.072289 141.439423 150.395081,
 143.304184 168.666702 187.619537 189.674225,
 100.858810 129.132339 183.421875 199.355927,
 124.633652 134.434174 151.655579 163.619690,

Cross-correlations of the real part of each oriented sub-band with both the real and imaginary part of all phase-doubled oriented sub-bands at the next coarser scale (Q matrices of size 1x2Q, which are computed and stored in a matrix of size Qx2Q)
 85.270706 39.311157 4.470365 42.677979 -3.238858 -0.441313 -0.064574 2.167013,
 37.487297 85.660149 40.056252 4.127171 -0.222393 3.584002 1.639888 0.977444,
 3.543061 34.968086 98.637947 45.621845 -0.078818 3.825066 2.210246 3.480004,
 37.575947 3.043269 47.280167 101.440292 -2.654505 0.240678 0.168709 3.781877,
 -115.793732 -50.058151 -8.331438 -57.726753 4.326529 4.133048 2.484219 -6.202140,
 -52.495800 -126.881721 -71.175690 -9.698247 -1.906880 17.084036 2.277178 -2.971128,
 -6.583739 -66.029449 -146.346985 -63.256924 -0.217263 6.247002 2.842728 -2.269959,
 -51.520729 -6.993624 -62.519493 -127.802322 3.959016 -1.004446 6.698399 -3.482170,
 -18.922415 -34.720314 -7.687501 -6.101040 11.704252 25.160227 -2.219389 -28.160149,
 -23.986549 -78.315582 -46.055626 -8.404832 17.988657 24.964951 -2.320685 -3.321008,
 -3.600409 -32.157902 -118.735107 -66.116791 2.793953 -0.627932 -20.710712 -46.191628,
 -1.384024 -2.626228 -62.386871 -64.794373 -0.893150 2.282460 -16.648914 -85.712814,
