Low-band skewness and kurtosis
 -2.344202 6.843745,
 -2.397303 7.569367,
 -1.899206 5.763447,
 -1.742663 5.577824,
 -1.652914 5.172055,

High-band variance
 132.839081,

Skewness, kurtosis, variance, mean, maximum and minimum of the reconstructed texture
 -2.329376 6.576089 6219.686523 224.675293 255.000000 0.000000,

Auto-correlations of the low-frequency bands at each scale
 2660.599121 3117.779297 3467.989746 3634.081787 3546.095215 3221.103516 2746.502441 3147.971924 3774.444580 4333.679688 4597.766113 4388.889648 3841.522217 3193.879639 3493.967285 4338.613281 5192.225098 5596.212402 5220.704590 4369.234375 3508.203613 3622.657227 4584.413086 5589.735352 6057.447266 5589.735352 4584.413086 3622.657227 3508.203613 4369.234375 5220.704590 5596.212402 5192.225098 4338.613281 3493.967285 3193.879639 3841.522217 4388.889648 4597.766113 4333.679688 3774.444580 3147.971924 2746.502441 3221.103516 3546.095215 3634.081787 3467.989746 3117.779297 2660.599121,
 1433.424561 1416.703369 1486.603516 1653.292725 1694.921387 1555.628906 1427.642334 1484.051514 1798.347290 2413.727051 2835.303223 2554.955078 1867.772583 1430.675781 1579.530884 2462.543213 3888.678711 4672.717285 3952.065918 2483.269287 1538.850708 1623.054932 2820.571777 4668.979492 5620.278320 4668.979492 2820.571777 1623.054932 1538.850708 2483.269287 3952.065918 4672.717285 3888.678711 2462.543213 1579.530884 1430.675781 1867.772583 2554.955078 2835.303223 2413.727051 1798.347290 1484.051514 1427.642334 1555.628906 1694.921387 1653.292725 1486.603516 1416.703369 1433.424561,
 1039.206299 1089.542847 892.168457 1011.984863 1449.422363 1823.326050 1798.491943 1109.683105 1112.492310 1236.222412 1495.758789 1504.015137 1487.132446 1566.145020 1137.784302 1311.723877 2296.878906 3022.670898 2300.383301 1332.897461 1263.894897 1165.229614 1442.667969 2965.921143 4031.996094 2965.921143 1442.667969 1165.229614 1263.894897 1332.897461 2300.383301 3022.670898 2296.878906 1311.723877 1137.784302 1566.145020 1487.132446 1504.015137 1495.758789 1236.222412 1112.492310 1109.683105 1798.491943 1823.326050 1449.422363 1011.984863 892.168457 1089.542847 1039.206299,
 -450.452087 -71.654297 387.265564 862.510376 1167.771973 1121.921631 835.407166 -113.918274 299.543427 773.600708 1224.841553 1435.691040 1292.925293 899.351013 211.001587 720.863586 1398.239868 1889.791504 1789.936646 1299.467773 767.366577 488.296844 1098.916016 1893.286621 2316.737549 1893.286621 1098.916016 488.296844 767.366577 1299.467773 1789.936646 1889.791504 1398.239868 720.863586 211.001587 899.351013 1292.925293 1435.691040 1224.841553 773.600708 299.543427 -113.918274 835.407166 1121.921631 1167.771973 862.510376 387.265564 -71.654297 -450.452087,
 -421.710083 -702.283081 -632.041382 -235.144165 110.531281 177.116730 91.291763 -638.680725 -793.870667 -327.016479 468.629486 813.663574 543.513489 129.374512 -731.570984 -495.453644 441.867340 1364.570923 1306.226807 507.690338 -164.594666 -554.232361 66.857391 1184.571289 1805.907349 1184.571289 66.857391 -554.232361 -164.594666 507.690338 1306.226807 1364.570923 441.867340 -495.453644 -731.570984 129.374512 543.513489 813.663574 468.629486 -327.016479 -793.870667 -638.680725 91.291763 177.116730 110.531281 -235.144165 -632.041382 -702.283081 -421.710083,

Auto-correlations of the modulus of each oriented sub-band
 73.594063 80.906898 88.076248 91.167908 88.268875 80.981422 73.127953 89.825188 101.597206 112.650124 117.425232 113.226387 102.285439 90.057167 105.188736 121.605949 136.708740 143.121719 137.273743 122.357124 105.690750 112.201012 130.925613 148.008148 155.060974 148.008148 130.925613 112.201012 105.690750 122.357124 137.273743 143.121719 136.708740 121.605949 105.188736 90.057167 102.285439 113.226387 117.425232 112.650124 101.597206 89.825188 73.127953 80.981422 88.268875 91.167908 88.076248 80.906898 73.594063,
 99.664948 103.492897 103.506859 98.646187 89.507195 78.094353 66.717239 105.076416 118.490387 126.713249 125.162888 113.727287 96.494171 78.546021 105.687279 127.868599 145.163116 148.831360 136.479401 114.351860 90.533363 100.419403 126.407120 149.278259 158.895599 149.278259 126.407120 100.419403 90.533363 114.351860 136.479401 148.831360 145.163116 127.868599 105.687279 78.546021 96.494171 113.727287 125.162888 126.713249 118.490387 105.076416 66.717239 78.094353 89.507195 98.646187 103.506859 103.492897 99.664948,
 67.882027 83.103493 98.604996 106.046852 100.279465 85.826225 70.652092 74.831917 94.286873 114.099396 123.466736 115.332764 96.403496 77.043526 81.543182 104.685722 128.367294 139.594513 129.033890 105.870430 82.785614 84.731903 109.336296 134.455475 146.322556 134.455475 109.336296 84.731903 82.785614 105.870430 129.033890 139.594513 128.367294 104.685722 81.543182 77.043526 96.403496 115.332764 123.466736 114.099396 94.286873 74.831917 70.652092 85.826225 100.279465 106.046852 98.604996 83.103493 67.882027,
 70.833160 81.087440 91.493622 99.353470 102.628708 100.960320 96.003845 80.907288 97.730782 113.813622 123.851532 123.843636 114.286461 100.389328 90.827652 113.582458 134.707916 146.006073 141.425232 123.682755 101.829086 98.494270 123.631241 146.023605 155.471603 146.023605 123.631241 98.494270 101.829086 123.682755 141.425232 146.006073 134.707916 113.582458 90.827652 100.389328 114.286461 123.843636 123.851532 113.813622 97.730782 80.907288 96.003845 100.960320 102.628708 99.353470 91.493622 81.087440 70.833160,
 155.954895 165.703934 171.620056 172.992844 171.190674 167.461227 161.650635 214.583939 237.844955 255.343628 261.692566 255.875854 241.874771 223.468307 279.844330 320.070618 353.942871 368.454590 356.938110 326.978943 290.383942 315.700745 363.703674 405.246338 422.881439 405.246338 363.703674 315.700745 290.383942 326.978943 356.938110 368.454590 353.942871 320.070618 279.844330 223.468307 241.874771 255.875854 261.692566 255.343628 237.844955 214.583939 161.650635 167.461227 171.190674 172.992844 171.620056 165.703934 155.954895,
 269.415588 290.373291 279.104706 241.361786 198.068146 167.405563 154.845963 294.708130 344.615326 361.626678 330.437531 269.188507 210.806305 175.174973 287.176636 360.887207 417.302521 415.361877 352.827606 272.063843 210.461868 253.277008 331.276611 413.791321 452.174408 413.791321 331.276611 253.277008 210.461868 272.063843 352.827606 415.361877 417.302521 360.887207 287.176636 175.174973 210.806305 269.188507 330.437531 361.626678 344.615326 294.708130 154.845963 167.405563 198.068146 241.361786 279.104706 290.373291 269.415588,
 181.788132 224.887604 280.256989 309.304352 285.351044 232.736908 191.588943 193.019669 249.450134 323.543915 361.744385 325.923737 252.017639 196.005722 199.640320 267.640503 358.745178 405.999817 359.662415 267.873657 199.800385 201.600861 274.372986 373.043274 424.291962 373.043274 274.372986 201.600861 199.800385 267.873657 359.662415 405.999817 358.745178 267.640503 199.640320 196.005722 252.017639 325.923737 361.744385 323.543915 249.450134 193.019669 191.588943 232.736908 285.351044 309.304352 280.256989 224.887604 181.788132,
 148.693817 171.003357 203.669891 241.304749 267.047394 266.696503 242.814972 176.560059 212.451370 262.149231 309.503082 327.056824 304.781525 261.138794 208.585449 262.366547 329.669220 379.183472 375.303436 324.166779 262.400696 241.279907 307.421448 378.165833 411.479248 378.165833 307.421448 241.279907 262.400696 324.166779 375.303436 379.183472 329.669220 262.366547 208.585449 261.138794 304.781525 327.056824 309.503082 262.149231 212.451370 176.560059 242.814972 266.696503 267.047394 241.304749 203.669891 171.003357 148.693817,
 108.342819 120.807907 139.584198 162.488953 182.802917 193.929733 193.950821 147.358322 174.006775 203.820999 228.812592 240.338272 235.591125 218.148270 222.404419 285.262054 345.750916 378.588745 367.121704 320.663116 262.428223 276.754913 362.952179 443.177765 477.727478 443.177765 362.952179 276.754913 262.428223 320.663116 367.121704 378.588745 345.750916 285.262054 222.404419 218.148270 235.591125 240.338272 228.812592 203.820999 174.006775 147.358322 193.950821 193.929733 182.802917 162.488953 139.584198 120.807907 108.342819,
 167.949448 199.026367 210.269012 211.849152 212.650909 208.837769 191.052841 212.516129 274.733704 311.445618 301.316559 270.053650 243.537064 212.173569 244.799362 327.150452 409.048798 419.049377 354.584320 286.909241 236.529282 252.077896 325.906067 424.771484 480.216827 424.771484 325.906067 252.077896 236.529282 286.909241 354.584320 419.049377 409.048798 327.150452 244.799362 212.173569 243.537064 270.053650 301.316559 311.445618 274.733704 212.516129 191.052841 208.837769 212.650909 211.849152 210.269012 199.026367 167.949448,
 80.533920 98.862274 136.811218 178.565338 197.127686 186.654449 157.073807 108.356056 148.736053 223.209198 279.812653 267.430328 220.471039 175.128021 138.621796 198.331055 308.494507 381.027161 329.891235 238.530609 179.109589 165.149277 231.535980 350.551514 426.346497 350.551514 231.535980 165.149277 179.109589 238.530609 329.891235 381.027161 308.494507 198.331055 138.621796 175.128021 220.471039 267.430328 279.812653 223.209198 148.736053 108.356056 157.073807 186.654449 197.127686 178.565338 136.811218 98.862274 80.533920,
 70.706436 103.887917 158.597885 226.137146 273.986267 271.621338 236.428055 110.082169 163.773270 250.659286 344.011749 383.411438 345.803772 280.351196 172.672333 258.122192 379.885620 481.556030 479.506836 388.028748 288.988770 244.315857 352.306671 481.729034 548.180420 481.729034 352.306671 244.315857 288.988770 388.028748 479.506836 481.556030 379.885620 258.122192 172.672333 280.351196 345.803772 383.411438 344.011749 250.659286 163.773270 110.082169 236.428055 271.621338 273.986267 226.137146 158.597885 103.887917 70.706436,
 -3.353586 1.435022 6.911146 12.682830 17.329269 18.418989 13.718815 6.948467 11.107773 16.190657 21.291281 24.416746 23.560352 17.084202 11.244915 25.198092 39.779095 45.940605 39.226391 26.073240 13.913395 10.921540 30.846977 54.999821 67.069168 54.999821 30.846977 10.921540 13.913395 26.073240 39.226391 45.940605 39.779095 25.198092 11.244915 17.084202 23.560352 24.416746 21.291281 16.190657 11.107773 6.948467 13.718815 18.418989 17.329269 12.682830 6.911146 1.435022 -3.353586,
 1.339967 13.478050 20.453224 21.320343 16.275986 10.979834 11.194549 3.302133 22.852444 40.470200 43.892170 33.163429 19.572258 12.360107 9.137120 34.377602 65.222656 76.175896 57.925823 32.394150 15.829009 15.543068 39.766171 74.817383 94.700485 74.817383 39.766171 15.543068 15.829009 32.394150 57.925823 76.175896 65.222656 34.377602 9.137120 12.360107 19.572258 33.163429 43.892170 40.470200 22.852444 3.302133 11.194549 10.979834 16.275986 21.320343 20.453224 13.478050 1.339967,
 -5.098478 -0.116397 4.827248 12.444251 15.878109 22.517666 27.289381 7.491161 20.704260 36.814953 50.925972 39.540386 31.806211 30.354580 15.881092 35.494946 66.415596 91.142242 64.327477 38.821926 28.470997 22.847744 40.972572 77.227936 110.019691 77.227936 40.972572 22.847744 28.470997 38.821926 64.327477 91.142242 66.415596 35.494946 15.881092 30.354580 31.806211 39.540386 50.925972 36.814953 20.704260 7.491161 27.289381 22.517666 15.878109 12.444251 4.827248 -0.116397 -5.098478,
 -25.492113 -9.276565 12.039907 24.169237 24.376596 21.152237 21.900980 -16.651493 4.223982 30.828356 47.946693 45.756989 31.979387 21.219074 -5.695461 19.173872 54.159595 77.808022 67.946373 37.900200 14.973499 5.236628 32.490082 72.101547 93.681839 72.101547 32.490082 5.236628 14.973499 37.900200 67.946373 77.808022 54.159595 19.173872 -5.695461 21.219074 31.979387 45.756989 47.946693 30.828356 4.223982 -16.651493 21.900980 21.152237 24.376596 24.169237 12.039907 -9.276565 -25.492113,

Pairwise cross-correlations of the modulus of all oriented sub-bands at the same scale (size QxQ)
 155.060974 109.760475 66.451248 106.686798,
 109.760475 158.895599 102.478546 69.147804,
 66.451248 102.478546 146.322586 105.411163,
 106.686798 69.147804 105.411163 155.471603,
 422.881500 350.199585 302.853546 337.092590,
 350.199585 452.174469 353.751129 309.586700,
 302.853546 353.751129 424.292053 345.087524,
 337.092590 309.586700 345.087524 411.479309,
 477.727478 391.247101 295.738586 375.762878,
 391.247101 480.216858 314.845459 315.959290,
 295.738586 314.845459 426.346527 394.668701,
 375.762878 315.959290 394.668701 548.180420,
 67.069168 52.378609 23.933811 33.787727,
 52.378609 94.700493 47.871620 45.615215,
 23.933811 47.871620 110.019699 73.209694,
 33.787727 45.615215 73.209694 93.681839,

Cross-correlations of the modulus of all oriented sub-bands with all oriented sub-bands at the coarser scale (size QxQ)
 217.212250 190.753860 151.492462 179.977417,
 183.894470 233.536789 186.475983 152.941391,
 142.515762 184.511856 216.598389 180.640030,
 185.267273 160.576935 190.480972 218.828339,
 342.829559 316.120453 280.880829 328.483154,
 327.101929 355.155853 297.333038 328.996399,
 292.650330 330.772522 339.833740 353.104553,
 310.306213 298.386322 316.384888 367.694244,
 69.646973 106.977417 105.798897 121.076309,
 69.498375 124.965240 113.545761 122.313072,
 55.602295 104.362129 101.229935 125.360725,
 64.996895 103.181938 128.950195 145.537369,

Cross-correlations of the real part of each oriented sub-band with both the real and imaginary part of all phase-doubled oriented sub-bands at the next coarser scale (Q matrices of size 1x2Q, which are computed and stored in a matrix of size Qx2Q)
 77.852135 39.099152 4.207534 35.564320 -1.484125 -0.444857 0.177200 -0.334092,
 38.598541 88.215775 35.765079 2.707569 -2.122382 -0.801392 3.531269 -0.001078,
 3.967167 37.250603 77.155304 38.368092 -0.876356 0.951940 5.128112 -0.535884,
 31.438499 2.752879 36.219513 85.963318 -1.010729 0.647563 0.411425 -1.179024,
 -99.658447 -36.184669 -8.334249 -55.644806 28.664597 16.376514 -1.590668 -7.045495,
 -37.634766 -83.420525 -48.918812 -5.808197 6.473715 44.509953 -4.517926 -2.675808,
 -6.669442 -40.645836 -120.377754 -65.104111 -0.068197 16.745701 -10.979263 -6.952681,
 -51.567398 -4.550211 -66.914215 -138.739151 14.065062 0.036334 -7.213738 -10.499320,
 -11.464129 -31.638781 -4.270454 -18.485359 -4.175891 4.443827 0.593913 -13.281044,
 -15.561417 -62.564838 -24.232792 -2.103648 -0.363424 11.415307 -5.243719 -0.421526,
 -3.541090 -18.530199 -58.479965 -31.552448 3.281195 4.836750 -11.945875 -13.419165,
 -2.380568 -1.127231 -28.715488 -57.436909 3.913435 1.535851 -3.262820 -32.721375,
