Low-band skewness and kurtosis
 -2.207225 6.210673,
 -2.262741 6.929158,
 -1.767980 5.274199,
 -1.254127 3.736345,
 -1.231916 3.641201,

High-band variance
 143.395203,

Skewness, kurtosis, variance, mean, maximum and minimum of the reconstructed texture
 -2.194737 5.964669 6617.966309 222.224365 255.000000 0.000000,

Auto-correlations of the low-frequency bands at each scale
 2762.948730 3263.569824 3601.643555 3682.710938 3487.397949 3080.159668 2538.710449 3302.779785 3998.596191 4579.025879 4784.564453 4477.563965 3843.232910 3125.117676 3666.308350 4607.390137 5528.352051 5920.057617 5464.516113 4513.523926 3567.843018 3767.580566 4830.286133 5934.462891 6443.624023 5934.462891 4830.286133 3767.580566 3567.843018 4513.523926 5464.516113 5920.057617 5528.352051 4607.390137 3666.308350 3125.117676 3843.232910 4477.563965 4784.564453 4579.025879 3998.596191 3302.779785 2538.710449 3080.159668 3487.397949 3682.710938 3601.643555 3263.569824 2762.948730,
 1151.003662 1267.100586 1396.583496 1372.359131 1166.028320 985.793884 984.917542 1271.335693 1764.609985 2479.422119 2760.851562 2250.182861 1479.549194 1112.225586 1505.073608 2551.200439 4119.529785 4870.964844 3971.629150 2356.776123 1383.401978 1592.365723 2899.875977 4916.432129 5954.868164 4916.432129 2899.875977 1592.365723 1383.401978 2356.776123 3971.629150 4870.964844 4119.529785 2551.200439 1505.073608 1112.225586 1479.549194 2250.182861 2760.851562 2479.422119 1764.609985 1271.335693 984.917542 985.793884 1166.028320 1372.359131 1396.583496 1267.100586 1151.003662,
 944.876770 990.703430 1008.496704 1086.221436 1163.894409 1230.722290 1238.620850 1114.574707 945.720825 1064.625488 1189.354004 916.460876 800.944458 1055.720459 1038.837280 1166.623779 2199.564941 2904.615723 2043.942871 1068.663330 1081.408325 1061.757935 1416.775879 3044.932617 4198.488770 3044.932617 1416.775879 1061.757935 1081.408325 1068.663330 2043.942871 2904.615723 2199.564941 1166.623779 1038.837280 1055.720459 800.944458 916.460876 1189.354004 1064.625488 945.720825 1114.574707 1238.620850 1230.722290 1163.894409 1086.221436 1008.496704 990.703430 944.876770,
 -174.984009 83.099731 239.827484 440.902283 713.532349 902.231934 894.613281 176.928192 438.234924 679.377319 916.725769 996.068481 988.734558 942.899048 510.134521 828.705383 1354.802856 1732.469482 1462.110474 1031.117798 850.131104 711.002808 1031.196411 1730.648193 2199.843262 1730.648193 1031.196411 711.002808 850.131104 1031.117798 1462.110474 1732.469482 1354.802856 828.705383 510.134521 942.899048 988.734558 996.068481 916.725769 679.377319 438.234924 176.928192 894.613281 902.231934 713.532349 440.902283 239.827484 83.099731 -174.984009,
 -453.014648 -680.244141 -702.178467 -509.018738 -189.844360 79.625153 100.261276 -607.113342 -609.874756 -260.620239 215.886932 544.345215 571.367798 245.470810 -538.762939 -170.984100 525.495911 1095.627197 1147.657715 734.578613 110.385544 -233.318161 422.157410 1172.614990 1525.495117 1172.614990 422.157410 -233.318161 110.385544 734.578613 1147.657715 1095.627197 525.495911 -170.984100 -538.762939 245.470810 571.367798 544.345215 215.886932 -260.620239 -609.874756 -607.113342 100.261276 79.625153 -189.844360 -509.018738 -702.178467 -680.244141 -453.014648,

Auto-correlations of the modulus of each oriented sub-band
 74.672142 82.309921 88.728203 90.405914 86.062569 77.739914 69.263527 91.797058 104.000801 114.279137 117.460541 111.575081 99.429466 86.531281 108.803169 126.058510 140.920959 146.237228 139.022461 122.906410 105.249962 115.072006 134.929947 152.680237 159.939621 152.680237 134.929947 115.072006 105.249962 122.906410 139.022461 146.237228 140.920959 126.058510 108.803169 86.531281 99.429466 111.575081 117.460541 114.279137 104.000801 91.797058 69.263527 77.739914 86.062569 90.405914 88.728203 82.309921 74.672142,
 97.062866 101.041901 101.733276 98.092545 90.703369 80.952774 70.563858 101.491135 116.085037 126.096245 126.086555 115.851097 99.449722 81.868607 102.804016 126.445877 145.888031 151.049896 139.000885 116.508835 92.272583 99.702332 126.796654 151.177719 161.563324 151.177719 126.796654 99.702332 92.272583 116.508835 139.000885 151.049896 145.888031 126.445877 102.804016 81.868607 99.449722 115.851097 126.086555 126.096245 116.085037 101.491135 70.563858 80.952774 90.703369 98.092545 101.733276 101.041901 97.062866,
 76.697052 92.173866 108.791161 116.715027 109.426842 92.704704 76.226700 84.052681 104.152885 125.489220 135.576904 125.769966 104.215919 83.383415 91.069092 115.311897 140.937836 153.187042 141.040558 115.253044 90.603027 93.820618 119.877182 147.340714 160.545502 147.340714 119.877182 93.820618 90.603027 115.253044 141.040558 153.187042 140.937836 115.311897 91.069092 83.383415 104.215919 125.769966 135.576904 125.489220 104.152885 84.052681 76.226700 92.704704 109.426842 116.715027 108.791161 92.173866 76.697052,
 81.644508 92.305893 102.572365 110.453827 114.379829 113.816086 109.613945 92.361816 110.797691 128.165375 139.147812 139.620270 129.762024 114.680542 103.181267 128.590561 152.085953 164.787460 159.971176 140.320755 115.754906 111.671562 139.964172 165.062592 175.662445 165.062592 139.964172 111.671562 115.754906 140.320755 159.971176 164.787460 152.085953 128.590561 103.181267 114.680542 129.762024 139.620270 139.147812 128.165375 110.797691 92.361816 109.613945 113.816086 114.379829 110.453827 102.572365 92.305893 81.644508,
 196.105621 205.105911 211.132034 213.469299 210.783310 203.265152 193.348724 237.676941 259.207336 277.208313 285.799744 279.950012 261.291870 237.089874 288.210938 330.279205 367.502106 384.575073 371.126678 334.158356 289.787537 313.860260 368.131836 416.166809 436.521667 416.166809 368.131836 313.860260 289.787537 334.158356 371.126678 384.575073 367.502106 330.279205 288.210938 237.089874 261.291870 279.950012 285.799744 277.208313 259.207336 237.676941 193.348724 203.265152 210.783310 213.469299 211.132034 205.105911 196.105621,
 235.994995 259.984497 258.760254 231.886932 189.702316 150.594498 126.151619 256.060974 307.536804 330.549103 309.405304 252.705414 191.184845 147.539993 249.009476 326.005920 386.655121 390.734314 330.778107 248.166458 181.338730 219.722031 302.178040 388.502655 429.234467 388.502655 302.178040 219.722031 181.338730 248.166458 330.778107 390.734314 386.655121 326.005920 249.009476 147.539993 191.184845 252.705414 309.405304 330.549103 307.536804 256.060974 126.151619 150.594498 189.702316 231.886932 258.760254 259.984497 235.994995,
 187.109665 241.892014 299.239014 319.730103 284.953125 219.641037 164.332932 195.562073 264.460022 342.338867 374.229004 329.431396 244.644852 175.055450 198.672913 280.192505 378.013031 423.072021 370.069855 268.218079 186.287323 195.267395 282.184784 390.012878 444.025757 390.012878 282.184784 195.267395 186.287323 268.218079 370.069855 423.072021 378.013031 280.192505 198.672913 175.055450 244.644852 329.431396 374.229004 342.338867 264.460022 195.562073 164.332932 219.641037 284.953125 319.730103 299.239014 241.892014 187.109665,
 197.647858 220.978394 252.379898 285.597168 306.528564 303.000671 274.758881 209.203552 250.348206 305.729889 356.702118 375.579926 351.028687 297.709290 236.914612 302.397125 381.372589 438.063385 434.868866 375.209808 298.114136 273.369446 355.370758 439.032318 477.218140 439.032318 355.370758 273.369446 298.114136 375.209808 434.868866 438.063385 381.372589 302.397125 236.914612 297.709290 351.028687 375.579926 356.702118 305.729889 250.348206 209.203552 274.758881 303.000671 306.528564 285.597168 252.379898 220.978394 197.647858,
 106.852493 145.043365 172.463425 186.725082 187.679703 177.176300 159.723373 156.909286 212.977615 254.887314 271.969360 261.315765 228.995224 187.601425 213.582321 304.031494 383.018494 416.713623 390.235535 321.483704 242.345413 258.663635 365.411438 464.630188 507.262665 464.630188 365.411438 258.663635 242.345413 321.483704 390.235535 416.713623 383.018494 304.031494 213.582321 187.601425 228.995224 261.315765 271.969360 254.887314 212.977615 156.909286 159.723373 177.176300 187.679703 186.725082 172.463425 145.043365 106.852493,
 137.897659 160.801270 176.974228 180.366943 172.206985 156.815918 148.054642 216.873047 265.063293 291.983307 270.930817 229.482025 199.203384 182.006531 247.859299 328.012695 406.673584 402.343292 319.608887 244.379044 206.676590 230.989075 303.888794 413.467285 477.041687 413.467285 303.888794 230.989075 206.676590 244.379044 319.608887 402.343292 406.673584 328.012695 247.859299 182.006531 199.203384 229.482025 270.930817 291.983307 265.063293 216.873047 148.054642 156.815918 172.206985 180.366943 176.974228 160.801270 137.897659,
 129.333008 185.563873 292.690918 385.977509 387.893127 334.034760 299.384644 172.731842 247.566162 387.969757 495.737518 460.756805 354.945984 294.752869 213.759033 301.415924 471.463837 589.610229 511.860931 357.773895 276.819397 249.009628 339.652039 517.921875 628.215454 517.921875 339.652039 249.009628 276.819397 357.773895 511.860931 589.610229 471.463837 301.415924 213.759033 294.752869 354.945984 460.756805 495.737518 387.969757 247.566162 172.731842 299.384644 334.034760 387.893127 385.977509 292.690918 185.563873 129.333008,
 147.538223 186.689102 232.156799 278.164490 293.206482 270.051453 248.806870 199.095673 243.373871 305.744446 375.958008 391.356812 341.831818 289.459930 240.025497 303.487610 411.877136 512.228149 499.286072 394.748474 303.170410 277.339172 371.536652 510.854309 589.908752 510.854309 371.536652 277.339172 303.170410 394.748474 499.286072 512.228149 411.877136 303.487610 240.025497 289.459930 341.831818 391.356812 375.958008 305.744446 243.373871 199.095673 248.806870 270.051453 293.206482 278.164490 232.156799 186.689102 147.538223,
 -26.013094 -18.568604 -2.978120 14.949650 27.622799 30.807686 26.208910 -13.113694 -2.643009 14.529598 31.920649 41.614960 39.704872 30.044853 20.990932 40.548782 63.459129 78.439148 76.512291 60.941406 42.159843 49.082890 75.480408 103.354706 116.304504 103.354706 75.480408 49.082890 42.159843 60.941406 76.512291 78.439148 63.459129 40.548782 20.990932 30.044853 39.704872 41.614960 31.920649 14.529598 -2.643009 -13.113694 26.208910 30.807686 27.622799 14.949650 -2.978120 -18.568604 -26.013094,
 -27.313988 -18.039261 -1.602657 14.998606 25.638897 27.844917 23.258507 -10.644305 8.128167 30.539770 42.361076 40.989887 36.887878 29.130554 5.113527 33.221050 67.900848 80.896927 62.193493 40.410442 26.675673 17.121662 41.798012 79.678925 102.065720 79.678925 41.798012 17.121662 26.675673 40.410442 62.193493 80.896927 67.900848 33.221050 5.113527 29.130554 36.887878 40.989887 42.361076 30.539770 8.128167 -10.644305 23.258507 27.844917 25.638897 14.998606 -1.602657 -18.039261 -27.313988,
 -20.543819 -7.868746 4.728642 15.916769 21.395714 23.618578 20.427834 -2.545385 13.864586 34.674232 49.126678 43.233269 34.914558 24.507895 15.210684 36.237877 66.448479 87.415977 68.476540 45.846329 28.125582 26.309727 48.295616 80.416939 105.606949 80.416939 48.295616 26.309727 28.125582 45.846329 68.476540 87.415977 66.448479 36.237877 15.210684 24.507895 34.914558 43.233269 49.126678 34.674232 13.864586 -2.545385 20.427834 23.618578 21.395714 15.916769 4.728642 -7.868746 -20.543819,
 -19.925695 -7.191273 5.651804 22.889284 39.841324 47.690723 43.596085 0.855944 20.879955 46.352940 72.831261 84.815918 77.395813 60.547699 34.038647 63.862129 103.912949 136.455780 133.378937 102.927147 72.135681 64.163132 99.769966 144.920822 169.326157 144.920822 99.769966 64.163132 72.135681 102.927147 133.378937 136.455780 103.912949 63.862129 34.038647 60.547699 77.395813 84.815918 72.831261 46.352940 20.879955 0.855944 43.596085 47.690723 39.841324 22.889284 5.651804 -7.191273 -19.925695,

Pairwise cross-correlations of the modulus of all oriented sub-bands at the same scale (size QxQ)
 159.939636 108.163376 66.332947 113.633064,
 108.163376 161.563324 108.357422 72.620918,
 66.332947 108.357422 160.545502 113.001610,
 113.633064 72.620918 113.001610 175.662430,
 436.521698 341.758423 312.416656 366.887390,
 341.758423 429.234528 348.577271 323.066711,
 312.416656 348.577271 444.025757 376.886230,
 366.887390 323.066711 376.886230 477.218140,
 507.262695 372.311371 336.110901 385.978760,
 372.311371 477.041748 379.265411 308.497009,
 336.110901 379.265411 628.215515 447.244690,
 385.978760 308.497009 447.244690 589.908813,
 116.304504 61.930397 49.301468 95.987206,
 61.930397 102.065720 63.507687 69.342590,
 49.301468 63.507687 105.606964 81.948151,
 95.987206 69.342590 81.948151 169.326172,

Cross-correlations of the modulus of all oriented sub-bands with all oriented sub-bands at the coarser scale (size QxQ)
 227.318695 182.640549 155.394180 198.196960,
 194.627396 222.151672 193.682922 168.960983,
 150.565826 184.790329 229.842819 199.511902,
 197.357315 158.609695 200.682175 251.647324,
 359.976898 313.500214 313.650757 343.768097,
 311.866516 317.432556 337.343414 317.744659,
 306.024323 308.211975 402.878326 365.947784,
 347.464020 298.108917 381.221344 404.444794,
 131.660721 115.968338 102.238892 146.478745,
 100.960434 123.749023 99.081078 131.919495,
 122.699020 139.968063 108.525253 158.746338,
 157.327484 124.527428 117.985344 181.493500,

Cross-correlations of the real part of each oriented sub-band with both the real and imaginary part of all phase-doubled oriented sub-bands at the next coarser scale (Q matrices of size 1x2Q, which are computed and stored in a matrix of size Qx2Q)
 87.677963 38.782234 3.638786 46.551701 -0.140139 -0.022307 0.386283 3.669643,
 37.243019 83.518532 33.360252 3.895738 1.048645 -1.422654 -2.967745 0.605698,
 5.117400 35.358009 74.236359 41.325283 -0.481386 -1.542812 -4.078957 4.367044,
 45.013836 3.572102 34.552990 99.931152 -1.234533 -0.420610 1.067173 9.250527,
 -103.516205 -47.523319 -7.216376 -65.169006 2.572234 17.007359 5.282587 5.234756,
 -40.477856 -99.954056 -34.784729 -5.662708 4.545262 25.027613 -10.283840 0.470531,
 -8.343437 -41.270733 -92.649521 -62.574062 2.953001 -5.213760 -19.856815 10.971010,
 -54.853664 -5.426824 -53.300270 -151.025803 8.553015 -2.476254 6.692956 21.241682,
 -60.272442 -39.219582 -5.801409 -21.876728 -1.395206 -0.489830 -2.290129 44.636589,
 -30.791059 -75.211868 -41.292191 -0.527352 7.880789 -10.606010 -15.631195 -3.313193,
 -5.762517 -34.305752 -60.669495 -1.726177 -4.818571 -6.323857 -65.793854 -23.940790,
 -33.333241 -6.271165 -18.422037 -34.480247 -25.509003 -0.421284 -46.784302 39.460896,
