Low-band skewness and kurtosis
 -2.371477 6.920246,
 -2.402918 7.446867,
 -2.080418 6.224209,
 -1.740821 4.889258,
 -1.191284 3.228674,

High-band variance
 114.291031,

Skewness, kurtosis, variance, mean, maximum and minimum of the reconstructed texture
 -2.357186 6.687601 6213.617188 225.125977 255.000000 0.000000,

Auto-correlations of the low-frequency bands at each scale
 3168.421387 3594.234619 3920.388184 4086.540283 4039.323730 3799.287842 3453.084961 3572.974121 4125.369141 4608.207520 4839.506348 4690.213379 4275.584961 3793.300293 3909.730957 4624.838867 5337.938477 5674.418945 5381.339844 4710.580078 4041.944824 4092.542236 4874.548828 5693.569336 6073.221680 5693.569336 4874.548828 4092.542236 4041.944824 4710.580078 5381.339844 5674.418945 5337.938477 4624.838867 3909.730957 3793.300293 4275.584961 4690.213379 4839.506348 4608.207520 4125.369141 3572.974121 3453.084961 3799.287842 4039.323730 4086.540283 3920.388184 3594.234619 3168.421387,
 1671.500732 1933.439453 2271.978516 2545.838135 2627.589844 2589.550293 2555.107666 1897.233643 2344.524170 3037.982666 3476.531250 3304.412842 2840.390869 2533.623291 2243.468506 3015.519531 4233.056152 4915.717773 4389.079590 3304.383789 2595.431885 2539.672363 3473.525879 4916.179688 5671.301758 4916.179688 3473.525879 2539.672363 2595.431885 3304.383789 4389.079590 4915.717773 4233.056152 3015.519531 2243.468506 2533.623291 2840.390869 3304.412842 3476.531250 3037.982666 2344.524170 1897.233643 2555.107666 2589.550293 2627.589844 2545.838135 2271.978516 1933.439453 1671.500732,
 529.200562 881.317139 1205.780273 1660.751953 2126.666504 2445.451416 2493.656250 1022.277344 1241.736084 1677.016357 2248.705078 2480.561768 2470.431396 2409.840820 1406.138550 1756.813110 2744.343018 3579.230469 3224.269775 2439.203613 2108.540039 1776.481812 2282.935547 3584.646240 4430.871582 3584.646240 2282.935547 1776.481812 2108.540039 2439.203613 3224.269775 3579.230469 2744.343018 1756.813110 1406.138550 2409.840820 2470.431396 2480.561768 2248.705078 1677.016357 1241.736084 1022.277344 2493.656250 2445.451416 2126.666504 1660.751953 1205.780273 881.317139 529.200562,
 -893.635864 -825.646851 -508.262024 67.696686 756.459167 1452.142456 1959.617065 -725.710754 -421.368225 282.776245 1206.297119 1883.649536 2220.757812 2209.199463 -208.289795 476.591614 1556.233276 2519.015625 2673.027344 2258.281982 1664.787109 684.194153 1557.121094 2598.879150 3152.260742 2598.879150 1557.121094 684.194153 1664.787109 2258.281982 2673.027344 2519.015625 1556.233276 476.591614 -208.289795 2209.199463 2220.757812 1883.649536 1206.297119 282.776245 -421.368225 -725.710754 1959.617065 1452.142456 756.459167 67.696686 -508.262024 -825.646851 -893.635864,
 -173.141617 -729.710999 -1047.250122 -1039.511719 -589.532715 171.413635 644.678467 -670.736511 -1106.020874 -1018.826172 -347.001892 625.802612 1251.605591 1020.214905 -1198.010010 -943.703186 65.449341 1324.366699 1930.583984 1481.356934 367.222839 -813.794128 306.493652 1665.796387 2310.524658 1665.796387 306.493652 -813.794128 367.222839 1481.356934 1930.583984 1324.366699 65.449341 -943.703186 -1198.010010 1020.214905 1251.605591 625.802612 -347.001892 -1018.826172 -1106.020874 -670.736511 644.678467 171.413635 -589.532715 -1039.511719 -1047.250122 -729.710999 -173.141617,

Auto-correlations of the modulus of each oriented sub-band
 68.003036 74.771355 81.274582 85.101814 85.013260 81.779121 77.423370 78.914520 89.478340 99.311058 104.233215 102.287560 95.055977 86.259857 91.314117 106.311394 120.112076 126.321838 121.899399 109.639870 95.580673 98.446213 115.396210 130.864212 137.299088 130.864212 115.396210 98.446213 95.580673 109.639870 121.899399 126.321838 120.112076 106.311394 91.314117 86.259857 95.055977 102.287560 104.233215 99.311058 89.478340 78.914520 77.423370 81.779121 85.013260 85.101814 81.274582 74.771355 68.003036,
 86.780800 92.692139 96.704430 97.232574 94.885231 91.260437 87.256218 91.781502 104.302818 114.315239 116.490570 110.682030 100.988319 91.299171 95.566902 113.562859 129.840424 134.976349 126.242165 110.334785 94.679680 96.497086 115.671585 134.597900 143.095108 134.597900 115.671585 96.497086 94.679680 110.334785 126.242165 134.976349 129.840424 113.562859 95.566902 91.299171 100.988319 110.682030 116.490570 114.315239 104.302818 91.781502 87.256218 91.260437 94.885231 97.232574 96.704430 92.692139 86.780800,
 83.578918 96.948769 111.045486 118.620499 114.691330 103.188545 91.026352 91.675217 109.151146 127.649719 137.150055 130.543793 114.079933 97.361069 99.501587 120.517647 142.683929 153.698761 144.301880 123.258904 102.588867 103.688309 126.024399 149.305511 160.447235 149.305511 126.024399 103.688309 102.588867 123.258904 144.301880 153.698761 142.683929 120.517647 99.501587 97.361069 114.079933 130.543793 137.150055 127.649719 109.151146 91.675217 91.026352 103.188545 114.691330 118.620499 111.045486 96.948769 83.578918,
 89.858429 97.026428 102.828247 105.552368 104.080399 99.343262 94.376343 97.710526 109.287827 119.786858 125.064705 121.788063 111.580338 100.579361 103.747177 119.762314 135.432343 143.405380 137.726654 122.004562 105.578079 106.760956 125.088379 143.286102 151.457306 143.286102 125.088379 106.760956 105.578079 122.004562 137.726654 143.405380 135.432343 119.762314 103.747177 100.579361 111.580338 121.788063 125.064705 119.786858 109.287827 97.710526 94.376343 99.343262 104.080399 105.552368 102.828247 97.026428 89.858429,
 182.990662 195.615784 209.068329 222.010025 232.893463 241.347839 247.202362 229.396378 250.988434 270.912537 283.025024 284.684143 279.251678 271.418518 278.722717 313.385773 345.155334 359.090759 348.884460 323.499969 296.245361 303.981995 343.435608 381.037140 397.494049 381.037140 343.435608 303.981995 296.245361 323.499969 348.884460 359.090759 345.155334 313.385773 278.722717 271.418518 279.251678 284.684143 283.025024 270.912537 250.988434 229.396378 247.202362 241.347839 232.893463 222.010025 209.068329 195.615784 182.990662,
 205.419418 223.936737 230.863190 225.571609 217.342072 211.513702 207.370956 232.462646 262.506531 280.353546 272.478638 249.685715 229.313950 216.330566 244.986404 285.980042 324.010773 327.812256 294.892120 255.268250 228.127579 240.500900 280.633392 330.085693 355.402252 330.085693 280.633392 240.500900 228.127579 255.268250 294.892120 327.812256 324.010773 285.980042 244.986404 216.330566 229.313950 249.685715 272.478638 280.353546 262.506531 232.462646 207.370956 211.513702 217.342072 225.571609 230.863190 223.936737 205.419418,
 198.665222 233.990051 274.426056 300.886749 293.153351 266.201263 241.021637 220.374359 261.410156 311.993469 342.606323 324.970215 283.428711 248.517059 238.383606 284.655640 345.284882 380.568634 352.184052 295.857788 252.076233 249.304565 297.271729 361.297241 397.056641 361.297241 297.271729 249.304565 252.076233 295.857788 352.184052 380.568634 345.284882 284.655640 238.383606 248.517059 283.428711 324.970215 342.606323 311.993469 261.410156 220.374359 241.021637 266.201263 293.153351 300.886749 274.426056 233.990051 198.665222,
 187.728592 201.595795 220.165115 245.114700 266.431396 274.564301 270.454895 210.831589 231.559692 262.743561 297.338501 314.374969 304.365173 281.560547 235.133850 268.720093 315.774445 354.968079 354.438324 318.239746 278.534668 260.267273 303.809631 355.849670 382.460999 355.849670 303.809631 260.267273 278.534668 318.239746 354.438324 354.968079 315.774445 268.720093 235.133850 281.560547 304.365173 314.374969 297.338501 262.743561 231.559692 210.831589 270.454895 274.564301 266.431396 245.114700 220.165115 201.595795 187.728592,
 86.016670 130.779816 170.355652 200.206451 223.216339 245.295044 266.116913 154.638458 209.296173 253.519608 276.668488 280.706970 277.099152 273.625061 222.226593 294.983246 357.573242 383.343414 364.544556 321.790497 278.372894 266.330383 341.396667 412.372711 443.488800 412.372711 341.396667 266.330383 278.372894 321.790497 364.544556 383.343414 357.573242 294.983246 222.226593 273.625061 277.099152 280.706970 276.668488 253.519608 209.296173 154.638458 266.116913 245.295044 223.216339 200.206451 170.355652 130.779816 86.016670,
 141.111237 209.091553 254.356018 264.054871 254.226257 244.372559 236.649292 193.283966 278.951782 336.892181 338.129944 301.150665 262.109802 232.259491 218.660736 322.006836 413.900177 427.924561 364.408539 285.047791 225.853363 222.473373 314.345154 421.627441 476.250824 421.627441 314.345154 222.473373 225.853363 285.047791 364.408539 427.924561 413.900177 322.006836 218.660736 232.259491 262.109802 301.150665 338.129944 336.892181 278.951782 193.283966 236.649292 244.372559 254.226257 264.054871 254.356018 209.091553 141.111237,
 55.486282 114.638931 185.236450 239.618591 255.862305 249.611191 237.573929 100.338913 171.932327 258.281067 317.865692 313.193176 274.293762 235.693283 146.037430 226.906677 326.915497 389.565399 357.675690 282.688477 218.005569 187.001022 267.104248 365.822906 420.762573 365.822906 267.104248 187.001022 218.005569 282.688477 357.675690 389.565399 326.915497 226.906677 146.037430 235.693283 274.293762 313.193176 317.865692 258.281067 171.932327 100.338913 237.573929 249.611191 255.862305 239.618591 185.236450 114.638931 55.486282,
 69.490349 119.435410 168.478485 213.213577 252.830139 278.012390 286.158081 133.535263 182.250214 235.073822 290.896576 326.075714 324.323273 305.539062 194.001358 244.935211 312.154175 376.176544 382.503357 337.422699 292.773499 250.176086 304.341064 376.801971 418.290192 376.801971 304.341064 250.176086 292.773499 337.422699 382.503357 376.176544 312.154175 244.935211 194.001358 305.539062 324.323273 326.075714 290.896576 235.073822 182.250214 133.535263 286.158081 278.012390 252.830139 213.213577 168.478485 119.435410 69.490349,
 -37.704002 -20.786827 1.411699 25.836151 45.907387 54.430199 53.026390 -13.083292 18.071270 49.349277 72.140923 83.940613 83.213638 70.228615 16.550831 60.690937 103.658081 124.462784 117.837189 95.411682 66.959381 45.792191 89.743713 133.647400 153.744232 133.647400 89.743713 45.792191 66.959381 95.411682 117.837189 124.462784 103.658081 60.690937 16.550831 70.228615 83.213638 83.940613 72.140923 49.349277 18.071270 -13.083292 53.026390 54.430199 45.907387 25.836151 1.411699 -20.786827 -37.704002,
 -23.971027 -1.145004 28.214806 55.717880 73.033180 82.191193 91.450287 17.272903 51.262058 93.344696 119.019516 116.969864 105.511108 104.130005 52.052166 92.994263 149.354309 178.228485 155.886475 117.094208 98.669617 79.509117 114.753128 172.512054 204.182571 172.512054 114.753128 79.509117 98.669617 117.094208 155.886475 178.228485 149.354309 92.994263 52.052166 104.130005 105.511108 116.969864 119.019516 93.344696 51.262058 17.272903 91.450287 82.191193 73.033180 55.717880 28.214806 -1.145004 -23.971027,
 -30.100464 -5.694550 15.749302 23.056362 33.672855 52.014107 61.300262 -10.837158 20.847252 56.220837 58.865250 45.811939 50.729584 60.353409 7.017208 37.241341 87.976952 102.867279 67.043282 44.157379 44.631142 24.674992 41.492516 89.124939 125.384727 89.124939 41.492516 24.674992 44.631142 44.157379 67.043282 102.867279 87.976952 37.241341 7.017208 60.353409 50.729584 45.811939 58.865250 56.220837 20.847252 -10.837158 61.300262 52.014107 33.672855 23.056362 15.749302 -5.694550 -30.100464,
 -40.516830 -24.917057 -5.687759 17.096373 39.965782 54.121609 54.050827 -21.624039 -0.529461 23.727669 49.160892 65.523781 63.491596 49.448601 2.388788 27.816946 58.999897 86.540894 89.598862 67.976517 43.159996 26.876745 54.968052 88.816223 106.708099 88.816223 54.968052 26.876745 43.159996 67.976517 89.598862 86.540894 58.999897 27.816946 2.388788 49.448601 63.491596 65.523781 49.160892 23.727669 -0.529461 -21.624039 54.050827 54.121609 39.965782 17.096373 -5.687759 -24.917057 -40.516830,

Pairwise cross-correlations of the modulus of all oriented sub-bands at the same scale (size QxQ)
 137.299103 101.654968 74.889084 104.547066,
 101.654968 143.095108 111.395821 80.566742,
 74.889084 111.395821 160.447250 112.347015,
 104.547066 80.566742 112.347015 151.457321,
 397.494110 306.854279 294.341827 329.869354,
 306.854279 355.402283 303.855499 277.101471,
 294.341827 303.855499 397.056671 308.807373,
 329.869354 277.101471 308.807373 382.461029,
 443.488770 357.392395 314.016785 349.700684,
 357.392395 476.250824 322.513855 264.562500,
 314.016785 322.513855 420.762573 333.716675,
 349.700684 264.562500 333.716675 418.290222,
 153.744247 129.484634 81.363968 87.773201,
 129.484634 204.182587 119.179367 85.838135,
 81.363968 119.179367 125.384750 74.237801,
 87.773201 85.838135 74.237801 106.708099,

Cross-correlations of the modulus of all oriented sub-bands with all oriented sub-bands at the coarser scale (size QxQ)
 197.413849 163.198471 148.715118 169.417587,
 180.600555 195.741562 180.203094 153.719681,
 156.569412 172.974640 218.975174 174.999222,
 186.612381 149.784027 185.322556 206.363327,
 319.676849 272.653137 285.388733 308.420959,
 304.567841 308.299866 284.938049 282.527893,
 283.420471 263.473419 282.703156 293.756866,
 299.638977 250.827881 282.336212 320.118988,
 173.743347 172.922272 112.954948 154.935394,
 162.757767 173.104980 105.449371 129.944977,
 154.513382 154.713898 122.773766 141.731476,
 161.929993 176.848907 132.566422 143.745087,

Cross-correlations of the real part of each oriented sub-band with both the real and imaginary part of all phase-doubled oriented sub-bands at the next coarser scale (Q matrices of size 1x2Q, which are computed and stored in a matrix of size Qx2Q)
 64.430397 25.942221 3.056632 28.662748 -4.507133 1.516209 0.665057 1.805827,
 28.048677 61.408112 32.499153 4.201576 0.657871 9.599153 0.306125 -0.419691,
 2.416516 31.999884 73.348412 30.415333 1.193231 3.914866 -5.788206 0.785657,
 28.743237 4.166439 30.904081 62.618671 -2.274009 -0.671607 -2.545920 3.950952,
 15.205201 -5.340641 1.040233 -4.161363 -19.102922 4.703190 0.713886 4.127300,
 2.996793 -34.027790 -14.289187 -2.035407 -1.961509 9.108584 -4.724189 0.134247,
 0.635473 -24.637001 -24.456360 -11.074669 1.621694 0.969267 -16.384584 -6.070034,
 10.653290 -0.567562 -6.858531 -11.263444 -10.657985 0.157856 -6.982661 -3.728728,
 -22.468266 -22.260134 1.662692 8.861957 -6.114053 -16.905392 0.458231 -0.025533,
 -22.321590 -15.919062 0.515491 -1.828662 -15.085196 -35.632710 -15.064308 0.355373,
 -2.817887 3.914621 -15.815777 12.181150 -2.551850 -7.195609 -36.005394 11.862181,
 -0.767716 -1.243215 -6.308231 28.379963 1.727047 -1.701454 -7.393905 11.016376,
