Low-band skewness and kurtosis
 -2.274161 6.496480,
 -2.327910 7.181157,
 -1.873041 5.495826,
 -1.560124 4.495133,
 -1.215047 3.389767,

High-band variance
 131.798370,

Skewness, kurtosis, variance, mean, maximum and minimum of the reconstructed texture
 -2.261436 6.257483 6447.170410 223.442322 255.000000 0.000000,

Auto-correlations of the low-frequency bands at each scale
 2976.830078 3358.193848 3643.540283 3777.515381 3694.144287 3405.730957 2995.158203 3453.979248 4005.677246 4509.311523 4760.960449 4584.606445 4092.041504 3507.515869 3822.478271 4599.029785 5404.061035 5801.532227 5468.536621 4679.877441 3881.001709 3993.925781 4892.816895 5843.444336 6286.429688 5843.444336 4892.816895 3993.925781 3881.001709 4679.877441 5468.536621 5801.532227 5404.061035 4599.029785 3822.478271 3507.515869 4092.041504 4584.606445 4760.960449 4509.311523 4005.677246 3453.979248 2995.158203 3405.730957 3694.144287 3777.515381 3643.540283 3358.193848 2976.830078,
 1819.522217 1786.169434 1802.101807 1875.267090 1875.031006 1837.193359 1857.809814 1922.342529 2158.641846 2645.531982 2971.443848 2711.038330 2179.929443 1888.857910 2056.647217 2855.167969 4135.686035 4849.726562 4198.661621 2899.044434 2056.817627 2147.135010 3267.793457 4960.770996 5840.523438 4960.770996 3267.793457 2147.135010 2056.817627 2899.044434 4198.661621 4849.726562 4135.686035 2855.167969 2056.647217 1888.857910 2179.929443 2711.038330 2971.443848 2645.531982 2158.641846 1922.342529 1857.809814 1837.193359 1875.031006 1875.267090 1802.101807 1786.169434 1819.522217,
 633.077759 890.288025 1110.857422 1413.657471 1800.765137 2076.089111 2041.136597 868.603760 1222.487305 1607.552246 1867.698730 1855.596680 1841.819824 1920.436768 1056.659668 1631.150757 2674.279297 3267.282227 2636.238281 1776.831909 1584.473633 1283.513184 1873.698975 3316.274414 4222.648438 3316.274414 1873.698975 1283.513184 1584.473633 1776.831909 2636.238281 3267.282227 2674.279297 1631.150757 1056.659668 1920.436768 1841.819824 1855.596680 1867.698730 1607.552246 1222.487305 868.603760 2041.136597 2076.089111 1800.765137 1413.657471 1110.857422 890.288025 633.077759,
 -605.624878 -425.021179 -199.796478 409.315857 1151.754395 1586.658936 1708.421509 -366.560730 -20.259338 495.510803 1231.379028 1717.726807 1825.480713 1705.712646 -8.023315 545.339478 1440.590576 2227.292725 2160.652832 1665.799438 1267.569336 590.890320 1194.013062 2159.858398 2750.108643 2159.858398 1194.013062 590.890320 1267.569336 1665.799438 2160.652832 2227.292725 1440.590576 545.339478 -8.023315 1705.712646 1825.480713 1717.726807 1231.379028 495.510803 -20.259338 -366.560730 1708.421509 1586.658936 1151.754395 409.315857 -199.796478 -425.021179 -605.624878,
 -347.327454 -899.686157 -1124.166748 -890.653503 -209.408630 528.368408 760.091248 -869.855164 -1077.172729 -773.778992 23.218079 917.463440 1234.697144 711.921814 -1071.280518 -733.943359 234.238464 1327.577148 1705.705566 1099.223755 52.148132 -732.810181 178.922760 1391.858276 1986.650391 1391.858276 178.922760 -732.810181 52.148132 1099.223755 1705.705566 1327.577148 234.238464 -733.943359 -1071.280518 711.921814 1234.697144 917.463440 23.218079 -773.778992 -1077.172729 -869.855164 760.091248 528.368408 -209.408630 -890.653503 -1124.166748 -899.686157 -347.327454,

Auto-correlations of the modulus of each oriented sub-band
 76.140190 83.778534 90.771873 93.583527 90.817314 84.226776 77.323341 88.575340 100.611115 111.273201 115.430984 111.057411 100.705566 89.538353 100.890633 117.646240 132.499634 138.331848 132.175415 117.540588 101.531242 106.593506 125.346169 142.372101 149.392258 142.372101 125.346169 106.593506 101.531242 117.540588 132.175415 138.331848 132.499634 117.646240 100.890633 89.538353 100.705566 111.057411 115.430984 111.273201 100.611115 88.575340 77.323341 84.226776 90.817314 93.583527 90.771873 83.778534 76.140190,
 110.261108 114.977310 115.508591 110.834557 102.431198 93.067383 84.798096 115.704979 130.820831 140.170898 138.568878 126.782646 110.268066 94.683052 117.153717 141.031189 160.184647 164.162781 150.788803 127.914589 104.999344 113.308121 139.964676 164.570496 175.139786 164.570496 139.964676 113.308121 104.999344 127.914589 150.788803 164.162781 160.184647 141.031189 117.153717 94.683052 110.268066 126.782646 138.568878 140.170898 130.820831 115.704979 84.798096 93.067383 102.431198 110.834557 115.508591 114.977310 110.261108,
 87.397987 101.912918 116.381813 123.140045 117.445961 104.245804 91.045891 94.222511 112.519127 131.403458 140.171204 131.814835 113.763161 96.535484 100.802498 122.287231 145.144241 155.976837 145.157913 122.709274 101.836113 103.797195 126.349388 150.734161 162.593872 150.734161 126.349388 103.797195 101.836113 122.709274 145.157913 155.976837 145.144241 122.287231 100.802498 96.535484 113.763161 131.814835 140.171204 131.403458 112.519127 94.222511 91.045891 104.245804 117.445961 123.140045 116.381813 101.912918 87.397987,
 69.221657 78.235413 87.809906 95.574196 99.198807 98.301605 94.862282 79.123886 93.517464 108.131317 117.808670 118.203537 110.053886 98.852341 89.561539 109.083107 128.306458 138.997543 134.830078 118.958229 100.534348 97.496880 119.080109 139.429535 148.294266 139.429535 119.080109 97.496880 100.534348 118.958229 134.830078 138.997543 128.306458 109.083107 89.561539 98.852341 110.053886 118.203537 117.808670 108.131317 93.517464 79.123886 94.862282 98.301605 99.198807 95.574196 87.809906 78.235413 69.221657,
 192.784027 204.471024 214.040787 219.610992 220.545273 217.904526 213.252258 231.182220 254.096893 272.606995 280.602570 275.815247 262.037445 244.544403 274.423523 313.813782 346.979492 360.387024 347.847412 317.622559 282.308777 297.856018 344.535828 385.413788 402.642334 385.413788 344.535828 297.856018 282.308777 317.622559 347.847412 360.387024 346.979492 313.813782 274.423523 244.544403 262.037445 275.815247 280.602570 272.606995 254.096893 231.182220 213.252258 217.904526 220.545273 219.610992 214.040787 204.471024 192.784027,
 301.973450 328.992035 328.245789 304.634155 275.781616 255.009140 242.066330 327.827667 380.419037 402.368011 380.545502 332.330475 286.770905 256.028595 326.849335 399.730042 456.381500 458.160065 403.708344 333.380554 278.598114 305.955078 379.302185 456.798035 493.201019 456.798035 379.302185 305.955078 278.598114 333.380554 403.708344 458.160065 456.381500 399.730042 326.849335 256.028595 286.770905 332.330475 380.545502 402.368011 380.419037 327.827667 242.066330 255.009140 275.781616 304.634155 328.245789 328.992035 301.973450,
 246.663483 303.623260 367.558594 405.801422 392.682495 347.335785 304.447296 266.222687 334.132629 414.361389 459.255920 431.644775 363.913513 305.412994 282.892181 359.269104 453.785095 504.602539 462.361572 374.117981 302.541779 295.223145 373.471680 472.153107 523.352234 472.153107 373.471680 295.223145 302.541779 374.117981 462.361572 504.602539 453.785095 359.269104 282.892181 305.412994 363.913513 431.644775 459.255920 414.361389 334.132629 266.222687 304.447296 347.335785 392.682495 405.801422 367.558594 303.623260 246.663483,
 193.562973 218.256287 251.612640 288.056091 314.606110 318.824646 302.371429 214.218903 252.417938 303.449066 352.162231 372.374664 354.446930 315.421112 244.233734 298.259430 366.576538 418.227081 415.892761 366.399261 307.148651 279.434296 343.777405 414.589233 448.708588 414.589233 343.777405 279.434296 307.148651 366.399261 415.892761 418.227081 366.576538 298.259430 244.233734 315.421112 354.446930 372.374664 352.162231 303.449066 252.417938 214.218903 302.371429 318.824646 314.606110 288.056091 251.612640 218.256287 193.562973,
 89.523834 115.168953 134.285095 146.300369 151.719025 152.931915 154.044846 138.947449 173.003403 196.326813 204.901260 197.821838 180.472366 161.732910 178.102509 236.848206 287.002289 308.265747 289.261383 241.580780 188.727753 196.597565 272.469330 343.724609 374.671448 343.724609 272.469330 196.597565 188.727753 241.580780 289.261383 308.265747 287.002289 236.848206 178.102509 161.732910 180.472366 197.821838 204.901260 196.326813 173.003403 138.947449 154.044846 152.931915 151.719025 146.300369 134.285095 115.168953 89.523834,
 84.714859 113.422852 138.795654 158.065201 165.755371 158.536377 145.044464 130.751190 181.525269 219.519043 224.253738 204.279816 176.694519 148.938629 155.618530 233.862640 308.639557 324.097107 271.326874 202.877533 148.689026 154.218796 234.473206 329.942688 379.502197 329.942688 234.473206 154.218796 148.689026 202.877533 271.326874 324.097107 308.639557 233.862640 155.618530 148.938629 176.694519 204.279816 224.253738 219.519043 181.525269 130.751190 145.044464 158.536377 165.755371 158.065201 138.795654 113.422852 84.714859,
 87.476158 139.267960 223.589325 282.493439 272.037262 236.663498 216.314484 124.170662 189.900452 293.632355 361.392548 325.493439 254.285095 211.763855 157.994675 235.658173 360.309448 439.763092 376.484131 267.469788 201.893845 184.275299 263.450012 394.040161 475.222961 394.040161 263.450012 184.275299 201.893845 267.469788 376.484131 439.763092 360.309448 235.658173 157.994675 211.763855 254.285095 325.493439 361.392548 293.632355 189.900452 124.170662 216.314484 236.663498 272.037262 282.493439 223.589325 139.267960 87.476158,
 128.634399 181.265442 239.517822 294.754547 331.365601 340.709839 331.900452 178.022095 243.898010 322.058167 391.830261 419.370300 395.939575 349.821472 232.294800 321.074097 427.627594 506.990967 504.358795 428.970642 341.286865 293.971680 398.091278 511.612488 566.359131 511.612488 398.091278 293.971680 341.286865 428.970642 504.358795 506.990967 427.627594 321.074097 232.294800 349.821472 395.939575 419.370300 391.830261 322.058167 243.898010 178.022095 331.900452 340.709839 331.365601 294.754547 239.517822 181.265442 128.634399,
 -42.499905 -23.190742 -2.226627 13.961469 24.986744 30.750565 28.153553 -22.602375 3.254011 30.584030 50.942249 60.159332 59.511238 50.193134 17.432167 56.128345 95.390556 119.320312 117.465401 98.107071 72.460106 62.303444 105.209000 146.366409 165.417587 146.366409 105.209000 62.303444 72.460106 98.107071 117.465401 119.320312 95.390556 56.128345 17.432167 50.193134 59.511238 60.159332 50.942249 30.584030 3.254011 -22.602375 28.153553 30.750565 24.986744 13.961469 -2.226627 -23.190742 -42.499905,
 -17.988621 7.053728 29.168787 38.876778 36.237053 29.034189 23.167919 6.025293 43.239506 76.699097 85.368622 69.156250 49.526516 37.338905 23.594200 72.571999 125.517792 142.258881 109.959167 65.724693 39.228065 33.219406 78.168396 139.629181 171.518234 139.629181 78.168396 33.219406 39.228065 65.724693 109.959167 142.258881 125.517792 72.571999 23.594200 37.338905 49.526516 69.156250 85.368622 76.699097 43.239506 6.025293 23.167919 29.034189 36.237053 38.876778 29.168787 7.053728 -17.988621,
 -17.097387 -8.397259 2.995218 19.662937 31.830599 28.370369 22.721865 0.829617 14.293324 35.982391 54.395679 50.236801 34.729809 22.576454 11.791786 31.861034 68.264053 93.723885 68.845718 36.076122 18.509521 15.244992 36.970806 80.129456 113.097557 80.129456 36.970806 15.244992 18.509521 36.076122 68.845718 93.723885 68.264053 31.861034 11.791786 22.576454 34.729809 50.236801 54.395679 35.982391 14.293324 0.829617 22.721865 28.370369 31.830599 19.662937 2.995218 -8.397259 -17.097387,
 -48.457100 -26.997303 -1.756561 24.571152 46.358162 58.023151 57.692162 -30.965961 -1.946243 32.043537 62.804092 78.130264 74.014091 56.941708 -4.248970 33.359070 77.615112 109.723915 109.978455 82.990593 48.773041 25.984234 68.125404 112.995621 134.008240 112.995621 68.125404 25.984234 48.773041 82.990593 109.978455 109.723915 77.615112 33.359070 -4.248970 56.941708 74.014091 78.130264 62.804092 32.043537 -1.946243 -30.965961 57.692162 58.023151 46.358162 24.571152 -1.756561 -26.997303 -48.457100,

Pairwise cross-correlations of the modulus of all oriented sub-bands at the same scale (size QxQ)
 149.392258 115.457573 74.794701 104.344940,
 115.457573 175.139816 120.219147 76.470192,
 74.794701 120.219147 162.593903 109.368469,
 104.344940 76.470192 109.368469 148.294296,
 402.642334 380.643341 338.740326 351.943787,
 380.643341 493.201111 413.899689 346.998749,
 338.740326 413.899689 523.352295 397.818817,
 351.943787 346.998749 397.818817 448.708649,
 374.671509 295.845947 276.734192 348.575775,
 295.845947 379.502228 321.098145 281.217896,
 276.734192 321.098145 475.223022 384.467987,
 348.575775 281.217896 384.467987 566.359131,
 165.417587 115.932022 69.463272 114.138077,
 115.932022 171.518265 98.377380 84.967262,
 69.463272 98.377380 113.097565 84.705994,
 114.138077 84.967262 84.705994 134.008240,

Cross-correlations of the modulus of all oriented sub-bands with all oriented sub-bands at the coarser scale (size QxQ)
 212.935104 203.835815 166.588837 187.351303,
 198.054520 256.155548 216.019577 169.826584,
 163.789627 212.193756 254.736511 194.441269,
 183.140945 171.747482 205.883484 219.812561,
 302.729919 260.184265 290.740814 352.463226,
 310.477539 302.386963 332.004608 367.272644,
 286.677246 280.254150 384.919830 391.724792,
 285.204956 245.856277 323.459137 386.267944,
 130.887024 115.209908 92.943924 148.867966,
 124.712051 137.468933 95.439514 131.883240,
 125.943214 137.598328 135.981705 159.824524,
 126.841171 101.529526 120.610207 173.631592,

Cross-correlations of the real part of each oriented sub-band with both the real and imaginary part of all phase-doubled oriented sub-bands at the next coarser scale (Q matrices of size 1x2Q, which are computed and stored in a matrix of size Qx2Q)
 72.330772 42.050125 3.919606 29.109409 -2.554725 2.480462 0.200222 0.336469,
 39.307629 106.460960 48.928738 2.520876 1.920497 3.155200 -2.333836 0.387911,
 4.000893 53.544155 92.221687 33.569416 0.471007 -1.747068 -4.356227 0.876669,
 28.116335 4.870222 33.551643 72.353806 -2.245889 -0.790903 -0.770881 0.893090,
 -46.458248 -18.719530 -3.559137 -29.342545 -16.820724 0.357542 -0.760960 -7.225304,
 -17.557552 -65.435204 -44.616959 -3.110893 -8.443020 0.865609 -10.357046 -0.508018,
 -3.966083 -39.480579 -85.057838 -25.961332 0.535517 -6.936759 -19.603436 -7.774939,
 -26.513189 -2.472872 -28.736233 -62.930428 -4.048320 -3.622449 -5.087818 -17.126078,
 -44.574570 -28.288666 1.630319 -16.494406 -22.266119 5.029060 -3.710691 -10.636198,
 -24.507687 -47.822769 -10.415935 0.123774 -13.874907 0.711548 -20.429924 -1.842144,
 -2.970600 -21.215151 10.316920 10.686563 -0.737493 -3.965760 -55.049927 -33.420303,
 -21.453121 -5.564438 19.079121 -6.786887 -5.536418 0.081382 -31.301125 -47.350937,
