Low-band skewness and kurtosis
 -2.219644 6.283068,
 -2.285231 7.095157,
 -1.667787 5.029181,
 -1.086257 3.404254,
 -0.962380 3.427307,

High-band variance
 150.377548,

Skewness, kurtosis, variance, mean, maximum and minimum of the reconstructed texture
 -2.206166 6.017250 6575.397949 222.440308 255.000000 0.000000,

Auto-correlations of the low-frequency bands at each scale
 2232.386719 2822.409180 3273.537842 3462.200684 3334.364014 2950.939453 2411.203613 2896.784668 3666.006348 4343.955078 4644.040527 4383.975586 3742.281738 2989.394043 3383.771729 4385.988770 5383.838379 5843.133789 5404.845215 4421.044434 3417.903076 3573.656738 4697.846680 5857.626953 6392.333496 5857.626953 4697.846680 3573.656738 3417.903076 4421.044434 5404.845215 5843.133789 5383.838379 4385.988770 3383.771729 2989.394043 3742.281738 4383.975586 4644.040527 4343.955078 3666.006348 2896.784668 2411.203613 2950.939453 3334.364014 3462.200684 3273.537842 2822.409180 2232.386719,
 392.747650 454.013184 656.713257 874.442505 917.038940 849.951294 810.014282 615.482361 1078.943359 1913.615845 2436.697266 2101.797119 1337.200684 832.020203 971.222168 2089.413086 3805.256348 4727.748047 3885.354980 2180.396973 1011.070801 1140.596924 2623.443115 4784.023438 5887.765137 4784.023438 2623.443115 1140.596924 1011.070801 2180.396973 3885.354980 4727.748047 3805.256348 2089.413086 971.222168 832.020203 1337.200684 2101.797119 2436.697266 1913.615845 1078.943359 615.482361 810.014282 849.951294 917.038940 874.442505 656.713257 454.013184 392.747650,
 303.752045 343.153900 378.365540 550.270996 941.837585 1234.220581 942.988281 198.284241 93.143799 308.236298 677.848022 774.422729 718.733887 604.593933 279.958679 442.570648 1656.642700 2596.647461 1833.887573 632.531128 369.524597 346.362305 809.210999 2733.412842 4027.136963 2733.412842 809.210999 346.362305 369.524597 632.531128 1833.887573 2596.647461 1656.642700 442.570648 279.958679 604.593933 718.733887 774.422729 677.848022 308.236298 93.143799 198.284241 942.988281 1234.220581 941.837585 550.270996 378.365540 343.153900 303.752045,
 260.903809 425.055725 292.585541 288.095734 392.246307 278.136902 235.477493 493.297119 399.064484 319.969055 575.454346 650.238586 408.280853 334.000977 515.402222 367.902039 709.419739 1297.192383 1094.103516 525.773987 376.889648 447.960175 496.617645 1196.500854 1768.627075 1196.500854 496.617645 447.960175 376.889648 525.773987 1094.103516 1297.192383 709.419739 367.902039 515.402222 334.000977 408.280853 650.238586 575.454346 319.969055 399.064484 493.297119 235.477493 278.136902 392.246307 288.095734 292.585541 425.055725 260.903809,
 -353.157288 -276.584656 -201.847824 -173.037964 -205.465317 -291.839294 -370.533630 -141.473557 -37.547844 97.205750 179.866943 134.885513 18.469446 -98.515991 -12.784672 218.016235 521.230957 696.755859 568.135620 297.698120 54.422184 48.028015 370.302734 763.938782 971.356079 763.938782 370.302734 48.028015 54.422184 297.698120 568.135620 696.755859 521.230957 218.016235 -12.784672 -98.515991 18.469446 134.885513 179.866943 97.205750 -37.547844 -141.473557 -370.533630 -291.839294 -205.465317 -173.037964 -201.847824 -276.584656 -353.157288,

Auto-correlations of the modulus of each oriented sub-band
 67.579102 77.221138 86.183617 90.277382 87.549446 79.790138 71.042450 88.352318 103.122955 116.238228 121.631905 116.604362 103.866852 89.474342 107.041512 127.068588 144.666794 151.699936 144.513229 126.869186 106.963463 114.661987 137.157257 157.158203 165.317581 157.158203 137.157257 114.661987 106.963463 126.869186 144.513229 151.699936 144.666794 127.068588 107.041512 89.474342 103.866852 116.604362 121.631905 116.238228 103.122955 88.352318 71.042450 79.790138 87.549446 90.277382 86.183617 77.221138 67.579102,
 93.481354 99.245285 101.433495 98.406090 90.005714 77.878494 64.465027 99.787369 115.295021 126.271889 127.321602 117.254448 99.591408 79.563034 103.193810 127.240288 146.769943 152.517761 141.233047 118.603584 92.867760 101.204971 128.963226 153.018692 163.027466 153.018692 128.963226 101.204971 92.867760 118.603584 141.233047 152.517761 146.769943 127.240288 103.193810 79.563034 99.591408 117.254448 127.321602 126.271889 115.295021 99.787369 64.465027 77.878494 90.005714 98.406090 101.433495 99.245285 93.481354,
 69.908936 89.484459 108.428917 116.994087 109.996529 92.514931 73.624710 80.029633 103.972939 127.051834 137.425476 128.145676 105.988609 82.220963 89.228935 117.153168 143.966446 156.045898 144.522263 118.126099 90.154091 93.199585 122.798462 151.057877 163.742996 151.057877 122.798462 93.199585 90.154091 118.126099 144.522263 156.045898 143.966446 117.153168 89.228935 82.220963 105.988609 128.145676 137.425476 127.051834 103.972939 80.029633 73.624710 92.514931 109.996529 116.994087 108.428917 89.484459 69.908936,
 63.770813 77.097122 89.710510 99.697540 105.197693 105.132889 100.284668 78.708496 98.734360 117.276001 129.073593 129.812897 119.614456 103.920731 92.145065 118.339432 142.295349 155.106293 149.964539 129.850754 104.950989 101.317139 129.963486 155.368988 166.098206 155.368988 129.963486 101.317139 104.950989 129.850754 149.964539 155.106293 142.295349 118.339432 92.145065 103.920731 119.614456 129.812897 129.073593 117.276001 98.734360 78.708496 100.284668 105.132889 105.197693 99.697540 89.710510 77.097122 63.770813,
 124.823959 140.687775 155.970718 167.296021 171.454422 169.066620 163.789810 179.502899 210.344635 237.488281 252.121063 248.837708 231.625244 209.858246 245.238861 295.458282 339.586182 359.224182 344.296753 305.091522 260.359955 280.234009 338.950409 391.852356 414.438110 391.852356 338.950409 280.234009 260.359955 305.091522 344.296753 359.224182 339.586182 295.458282 245.238861 209.858246 231.625244 248.837708 252.121063 237.488281 210.344635 179.502899 163.789810 169.066620 171.454422 167.296021 155.970718 140.687775 124.823959,
 222.879684 254.590866 256.163818 227.884827 185.956314 149.894516 125.838058 244.954239 304.870667 333.613068 312.738922 254.197357 191.520966 143.800644 241.500580 326.815674 392.770386 398.150574 336.139893 249.388107 174.856842 213.011169 304.300415 395.106903 436.709259 395.106903 304.300415 213.011169 174.856842 249.388107 336.139893 398.150574 392.770386 326.815674 241.500580 143.800644 191.520966 254.197357 312.738922 333.613068 304.870667 244.954239 125.838058 149.894516 185.956314 227.884827 256.163818 254.590866 222.879684,
 149.260681 206.945801 265.598480 286.365387 252.513962 195.080383 150.014648 164.247284 236.056213 315.530945 347.851257 304.008362 225.962006 164.071686 175.243225 258.321594 356.961853 402.196014 349.825500 252.456207 175.091675 179.432114 265.115479 371.446106 425.295074 371.446106 265.115479 179.432114 175.091675 252.456207 349.825500 402.196014 356.961853 258.321594 175.243225 164.071686 225.962006 304.008362 347.851257 315.530945 236.056213 164.247284 150.014648 195.080383 252.513962 286.365387 265.598480 206.945801 149.260681,
 78.284607 102.845276 145.051926 197.714935 240.989944 256.188599 239.044189 113.275711 161.073120 228.394196 294.477173 326.140717 309.392029 259.694458 161.369812 234.305893 322.533813 387.511230 387.317261 327.925354 249.661377 212.179626 299.368103 387.970947 428.606628 387.970947 299.368103 212.179626 249.661377 327.925354 387.317261 387.511230 322.533813 234.305893 161.369812 259.694458 309.392029 326.140717 294.477173 228.394196 161.073120 113.275711 239.044189 256.188599 240.989944 197.714935 145.051926 102.845276 78.284607,
 75.495934 84.483208 103.482956 125.042221 142.188370 151.480377 149.988312 89.977165 121.979691 157.286240 181.656097 186.806839 175.663101 155.188202 153.236481 234.241806 309.082581 340.887024 313.343628 247.531143 177.925293 196.114441 302.913666 407.824341 454.188141 407.824341 302.913666 196.114441 177.925293 247.531143 313.343628 340.887024 309.082581 234.241806 153.236481 155.188202 175.663101 186.806839 181.656097 157.286240 121.979691 89.977165 149.988312 151.480377 142.188370 125.042221 103.482956 84.483208 75.495934,
 119.181396 165.538330 197.342697 196.721573 183.179886 180.180328 178.124847 137.117706 225.901917 296.084869 291.246552 238.451630 201.068329 189.232971 152.291718 271.840546 404.293518 431.084595 334.971924 227.491272 176.578552 162.818436 265.088867 421.753052 507.159210 421.753052 265.088867 162.818436 176.578552 227.491272 334.971924 431.084595 404.293518 271.840546 152.291718 189.232971 201.068329 238.451630 291.246552 296.084869 225.901917 137.117706 178.124847 180.180328 183.179886 196.721573 197.342697 165.538330 119.181396,
 106.672363 153.286743 241.685013 298.592896 277.039032 225.241119 186.577942 131.239609 202.893646 338.030579 422.793762 366.844543 262.212189 197.590836 155.886078 248.239029 423.208893 531.727722 438.193939 281.185822 193.995331 178.280136 276.689606 462.027283 576.524780 462.027283 276.689606 178.280136 193.995331 281.185822 438.193939 531.727722 423.208893 248.239029 155.886078 197.590836 262.212189 366.844543 422.793762 338.030579 202.893646 131.239609 186.577942 225.241119 277.039032 298.592896 241.685013 153.286743 106.672363,
 79.280220 70.176346 81.193047 126.435760 180.916748 197.404343 162.755829 78.452515 95.055283 162.613159 266.171722 328.835510 292.089966 198.146851 100.253242 170.722031 310.643738 446.504761 455.093872 330.709473 194.172211 149.828293 275.326111 447.759766 538.796265 447.759766 275.326111 149.828293 194.172211 330.709473 455.093872 446.504761 310.643738 170.722031 100.253242 198.146851 292.089966 328.835510 266.171722 162.613159 95.055283 78.452515 162.755829 197.404343 180.916748 126.435760 81.193047 70.176346 79.280220,
 10.004404 21.565193 31.753201 41.152878 48.431187 49.749420 41.918579 33.855976 52.238091 69.278183 82.945801 89.122604 81.754570 61.429913 48.601307 86.865585 125.946213 147.457367 138.191971 102.640305 60.951962 55.656918 108.659210 164.360474 189.436127 164.360474 108.659210 55.656918 60.951962 102.640305 138.191971 147.457367 125.946213 86.865585 48.601307 61.429913 81.754570 89.122604 82.945801 69.278183 52.238091 33.855976 41.918579 49.749420 48.431187 41.152878 31.753201 21.565193 10.004404,
 26.961393 49.022911 52.018242 45.576210 39.112053 32.316139 27.424753 51.311119 87.013405 103.233009 90.358795 69.292702 55.043049 45.763512 67.289017 109.341759 153.086578 153.820847 116.125763 81.495628 64.086517 71.906883 103.929520 157.810410 188.625244 157.810410 103.929520 71.906883 64.086517 81.495628 116.125763 153.820847 153.086578 109.341759 67.289017 45.763512 55.043049 69.292702 90.358795 103.233009 87.013405 51.311119 27.424753 32.316139 39.112053 45.576210 52.018242 49.022911 26.961393,
 4.725509 10.573195 9.220572 11.182785 9.520640 1.992581 -3.406272 13.437252 20.984808 31.430199 43.086647 33.815948 17.649050 12.273411 26.817242 36.339531 60.526844 83.110229 63.559521 36.103119 28.090565 33.962368 44.242752 76.401016 103.624374 76.401016 44.242752 33.962368 28.090565 36.103119 63.559521 83.110229 60.526844 36.339531 26.817242 12.273411 17.649050 33.815948 43.086647 31.430199 20.984808 13.437252 -3.406272 1.992581 9.520640 11.182785 9.220572 10.573195 4.725509,
 2.970269 2.038970 2.111612 0.357862 -7.089035 -9.794656 3.185926 10.306627 10.098640 14.984123 20.555607 13.529161 5.569733 11.264830 12.267160 15.155624 33.636780 54.477592 42.991104 20.074352 14.619911 13.099831 21.219929 51.688606 76.043968 51.688606 21.219929 13.099831 14.619911 20.074352 42.991104 54.477592 33.636780 15.155624 12.267160 11.264830 5.569733 13.529161 20.555607 14.984123 10.098640 10.306627 3.185926 -9.794656 -7.089035 0.357862 2.111612 2.038970 2.970269,

Pairwise cross-correlations of the modulus of all oriented sub-bands at the same scale (size QxQ)
 165.317566 107.737686 57.932293 109.482529,
 107.737686 163.027496 106.113121 63.803589,
 57.932293 106.113121 163.742996 108.252426,
 109.482529 63.803589 108.252426 166.098236,
 414.438141 328.056671 262.686646 331.489685,
 328.056671 436.709290 325.636444 279.283752,
 262.686646 325.636444 425.295166 327.803711,
 331.489685 279.283752 327.803711 428.606628,
 454.188141 379.568848 334.404816 344.228333,
 379.568848 507.159271 407.590668 331.404846,
 334.404816 407.590668 576.524902 440.236938,
 344.228333 331.404846 440.236938 538.796265,
 189.436142 115.207214 66.887283 68.425827,
 115.207214 188.625244 77.596497 39.318939,
 66.887283 77.596497 103.624374 48.983391,
 68.425827 39.318939 48.983391 76.043983,

Cross-correlations of the modulus of all oriented sub-bands with all oriented sub-bands at the coarser scale (size QxQ)
 226.587540 182.253067 133.686035 185.641800,
 181.954453 229.451202 181.544724 143.511108,
 135.485794 178.454697 228.737198 179.332764,
 185.565781 144.207153 179.842255 228.350861,
 332.127686 313.759521 306.536743 324.688812,
 306.810883 357.231842 344.752899 293.341217,
 257.259460 325.406952 393.920013 341.359131,
 285.879822 288.962219 342.328308 364.764191,
 167.131516 143.763489 84.236557 65.882263,
 162.281677 144.492783 90.510574 63.070393,
 142.468124 134.585205 97.399292 73.474228,
 134.380280 122.106415 67.285797 77.508591,

Cross-correlations of the real part of each oriented sub-band with both the real and imaginary part of all phase-doubled oriented sub-bands at the next coarser scale (Q matrices of size 1x2Q, which are computed and stored in a matrix of size Qx2Q)
 96.324295 46.588711 3.500288 43.248749 0.992041 0.712594 0.101584 1.715388,
 44.339741 101.498352 39.830734 4.259356 2.023860 0.629428 -3.430946 0.247201,
 4.659806 41.965897 94.920319 44.115711 0.496738 -2.412495 -3.738922 1.441739,
 42.654255 4.011766 44.037090 98.165596 -0.289937 -0.839230 0.482865 2.646670,
 -144.271790 -81.476906 -8.923031 -58.593319 18.793333 7.853785 -0.799118 -12.157200,
 -77.529907 -185.152725 -71.982956 -6.644919 9.841387 -7.389794 -20.210035 0.802985,
 -10.108623 -81.286980 -141.020996 -70.064430 2.768400 -13.949841 -31.015984 3.357061,
 -59.474075 -6.267278 -63.281883 -147.672440 15.477251 0.320436 -5.773210 -12.014099,
 -71.673805 -66.979897 -7.566864 -19.824276 -4.506741 14.345729 -0.936036 -2.901498,
 -56.237003 -115.088066 -79.772041 -7.178338 21.074352 36.067822 -4.319736 2.011662,
 -6.536887 -48.861710 -160.400879 -44.058472 4.286537 10.461731 14.896235 11.078508,
 -16.109764 -9.740789 -58.079529 -57.428276 -13.168797 -2.226365 15.693993 4.455102,
