Low-band skewness and kurtosis
 -2.210877 6.210485,
 -2.247978 6.790228,
 -1.788940 5.100515,
 -1.520123 4.681098,
 -1.365183 4.075665,

High-band variance
 142.020218,

Skewness, kurtosis, variance, mean, maximum and minimum of the reconstructed texture
 -2.197594 5.973108 6628.655762 222.288208 255.000000 0.000000,

Auto-correlations of the low-frequency bands at each scale
 3062.375977 3590.263916 3967.590332 4097.139160 3929.729004 3526.577881 2995.092773 3481.991943 4167.983887 4753.504883 4996.515137 4738.670898 4143.548340 3454.957764 3793.133301 4692.159668 5581.002930 5984.873535 5581.329102 4691.770996 3789.485352 3914.568115 4925.769531 5971.353027 6454.895508 5971.353027 4925.769531 3914.568115 3789.485352 4691.770996 5581.329102 5984.873535 5581.002930 4692.159668 3793.133301 3454.957764 4143.548340 4738.670898 4996.515137 4753.504883 4167.983887 3481.991943 2995.092773 3526.577881 3929.729004 4097.139160 3967.590332 3590.263916 3062.375977,
 1477.985962 1813.906372 2168.057129 2268.534668 2031.890747 1717.284058 1539.112183 1611.633789 2161.183350 2985.003418 3372.575195 2892.412598 2067.088135 1575.759521 1771.585205 2751.315674 4295.003418 5086.512695 4261.995605 2700.690674 1709.390381 1828.162842 3067.057861 4992.623535 5988.679199 4992.623535 3067.057861 1828.162842 1709.390381 2700.690674 4261.995605 5086.512695 4295.003418 2751.315674 1771.585205 1575.759521 2067.088135 2892.412598 3372.575195 2985.003418 2161.183350 1611.633789 1539.112183 1717.284058 2031.890747 2268.534668 2168.057129 1813.906372 1477.985962,
 817.387512 814.320679 1084.085449 1383.877197 1353.344727 1332.334839 1617.229492 1109.690308 1045.851929 1515.274414 1940.712402 1581.517090 1232.442261 1484.638550 1308.198242 1440.125977 2614.222900 3471.746338 2550.989990 1401.729248 1375.075684 1377.710327 1638.456543 3266.309326 4445.297363 3266.309326 1638.456543 1377.710327 1375.075684 1401.729248 2550.989990 3471.746338 2614.222900 1440.125977 1308.198242 1484.638550 1232.442261 1581.517090 1940.712402 1515.274414 1045.851929 1109.690308 1617.229492 1332.334839 1353.344727 1383.877197 1084.085449 814.320679 817.387512,
 -536.991943 -37.633972 455.191772 744.028137 965.814331 1254.473145 1347.495850 -241.768616 294.843384 878.239868 1244.055908 1336.729370 1411.978882 1429.461670 143.942566 719.711975 1559.383301 2089.670898 1837.659424 1382.741699 1174.453613 677.980896 1175.390259 2084.194824 2636.758789 2084.194824 1175.390259 677.980896 1174.453613 1382.741699 1837.659424 2089.670898 1559.383301 719.711975 143.942566 1429.461670 1411.978882 1336.729370 1244.055908 878.239868 294.843384 -241.768616 1347.495850 1254.473145 965.814331 744.028137 455.191772 -37.633972 -536.991943,
 -434.651367 -787.976074 -917.398193 -670.561523 -146.557373 307.628418 349.056580 -780.925720 -939.182007 -537.845764 204.464539 798.964417 920.613403 517.642395 -925.142395 -572.849609 415.291748 1366.000000 1533.616943 959.440186 125.783997 -563.078369 270.451508 1380.349365 1935.039185 1380.349365 270.451508 -563.078369 125.783997 959.440186 1533.616943 1366.000000 415.291748 -572.849609 -925.142395 517.642395 920.613403 798.964417 204.464539 -537.845764 -939.182007 -780.925720 349.056580 307.628418 -146.557373 -670.561523 -917.398193 -787.976074 -434.651367,

Auto-correlations of the modulus of each oriented sub-band
 78.780876 84.670555 89.987122 91.664246 88.464111 82.045326 75.683235 91.847649 102.603737 112.434029 116.196754 111.648705 101.181602 90.020134 105.591896 121.728714 136.536652 142.502335 136.191345 121.088821 104.737144 111.609482 130.477020 147.985107 155.267014 147.985107 130.477020 111.609482 104.737144 121.088821 136.191345 142.502335 136.536652 121.728714 105.591896 90.020134 101.181602 111.648705 116.196754 112.434029 102.603737 91.847649 75.683235 82.045326 88.464111 91.664246 89.987122 84.670555 78.780876,
 96.283844 101.860703 105.004349 103.084190 96.040115 86.402771 76.963425 101.555626 117.072296 128.628082 129.457275 118.902573 102.435898 86.286125 103.939758 128.163757 149.038803 154.630615 141.516647 118.199768 95.047958 101.578094 128.512329 154.356964 165.702820 154.356964 128.512329 101.578094 95.047958 118.199768 141.516647 154.630615 149.038803 128.163757 103.939758 86.286125 102.435898 118.902573 129.457275 128.628082 117.072296 101.555626 76.963425 86.402771 96.040115 103.084190 105.004349 101.860703 96.283844,
 82.959442 98.169792 113.634422 119.858879 111.630806 95.823738 81.651840 91.278763 111.092102 131.847549 140.859009 130.098251 109.045837 90.096695 99.208206 123.051147 148.573471 160.393097 147.462784 121.767502 98.431335 102.205673 127.498581 155.034836 168.502701 155.034836 127.498581 102.205673 98.431335 121.767502 147.462784 160.393097 148.573471 123.051147 99.208206 90.096695 109.045837 130.098251 140.859009 131.847549 111.092102 91.278763 81.651840 95.823738 111.630806 119.858879 113.634422 98.169792 82.959442,
 77.207863 86.737534 96.279053 103.467194 106.273529 104.292191 99.100990 85.476852 101.364944 117.217186 127.492096 127.415672 117.243698 102.719925 93.903244 116.097229 138.078140 150.468018 145.588242 126.422760 103.711472 100.627304 126.048904 150.118942 160.622040 150.118942 126.048904 100.627304 103.711472 126.422760 145.588242 150.468018 138.078140 116.097229 93.903244 102.719925 117.243698 127.415672 127.492096 117.217186 101.364944 85.476852 99.100990 104.292191 106.273529 103.467194 96.279053 86.737534 77.207863,
 202.493546 211.695526 218.548538 222.590103 222.658615 218.354340 210.738144 250.905243 269.532776 284.337799 290.940186 286.027985 271.913391 253.911377 304.130127 339.167145 369.056030 381.192139 367.963440 337.095001 301.981201 327.384460 372.283417 412.515533 429.748535 412.515533 372.283417 327.384460 301.981201 337.095001 367.963440 381.192139 369.056030 339.167145 304.130127 253.911377 271.913391 286.027985 290.940186 284.337799 269.532776 250.905243 210.738144 218.354340 222.658615 222.590103 218.548538 211.695526 202.493546,
 231.351822 252.163147 255.106537 234.543564 205.295502 182.336914 166.727402 265.166840 303.255859 323.251678 306.478516 263.962799 222.662369 192.819870 274.426819 331.051483 378.168121 380.708160 333.537201 273.178986 225.268356 257.041840 317.890991 383.597992 415.490936 383.597992 317.890991 257.041840 225.268356 273.178986 333.537201 380.708160 378.168121 331.051483 274.426819 192.819870 222.662369 263.962799 306.478516 323.251678 303.255859 265.166840 166.727402 182.336914 205.295502 234.543564 255.106537 252.163147 231.351822,
 194.261551 236.065994 280.582031 297.808472 274.392700 233.210098 200.379745 206.808868 255.404419 315.118896 343.358673 312.068909 254.830322 211.717133 217.340591 272.410889 346.720001 385.870972 345.985931 273.028687 220.180191 222.524078 280.108917 360.558960 404.757751 360.558960 280.108917 222.524078 220.180191 273.028687 345.985931 385.870972 346.720001 272.410889 217.340591 211.717133 254.830322 312.068909 343.358673 315.118896 255.404419 206.808868 200.379745 233.210098 274.392700 297.808472 280.582031 236.065994 194.261551,
 185.193985 198.411987 216.825668 244.247467 267.829712 270.443268 252.977554 204.260956 227.288544 264.992340 308.964417 330.434784 314.420441 278.275116 229.257263 269.473419 328.736572 379.139587 379.487000 333.492889 279.308350 258.104309 313.631836 379.476624 412.394958 379.476624 313.631836 258.104309 279.308350 333.492889 379.487000 379.139587 328.736572 269.473419 229.257263 278.275116 314.420441 330.434784 308.964417 264.992340 227.288544 204.260956 252.977554 270.443268 267.829712 244.247467 216.825668 198.411987 185.193985,
 173.944061 211.952896 236.762024 254.039703 269.835785 284.750824 293.859741 259.179138 315.260834 353.418762 371.555664 372.443237 361.666901 343.872009 348.060181 437.554779 507.108124 534.259888 511.426483 453.463470 385.931641 397.654236 500.447357 588.941528 625.302429 588.941528 500.447357 397.654236 385.931641 453.463470 511.426483 534.259888 507.108124 437.554779 348.060181 343.872009 361.666901 372.443237 371.555664 353.418762 315.260834 259.179138 293.859741 284.750824 269.835785 254.039703 236.762024 211.952896 173.944061,
 135.062119 179.241440 199.077972 183.233429 161.894104 157.367203 162.694229 167.994400 234.339081 281.486664 268.407257 223.132202 191.266693 174.952744 192.701431 276.618805 363.118378 376.017975 307.512115 236.544662 190.237350 199.334198 274.856659 375.714111 433.066895 375.714111 274.856659 199.334198 190.237350 236.544662 307.512115 376.017975 363.118378 276.618805 192.701431 174.952744 191.266693 223.132202 268.407257 281.486664 234.339081 167.994400 162.694229 157.367203 161.894104 183.233429 199.077972 179.241440 135.062119,
 85.811417 131.126205 189.078674 221.587799 201.651886 175.067307 171.469223 114.326546 172.143524 256.018250 307.403320 269.235901 205.822601 175.825333 142.260590 210.477951 320.876099 391.706238 331.468506 230.240036 174.755920 164.082428 233.155731 353.325134 429.175476 353.325134 233.155731 164.082428 174.755920 230.240036 331.468506 391.706238 320.876099 210.477951 142.260590 175.825333 205.822601 269.235901 307.403320 256.018250 172.143524 114.326546 171.469223 175.067307 201.651886 221.587799 189.078674 131.126205 85.811417,
 126.022606 173.937866 215.444977 242.900650 245.303558 224.791565 207.991119 148.156693 203.363892 265.854584 325.581238 336.653107 293.375427 244.778183 170.678528 250.823181 358.482269 450.368683 435.436310 339.460938 247.109406 210.074921 314.317688 446.122437 519.462463 446.122437 314.317688 210.074921 247.109406 339.460938 435.436310 450.368683 358.482269 250.823181 170.678528 244.778183 293.375427 336.653107 325.581238 265.854584 203.363892 148.156693 207.991119 224.791565 245.303558 242.900650 215.444977 173.937866 126.022606,
 -0.634583 4.822838 13.932425 25.662155 36.891029 42.712101 38.641293 14.208265 31.042469 50.073818 65.277908 68.915321 59.553799 41.571465 26.324673 59.861435 95.297699 115.879906 107.890869 78.371872 43.706730 39.148212 81.948227 125.793655 146.182877 125.793655 81.948227 39.148212 43.706730 78.371872 107.890869 115.879906 95.297699 59.861435 26.324673 41.571465 59.553799 68.915321 65.277908 50.073818 31.042469 14.208265 38.641293 42.712101 36.891029 25.662155 13.932425 4.822838 -0.634583,
 -0.527254 18.473843 35.923065 45.595718 45.943176 37.914597 27.713057 19.754025 47.467079 72.547417 81.451645 73.072914 54.916992 36.672298 34.573303 71.330811 109.108688 120.973175 100.355881 67.231522 38.857574 39.321785 76.795242 120.913147 143.238724 120.913147 76.795242 39.321785 38.857574 67.231522 100.355881 120.973175 109.108688 71.330811 34.573303 36.672298 54.916992 73.072914 81.451645 72.547417 47.467079 19.754025 27.713057 37.914597 45.943176 45.595718 35.923065 18.473843 -0.527254,
 -27.097218 -8.926547 19.159922 34.170151 32.742180 30.365036 28.617714 -8.831898 20.495979 64.823830 85.700363 65.726433 38.877163 19.666285 2.628028 41.805771 101.317230 133.397858 96.656235 46.308632 11.811011 7.511040 49.518745 112.638489 153.945328 112.638489 49.518745 7.511040 11.811011 46.308632 96.656235 133.397858 101.317230 41.805771 2.628028 19.666285 38.877163 65.726433 85.700363 64.823830 20.495979 -8.831898 28.617714 30.365036 32.742180 34.170151 19.159922 -8.926547 -27.097218,
 -56.332382 -37.345306 -11.592173 21.271358 55.549858 74.832565 69.599510 -40.690060 -13.243855 25.344681 71.398560 102.659409 99.415817 68.170639 -6.711426 36.896309 96.298584 148.705887 157.172211 118.280907 63.245255 38.136162 97.847824 163.027557 193.899338 163.027557 97.847824 38.136162 63.245255 118.280907 157.172211 148.705887 96.298584 36.896309 -6.711426 68.170639 99.415817 102.659409 71.398560 25.344681 -13.243855 -40.690060 69.599510 74.832565 55.549858 21.271358 -11.592173 -37.345306 -56.332382,

Pairwise cross-correlations of the modulus of all oriented sub-bands at the same scale (size QxQ)
 155.267014 111.272461 77.000450 111.409348,
 111.272461 165.702805 120.611725 78.640816,
 77.000450 120.611725 168.502731 115.968353,
 111.409348 78.640816 115.968353 160.622055,
 429.748566 340.712646 287.887787 346.557587,
 340.712646 415.490997 330.132019 304.353577,
 287.887787 330.132019 404.757782 320.868164,
 346.557587 304.353577 320.868164 412.395050,
 625.302551 395.038513 332.791351 442.111084,
 395.038513 433.066895 331.442017 308.156525,
 332.791351 331.442017 429.175507 342.331085,
 442.111084 308.156525 342.331085 519.462524,
 146.182892 68.900940 45.287888 106.334167,
 68.900940 143.238708 80.229828 49.321983,
 45.287888 80.229828 153.945343 106.485840,
 106.334167 49.321983 106.485840 193.899353,

Cross-correlations of the modulus of all oriented sub-bands with all oriented sub-bands at the coarser scale (size QxQ)
 219.121063 181.490417 149.308228 184.894318,
 185.966400 222.665726 190.083038 160.379547,
 157.862946 190.025177 222.207153 186.184494,
 191.155426 160.021500 182.899826 223.142685,
 419.120667 292.186829 270.329865 332.316559,
 355.291931 309.539215 298.067139 298.862701,
 315.827393 283.009277 301.987122 315.104980,
 378.380127 272.332275 283.002167 360.498932,
 144.976624 136.275177 142.273163 189.139130,
 103.256294 129.782715 113.508133 109.816681,
 90.582092 112.749001 143.029388 140.714874,
 136.102753 93.217682 133.866409 193.496368,

Cross-correlations of the real part of each oriented sub-band with both the real and imaginary part of all phase-doubled oriented sub-bands at the next coarser scale (Q matrices of size 1x2Q, which are computed and stored in a matrix of size Qx2Q)
 75.397614 33.659378 5.056702 36.268723 2.348918 1.194647 0.112583 -0.308038,
 32.314800 84.810669 44.802914 3.823104 1.637074 -1.570575 -3.548558 0.013418,
 3.356626 42.165001 96.522339 38.971554 0.217752 -3.257245 -2.325635 3.472446,
 35.578587 3.865209 42.469425 82.721542 0.786250 -0.469878 2.061699 4.036652,
 -92.014595 -30.019945 -4.960081 -53.552834 16.945204 9.816361 -0.243994 20.761919,
 -36.699654 -80.463867 -45.016129 -5.862433 17.993376 -17.562843 -8.584879 -1.517754,
 -3.169680 -44.847168 -116.150589 -49.521126 -1.260513 -19.842997 -10.823879 8.399164,
 -41.374359 -6.192604 -57.280769 -112.581009 -8.425207 -0.586728 1.697480 37.261196,
 -30.780903 7.539699 -6.282607 -33.928646 22.762287 1.434258 1.454336 -10.996798,
 -5.320762 -10.532117 -23.533680 -0.820685 0.006879 -9.664930 -1.174137 -3.790307,
 -5.712588 -18.363497 -52.929211 -40.096001 0.024766 0.751301 -2.770882 11.829463,
 -30.565556 -2.384962 -28.753716 -91.561836 17.427111 4.156002 2.833902 9.276630,
